training_data_sizes: [0.1, 0.2, 0.3, 0.4, 0.5, 0.6, 0.7, 0.8, 0.9, 1.0]
times: [88.25, 172.3, 261.01, 347.57, 443.18, 515.63, 603.47, 668.62, 766.24, 852.13]
scores: [0.7650078038903931, 0.6312712894480094, 0.6045527062677521, 0.5880715302538423, 0.5872916632876128, 0.5734549807641959, 0.5740866848971633, 0.5661725357045505, 0.5589159744066147, 0.55884698787765]
