training_data_sizes: [0.1, 0.2, 0.3, 0.4, 0.5, 0.6, 0.7, 0.8, 0.9, 1.0]
times: [39.0, 79.0, 117.0, 153.0, 194.0, 236.0, 270.0, 319.0, 355.0, 395.0]
scores: [0.9902413435912051, 0.8818311448421996, 1.0, 0.8639025037509966, 0.9644416930635294, 1.0, 0.924820282548362, 0.9556258179193167, 0.9049379334828689, 0.9434583640720569]
