training_data_sizes: [0.1, 0.2, 0.3, 0.4, 0.5]
times: [72.0, 154.0, 238.0, 319.0, 397.0]
scores: [0.8694935716093857, 0.8048812084764714, 0.7798169170409304, 0.8897281459787599, 0.978633154325236]
