training_data_sizes: [0.1, 0.2, 0.3, 0.4, 0.5, 0.6]
times: [221.76, 440.82, 651.58, 866.89, 1086.86, 1300.51]
scores: [0.7040994670737555, 0.7516864977089929, 0.6869043385279596, 0.8784958208634197, 0.7747844165488686, 0.8230339623103013]
