training_data_sizes: [0.1, 0.2, 0.3, 0.4, 0.5, 0.6, 0.7, 0.8, 0.9, 1.0]
times: [0.23, 0.33, 0.42, 0.53, 0.62, 0.66, 0.73, 0.84, 1.0, 0.99]
scores: [0.3891024885010026, 0.39285882408322736, 0.39395096436744037, 0.3994756865064304, 0.39960614270599537, 0.39174138794030666, 0.4085776488813062, 0.4039874672039754, 0.4122701337858947, 0.39986282578875176]
