training_data_sizes: [0.1, 0.2, 0.3, 0.4, 0.5, 0.6, 0.7, 0.8]
times: [96.83, 175.75, 270.96, 355.34, 444.04, 533.55, 615.48, 705.37]
scores: [0.9085213146535203, 0.8194364345908554, 0.8439476706790114, 0.8609469153992383, 0.980118191116134, 0.9197069914619744, 1.0, 1.0]
