training_data_sizes: [0.1, 0.2, 0.3]
times: [52.0, 116.0, 174.0]
scores: [0.7628514727000999, 0.8360190523703711, 0.952713217761799]
