training_data_sizes: [0.1, 0.2, 0.3, 0.4, 0.5, 0.6]
times: [52.0, 115.0, 174.0, 237.0, 296.0, 353.0]
scores: [0.7221752677959741, 0.608483193858214, 0.7177624606475217, 0.5500789289301437, 0.5221400466711753, 0.5396918241267131]
