training_data_sizes: [0.1, 0.2, 0.3, 0.4, 0.5, 0.6]
times: [207.44, 408.18, 607.99, 805.32, 1009.24, 1200.5]
scores: [0.7732557627954918, 0.8395795715464125, 0.9530018241475595, 0.8476341866374357, 0.8683099731793553, 1.0]
