training_data_sizes: [0.1, 0.2, 0.3, 0.4, 0.5, 0.6, 0.7, 0.8, 0.9]
times: [135.47, 274.61, 404.47, 538.9, 668.41, 804.05, 936.62, 1072.27, 1205.47]
scores: [0.9859135580401673, 0.8858710662258398, 1.0, 0.8671473946800621, 0.9209948489859279, 0.9333507757342827, 1.0, 1.0, 1.0]
