training_data_sizes: [0.1, 0.2, 0.3, 0.4, 0.5, 0.6, 0.7, 0.8, 0.9]
times: [123.83, 253.87, 372.26, 497.99, 613.09, 743.25, 860.58, 979.6, 1106.41]
scores: [0.6148597394562954, 0.6873976343507646, 0.7007308966180745, 0.6780269660470376, 0.7933540257543247, 0.7833366924574887, 0.8965138771918102, 0.956108045983815, 1.0]
