training_data_sizes: [0.1, 0.2, 0.3, 0.4, 0.5]
times: [143.4, 282.47, 422.59, 568.66, 707.13]
scores: [0.7588877744650939, 0.7127183048865214, 0.6913024326731962, 0.7125983889748978, 0.6294990828607507]
