training_data_sizes: [0.1, 0.2, 0.3, 0.4, 0.5, 0.6, 0.7]
times: [53.0, 118.0, 173.0, 231.0, 297.0, 353.0, 412.0]
scores: [0.8148443665381977, 0.8780204757028963, 0.9483206788756668, 0.8333262277546881, 1.0, 0.9599831434439317, 1.0]
