training_data_sizes: [0.1, 0.2, 0.3, 0.4, 0.5]
times: [22.0, 52.0, 82.0, 112.0, 147.0]
scores: [0.5448775195586004, 0.6510364221403245, 0.6444244649695059, 0.5322391566496727, 0.6238852140108874]
