training_data_sizes: [0.1, 0.2, 0.3, 0.4]
times: [103.0, 217.0, 321.0, 435.0]
scores: [0.7414950694206168, 0.8126418137427326, 0.9182834310845214, 0.8526763868665874]
