training_data_sizes: [0.1, 0.2, 0.3, 0.4, 0.5, 0.6]
times: [184.27, 346.52, 561.88, 734.26, 886.39, 1088.44]
scores: [0.4755818666043175, 0.3521915964887959, 0.34167667565142296, 0.30039006419659137, 0.3011047434682724, 0.2907166025240244]
