training_data_sizes: [0.1, 0.2, 0.3, 0.4, 0.5, 0.6, 0.7, 0.8, 0.9, 1.0]
times: [127.0, 250.0, 382.0, 510.0, 647.0, 775.0, 902.9999999999999, 1033.0, 1162.0, 1298.0]
scores: [0.9078072782590825, 0.8433038294996147, 1.0, 1.0, 1.0, 1.0, 1.0, 1.0, 1.0, 1.0]
