training_data_sizes: [0.1, 0.2, 0.3, 0.4, 0.5, 0.6, 0.7, 0.8, 0.9]
times: [73.18, 140.75, 201.03, 268.43, 336.8, 400.11, 467.84, 538.63, 607.29]
scores: [0.7207402417767547, 0.7888248229459456, 0.6030612511512932, 0.7030293004389476, 0.7403640242572731, 0.6988304835269596, 0.7005924175626311, 0.7347549181947032, 0.5819545567000164]
