training_data_sizes: [0.1, 0.2, 0.3, 0.4, 0.5]
times: [280.84, 569.58, 846.8, 1127.99, 1401.46]
scores: [0.9588023137036066, 0.9389541372794035, 0.882935226123243, 1.0, 0.9881028717562996]
