training_data_sizes: [0.1, 0.2, 0.3, 0.4, 0.5, 0.6, 0.7]
times: [181.06, 350.31, 514.43, 694.85, 858.46, 1033.65, 1205.23]
scores: [0.9161096042928576, 0.9002688443530233, 0.8628885647510063, 0.8259013758049718, 0.8990126395697146, 0.8623206783350634, 1.0]
