training_data_sizes: [0.1, 0.2, 0.3, 0.4]
times: [258.38, 507.82, 751.13, 1002.41]
scores: [0.9467032165120195, 0.9052955200674899, 0.9600933699956423, 0.9109426697439647]
