training_data_sizes: [0.1, 0.2, 0.3, 0.4, 0.5]
times: [56.0, 114.0, 176.0, 236.0, 295.0]
scores: [0.878403861667062, 0.9955424963764623, 0.9865016890298619, 0.893017164599672, 0.9271257061159013]
