training_data_sizes: [0.1, 0.2, 0.3, 0.4]
times: [16.0, 37.0, 54.0, 73.0]
scores: [0.9701952225415988, 1.0, 0.9960487251288521, 0.9941223005155573]
