training_data_sizes: [0.1, 0.2, 0.3, 0.4, 0.5, 0.6, 0.7, 0.8, 0.9, 1.0]
times: [76.03, 147.23, 216.46, 287.32, 355.59, 424.46, 495.01, 567.66, 638.91, 709.3]
scores: [0.8414559902153276, 0.7700885028608291, 0.7662769304707875, 0.8416655273317315, 0.7952387691158724, 0.8193521026155977, 0.6991549718560474, 0.6745012451754755, 0.8318310408540053, 0.6988514349647343]
