training_data_sizes: [0.1, 0.2]
times: [502.98, 1006.23]
scores: [0.6497381049195279, 0.7382152562807647]
