training_data_sizes: [0.1, 0.2, 0.3]
times: [302.71, 604.22, 909.96]
scores: [0.937897791011481, 0.9439595620829209, 0.9067955453726083]
