training_data_sizes: [0.1, 0.2, 0.3, 0.4, 0.5, 0.6]
times: [217.99, 437.98, 654.16, 875.26, 1085.05, 1306.94]
scores: [0.6581741755716389, 0.6667098868171134, 0.7374488787507635, 0.7068182131533092, 0.8946113477461497, 0.8213211037104513]
