training_data_sizes: [0.1, 0.2, 0.3, 0.4, 0.5, 0.6, 0.7]
times: [118.13, 237.13, 348.59, 464.51, 575.88, 694.05, 809.94]
scores: [0.7754469218135349, 0.7943341556983659, 0.89168779113748, 0.9397986851401385, 0.9670535962829586, 0.8581453097604592, 0.9057063881620852]
