training_data_sizes: [0.1, 0.2, 0.3, 0.4, 0.5, 0.6, 0.7, 0.8]
times: [151.77, 302.26, 450.49, 601.95, 751.9, 908.03, 1057.62, 1206.66]
scores: [1.0, 0.8851353896127341, 0.9634942671532639, 0.9878906431312937, 1.0, 1.0, 1.0, 1.0]
