training_data_sizes: [0.1, 0.2, 0.3, 0.4, 0.5, 0.6, 0.7, 0.8, 0.9]
times: [145.9, 292.12, 441.58, 585.86, 724.84, 873.02, 1016.36, 1165.36, 1307.5]
scores: [0.5001059834809428, 0.5957931451094053, 0.5070607097606994, 0.5556386247811806, 0.49315252402094234, 0.47055017055067655, 0.5739800064666719, 0.5237637638590844, 0.5019502904156945]
