training_data_sizes: [0.1, 0.2, 0.3, 0.4, 0.5, 0.6, 0.7, 0.8, 0.9]
times: [92.06, 183.24, 274.71, 360.71, 446.64, 543.04, 627.31, 711.73, 803.89]
scores: [0.8887243099281392, 0.8386723806430223, 0.9819262304345248, 0.9838203833182599, 1.0, 1.0, 1.0, 1.0, 1.0]
