training_data_sizes: [0.1, 0.2, 0.3, 0.4, 0.5, 0.6, 0.7, 0.8, 0.9, 1.0]
times: [135.36, 264.75, 397.68, 527.85, 652.96, 786.38, 913.01, 1043.41, 1176.52, 1308.02]
scores: [0.9643105371724874, 0.9169216998276957, 0.9658492105634184, 0.8867980677519532, 0.9507135577627037, 1.0, 1.0, 1.0, 1.0, 1.0]
