training_data_sizes: [0.1, 0.2, 0.3, 0.4]
times: [65.18, 302.27, 628.29, 1025.34]
scores: [0.733025105907776, 0.7622869766809443, 0.7876529876496587, 0.8013192656755583]
