training_data_sizes: [0.1, 0.2, 0.3, 0.4, 0.5]
times: [128.0, 255.0, 386.0, 510.0, 649.0]
scores: [0.7047676342066943, 0.6420992554987216, 0.6643611026300222, 0.6054692910760187, 0.6042525104295211]
