training_data_sizes: [0.1, 0.2, 0.3, 0.4, 0.5, 0.6, 0.7, 0.8, 0.9, 1.0]
times: [31.0, 79.0, 118.0, 154.0, 193.0, 231.0, 273.0, 313.0, 359.0, 397.0]
scores: [0.8753783961956025, 1.0, 1.0, 0.916003559350726, 1.0, 1.0, 1.0, 0.9989361034906687, 0.996005432561395, 1.0]
