training_data_sizes: [0.1, 0.2, 0.3, 0.4, 0.5]
times: [189.95, 362.62, 549.89, 723.62, 908.64]
scores: [0.7423254764907375, 0.8079620252644348, 0.8022010344893773, 0.9191636771868306, 0.9541115687234236]
