training_data_sizes: [0.1, 0.2, 0.3, 0.4, 0.5, 0.6, 0.7, 0.8, 0.9, 1.0]
times: [107.0, 216.0, 328.0, 431.0, 545.0, 659.0, 765.0, 874.0, 980.0, 1099.0]
scores: [0.7069676232255913, 0.7975345016360684, 0.7197180302550372, 0.7858092682521876, 0.8045231473963119, 0.8994833452184543, 0.779146289800818, 0.7682350035117211, 0.8002750015760884, 0.8477129978451337]
