training_data_sizes: [0.1, 0.2, 0.3]
times: [337.5, 673.51, 1001.31]
scores: [0.8130362886659692, 0.8113148213190295, 0.9249744085074947]
