training_data_sizes: [0.1, 0.2, 0.3, 0.4, 0.5, 0.6, 0.7]
times: [176.09, 352.06, 519.27, 693.61, 866.43, 1033.66, 1208.48]
scores: [0.6737052471009733, 0.7686215684441546, 0.7585244143536749, 0.8126810831840474, 0.9971393151265631, 1.0, 1.0]
