training_data_sizes: [0.1, 0.2, 0.3, 0.4, 0.5, 0.6, 0.7, 0.8, 0.9, 1.0]
times: [0.76, 1.13, 1.77, 1.9, 2.15, 2.65, 3.18, 3.11, 3.5, 3.65]
scores: [0.7153751537515376, 0.673199961802903, 0.663775862695902, 0.6548293397616634, 0.6412029668647774, 0.6172342700986451, 0.6118139140516945, 0.5953071335114211, 0.5972374110402612, 0.584717607973422]
