training_data_sizes: [0.1, 0.2, 0.3]
times: [100.0, 213.0, 320.0]
scores: [0.9176987559824317, 0.870220303169671, 0.8331109062338495]
