training_data_sizes: [0.1, 0.2, 0.3, 0.4, 0.5, 0.6, 0.7, 0.8, 0.9, 1.0]
times: [243.61, 161.68, 198.34, 350.76, 357.24, 459.39, 533.64, 670.42, 794.33, 740.07]
scores: [0.9942140842083026, 0.9847880793547203, 0.9816968814584688, 0.9911634935280279, 0.9873576337570228, 0.9887648999500231, 0.9815552052058092, 0.9908811428889797, 0.984680547722725, 0.9809513654543286]
