training_data_sizes: [0.1, 0.2, 0.3, 0.4, 0.5, 0.6, 0.7]
times: [78.0, 155.0, 236.0, 310.0, 396.0, 479.0, 550.0]
scores: [0.9485906783592072, 0.8815630984371855, 1.0, 0.9566406420463569, 1.0, 1.0, 0.9488157105859574]
