training_data_sizes: [0.1, 0.2, 0.3, 0.4, 0.5, 0.6, 0.7, 0.8]
times: [153.61, 301.47, 459.97, 606.37, 753.24, 905.72, 1054.87, 1204.22]
scores: [0.837113128982347, 0.9279743139876693, 0.8209401056685068, 0.9446869495528858, 0.9831301425575456, 0.9100500769855979, 0.9121822668648083, 0.9412647597912728]
