training_data_sizes: [0.1, 0.2, 0.3, 0.4, 0.5, 0.6, 0.7, 0.8, 0.9]
times: [19.0, 33.0, 54.0, 74.0, 91.0, 119.0, 133.0, 153.0, 170.0]
scores: [0.8080103588412639, 0.9154948138732821, 0.9336137020623079, 1.0, 1.0, 1.0, 1.0, 1.0, 1.0]
