training_data_sizes: [0.1, 0.2, 0.3, 0.4, 0.5, 0.6, 0.7, 0.8, 0.9]
times: [23.0, 53.0, 88.0, 115.0, 146.0, 178.0, 203.0, 232.0, 267.0]
scores: [0.9475871329546137, 0.9602526025330516, 0.9728512751803216, 1.0, 0.9818339173341954, 1.0, 0.9537284642335355, 0.9557647266626147, 0.9649838136437097]
