training_data_sizes: [0.1, 0.2, 0.3, 0.4, 0.5, 0.6, 0.7, 0.8, 0.9, 1.0]
times: [9.05, 12.61, 17.57, 20.8, 26.03, 27.84, 32.67, 33.9, 36.43, 41.31]
scores: [0.7686758042777055, 0.7684256358639371, 0.7848001956194586, 0.7763667702139272, 0.7810869364027097, 0.7811674482538025, 0.7927867050573174, 0.7923733933369954, 0.7933281425091848, 0.793302318506217]
