training_data_sizes: [0.1, 0.2, 0.3, 0.4, 0.5, 0.6, 0.7, 0.8]
times: [60.0, 135.0, 205.0, 279.0, 345.0, 416.0, 484.99999999999994, 556.0]
scores: [0.8161121042846878, 0.9135755385308504, 0.8648150092840321, 0.9211111943207406, 1.0, 0.8994252168003227, 0.9352455635802982, 1.0]
