training_data_sizes: [0.1, 0.2, 0.3, 0.4, 0.5, 0.6, 0.7, 0.8, 0.9, 1.0]
times: [51.0, 110.0, 177.0, 233.0, 294.0, 350.0, 419.0, 476.0, 533.0, 591.0]
scores: [0.9400036456962082, 0.8550357487821085, 0.8886655816834428, 0.9114189853368684, 1.0, 0.9993581115640247, 1.0, 0.9761006688687306, 1.0, 1.0]
