training_data_sizes: [0.1, 0.2, 0.3, 0.4, 0.5]
times: [160.41, 327.6, 486.47, 648.85, 800.69]
scores: [0.749421036860823, 0.7334281325984054, 0.8265403902051602, 0.8885457501415966, 0.8735931432819388]
