training_data_sizes: [0.1, 0.2, 0.3, 0.4, 0.5]
times: [281.82, 568.74, 848.24, 1129.25, 1401.25]
scores: [0.8011531449686742, 0.9526525545764515, 1.0, 0.9621995550049721, 1.0]
