training_data_sizes: [0.1, 0.2]
times: [75.0, 152.0]
scores: [0.8727426264512126, 0.7859099145838568]
