training_data_sizes: [0.1, 0.2, 0.3, 0.4, 0.5, 0.6, 0.7, 0.8, 0.9, 1.0]
times: [1.05, 1.37, 2.78, 3.69, 5.38, 7.06, 7.28, 8.17, 15.49, 16.11]
scores: [0.9994271708525562, 0.9996935833613688, 0.9995399952428244, 0.9996179559395312, 0.9996958196148218, 0.999696335178993, 0.9996496590707632, 0.9997010578905676, 0.9996529584963653, 0.9996904335425405]
