training_data_sizes: [0.1, 0.2]
times: [353.19, 701.05]
scores: [0.7200377164584335, 0.7106722228314132]
