training_data_sizes: [0.1, 0.2, 0.3, 0.4]
times: [92.0, 190.0, 294.0, 397.0]
scores: [0.8208525911693924, 0.8213382269808651, 0.8205896728683275, 0.8356892773539402]
