training_data_sizes: [0.1, 0.2, 0.3, 0.4, 0.5, 0.6]
times: [201.83, 406.95, 601.72, 805.21, 1006.1, 1208.46]
scores: [0.5822943189890387, 0.5141840832363173, 0.601489739000987, 0.5197320650097941, 0.7099165466381414, 0.8044713640287456]
