training_data_sizes: [0.1, 0.2, 0.3, 0.4]
times: [101.0, 214.0, 322.0, 432.0]
scores: [0.85420972554153, 0.9206952299138226, 0.9176348339629392, 0.9969724069757364]
