training_data_sizes: [0.1, 0.2, 0.3, 0.4, 0.5]
times: [207.05, 409.18, 603.58, 801.77, 1008.74]
scores: [0.8484999352761518, 0.8941306345609529, 0.9135958472091066, 0.9083612479494625, 1.0]
