training_data_sizes: [0.1, 0.2, 0.3, 0.4, 0.5, 0.6, 0.7]
times: [42.0, 92.0, 146.0, 192.0, 247.0, 291.0, 347.0]
scores: [0.9895878209036617, 0.9488649739227932, 1.0, 0.9379707601747979, 1.0, 1.0, 1.0]
