training_data_sizes: [0.1, 0.2, 0.3, 0.4]
times: [358.72, 704.42, 1057.92, 1404.34]
scores: [0.7810573832012081, 0.7000889046978522, 0.76220049823068, 0.8297647538013084]
