training_data_sizes: [0.1, 0.2, 0.3, 0.4]
times: [132.0, 273.0, 416.0, 559.0]
scores: [0.8451609357506727, 0.9257713637281076, 0.935487451325614, 0.9019379572735066]
