training_data_sizes: [0.1, 0.2, 0.3]
times: [234.56, 467.31, 701.1]
scores: [0.6813216056509585, 0.7520008942074192, 0.7582867919583673]
