training_data_sizes: [0.1, 0.2, 0.3, 0.4, 0.5]
times: [88.0, 172.0, 264.0, 350.0, 446.0]
scores: [0.7044721698573275, 0.6547062967445516, 0.7130606650097067, 0.8184562721027147, 0.870820592938113]
