training_data_sizes: [0.1, 0.2]
times: [558.76, 1108.37]
scores: [0.896443638777203, 0.8774269630332059]
