training_data_sizes: [0.1, 0.2, 0.3, 0.4]
times: [226.02, 456.81, 682.56, 905.43]
scores: [0.7681764810618252, 0.8525423074631489, 0.8568519439075586, 0.8129937982171555]
