training_data_sizes: [0.1, 0.2, 0.3, 0.4, 0.5, 0.6, 0.7, 0.8, 0.9, 1.0]
times: [110.69, 228.27, 334.98, 443.63, 559.5, 660.46, 775.29, 886.1, 998.35, 1109.18]
scores: [0.8707012311470743, 0.9857679668954038, 0.9889086784450524, 0.9039701570946541, 0.910274687307655, 0.9464314122103517, 0.8217515312039765, 0.840238574081641, 0.9459752888139423, 0.9706382170818808]
