training_data_sizes: [0.1, 0.2, 0.3]
times: [474.96, 937.98, 1402.77]
scores: [0.6217946783139607, 0.68563924081409, 0.7240797512993635]
