training_data_sizes: [0.1, 0.2, 0.3, 0.4, 0.5, 0.6]
times: [200.86, 401.26, 605.75, 807.61, 1009.68, 1208.51]
scores: [0.5855333007346648, 0.5108121017366489, 0.652953443151121, 0.6706966654090528, 0.5174941635617172, 0.5671608250791509]
