training_data_sizes: [0.1, 0.2]
times: [28.0, 59.0]
scores: [0.5199368127364017, 0.521869184573724]
