training_data_sizes: [0.1, 0.2, 0.3, 0.4, 0.5, 0.6]
times: [171.74, 336.44, 504.58, 672.1, 834.57, 1006.49]
scores: [0.4979604307866967, 0.6328448928555365, 0.6697534626392745, 0.7217777938125055, 0.7405491628049106, 0.7617793125435229]
