training_data_sizes: [0.1, 0.2, 0.3, 0.4, 0.5]
times: [148.45, 286.74, 425.88, 563.46, 708.73]
scores: [0.9957061422747169, 0.960949165807232, 0.9356648586933781, 1.0, 1.0]
