training_data_sizes: [0.1, 0.2, 0.3, 0.4]
times: [113.0, 230.0, 358.0, 479.0]
scores: [0.8561018037586456, 0.9389267979022407, 0.9026877176624151, 0.8257358628903686]
