training_data_sizes: [0.1, 0.2, 0.3, 0.4, 0.5, 0.6, 0.7, 0.8, 0.9]
times: [33.0, 72.0, 113.0, 153.0, 196.0, 239.0, 278.0, 315.0, 358.0]
scores: [0.7234915377900573, 0.6827338571366943, 0.7068837075231078, 0.8403052719436996, 0.8221899880595542, 1.0, 1.0, 1.0, 1.0]
