training_data_sizes: [0.1, 0.2, 0.3, 0.4, 0.5, 0.6, 0.7, 0.8, 0.9]
times: [149.95, 293.05, 440.68, 578.19, 725.72, 867.45, 1018.83, 1163.79, 1301.58]
scores: [0.9822040063859838, 0.9458737615829642, 0.995493470868106, 0.908082966108415, 0.8453495063697706, 0.9250223360111927, 0.9805471817453999, 0.8721319567522006, 1.0]
