training_data_sizes: [0.1, 0.2, 0.3]
times: [38.0, 75.0, 116.0]
scores: [0.8880291074673269, 0.9162999591203378, 0.762059112043889]
