training_data_sizes: [0.1, 0.2]
times: [110.0, 236.0]
scores: [0.6446651815500233, 0.6527592171351853]
