training_data_sizes: [0.1, 0.2, 0.3, 0.4, 0.5, 0.6, 0.7, 0.8, 0.9]
times: [27.0, 58.0, 85.0, 119.0, 147.0, 179.0, 203.0, 239.0, 266.0]
scores: [0.766980720324941, 0.8110578157076245, 0.7954364474669393, 0.9636890818673955, 0.9332738082192569, 0.9143648808140677, 0.9518853690852467, 1.0, 0.9414129784520848]
