training_data_sizes: [0.1, 0.2, 0.3, 0.4, 0.5, 0.6, 0.7]
times: [63.0, 136.0, 202.0, 276.0, 346.0, 417.0, 483.99999999999994]
scores: [0.7236128978583664, 0.7471384307230915, 0.7262488399916265, 0.6778297916563992, 0.7243890254706867, 0.6928260992921482, 0.6391719552108425]
