training_data_sizes: [0.1, 0.2, 0.3, 0.4, 0.5, 0.6, 0.7]
times: [17.0, 34.0, 58.0, 73.0, 92.0, 110.0, 135.0]
scores: [0.8805631320300036, 0.9466408683866856, 1.0, 1.0, 0.9259520944545957, 0.9460210097286612, 1.0]
