training_data_sizes: [0.1, 0.2, 0.3, 0.4, 0.5, 0.6]
times: [124.88, 239.43, 350.86, 470.97, 588.42, 704.36]
scores: [0.7560266143761615, 0.8497215418473593, 0.9309130410256143, 0.8887880987385484, 0.8789279893959709, 0.9116947339084878]
