training_data_sizes: [0.1, 0.2, 0.3, 0.4, 0.5]
times: [41.0, 92.0, 144.0, 195.0, 243.0]
scores: [0.7270993468342817, 0.7604559287634021, 0.7171028991971362, 0.8324550394973897, 0.781211048280093]
