training_data_sizes: [0.1, 0.2, 0.3, 0.4, 0.5]
times: [24.0, 56.0, 85.0, 111.0, 140.0]
scores: [0.932391055895664, 1.0, 0.9655319597273834, 0.9700541594751246, 0.9485605259600903]
