training_data_sizes: [0.1, 0.2, 0.3, 0.4, 0.5, 0.6, 0.7, 0.8]
times: [134.45, 253.37, 383.98, 506.51, 634.63, 751.95, 876.81, 1008.05]
scores: [0.9340778112856802, 0.9172481631289123, 0.9007153308834397, 0.9444958853026835, 1.0, 1.0, 1.0, 1.0]
