training_data_sizes: [0.1, 0.2, 0.3, 0.4, 0.5, 0.6]
times: [192.75, 372.95, 558.02, 737.3, 918.94, 1100.86]
scores: [0.8786300832945553, 0.9706007030516768, 0.9648110052946824, 1.0, 0.9406300661364133, 0.94893605611022]
