training_data_sizes: [0.1, 0.2, 0.3, 0.4, 0.5, 0.6, 0.7, 0.8, 0.9, 1.0]
times: [1.0, 14.0, 27.0, 30.0, 42.0, 53.0, 60.0, 79.0, 87.0, 92.0]
scores: [0.7785861709446391, 0.9254575444958402, 1.0, 0.9175328168551388, 0.9667887289739104, 1.0, 1.0, 1.0, 1.0, 1.0]
