training_data_sizes: [0.1, 0.2, 0.3, 0.4, 0.5, 0.6, 0.7]
times: [162.56, 317.23, 476.3, 637.16, 790.99, 952.12, 1101.27]
scores: [0.9484881920833208, 0.876401174688133, 1.0, 1.0, 0.9822358525487118, 1.0, 1.0]
