training_data_sizes: [0.1, 0.2, 0.3, 0.4]
times: [178.7, 358.47, 531.79, 708.97]
scores: [0.8806453805002932, 0.9618940981260838, 0.8642487582291433, 1.0]
