training_data_sizes: [0.1, 0.2, 0.3, 0.4, 0.5, 0.6, 0.7, 0.8, 0.9]
times: [148.32, 293.4, 434.77, 578.82, 730.4, 872.16, 1020.86, 1159.26, 1306.37]
scores: [0.5666955995011859, 0.6372797439498088, 0.6523263663184338, 0.6241215426510999, 0.647348324965098, 0.6624049604915917, 0.5837531404030053, 0.564673997097545, 0.46608140087656597]
