training_data_sizes: [0.1, 0.2, 0.3, 0.4, 0.5, 0.6, 0.7, 0.8, 0.9, 1.0]
times: [21.97, 46.28, 67.43, 90.13, 118.94, 137.53, 157.79, 183.2, 205.57, 220.81]
scores: [0.04049020777410385, 0.05351141060589079, 0.06030903250688612, 0.0690734552454495, 0.07479436223865739, 0.07994522734646013, 0.08509887980612311, 0.08976872126536899, 0.09368897509479618, 0.0974051146367874]
