training_data_sizes: [0.1, 0.2, 0.3, 0.4]
times: [254.05, 502.4, 752.09, 1005.68]
scores: [0.731439120000688, 0.811249771800645, 0.8373686235367204, 0.8156808345716247]
