training_data_sizes: [0.1, 0.2, 0.3, 0.4, 0.5]
times: [24.0, 53.0, 88.0, 111.0, 141.0]
scores: [0.8688062792254102, 0.8558072905132406, 0.9686984677194188, 0.8855296046838823, 0.8870486980023469]
