training_data_sizes: [0.1, 0.2]
times: [305.76, 603.94]
scores: [0.8444702364959711, 0.8803232542893706]
