training_data_sizes: [0.1, 0.2, 0.3, 0.4, 0.5]
times: [50.0, 116.0, 177.0, 237.0, 297.0]
scores: [0.8784830672483896, 0.9770837494010917, 0.9316032372889496, 0.8273402045058078, 0.9829807484767807]
