training_data_sizes: [0.1, 0.2, 0.3, 0.4, 0.5, 0.6]
times: [169.43, 340.88, 505.0, 675.09, 839.29, 1009.49]
scores: [0.8878642627956694, 0.9438792022716425, 0.9222192917747025, 1.0, 0.9060281706951655, 1.0]
