training_data_sizes: [0.1, 0.2, 0.3, 0.4, 0.5, 0.6, 0.7, 0.8, 0.9]
times: [142.29, 276.63, 407.92, 540.73, 671.71, 801.28, 938.26, 1067.04, 1209.76]
scores: [0.7909101355472425, 0.7884162939754118, 0.7284139538236754, 0.7591151308712418, 0.7526915327054978, 0.7362942193900969, 0.7198661862612952, 0.7445236177761021, 0.7398762612504836]
