training_data_sizes: [0.1, 0.2]
times: [26.0, 55.0]
scores: [0.44647508027753596, 0.4326948823256437]
