training_data_sizes: [0.1, 0.2, 0.3, 0.4, 0.5]
times: [248.67, 485.76, 726.99, 964.57, 1202.12]
scores: [0.82964522915868, 0.9719579209114594, 0.8705160044030806, 1.0, 0.9415896233023391]
