training_data_sizes: [0.1, 0.2, 0.3, 0.4, 0.5, 0.6, 0.7, 0.8]
times: [133.0, 274.0, 419.0, 553.0, 694.0, 832.0, 976.9999999999999, 1113.0]
scores: [1.0, 0.924354177687687, 0.9346932125450552, 1.0, 1.0, 1.0, 1.0, 1.0]
