training_data_sizes: [0.1, 0.2, 0.3, 0.4, 0.5, 0.6, 0.7, 0.8, 0.9, 1.0]
times: [68.81, 124.39, 186.21, 244.82, 309.27, 363.63, 420.96, 483.9, 549.76, 606.08]
scores: [0.6726466773750372, 0.6025893486086173, 0.6612819751833721, 0.8093989369964162, 0.7225289629698083, 0.9520015705756318, 1.0, 1.0, 1.0, 1.0]
