training_data_sizes: [0.1, 0.2, 0.3, 0.4, 0.5, 0.6, 0.7, 0.8, 0.9, 1.0]
times: [30.0, 75.0, 116.0, 154.0, 194.0, 237.0, 275.0, 316.0, 355.0, 399.0]
scores: [0.9645340557341906, 1.0, 1.0, 1.0, 0.9104567655811808, 1.0, 0.9352838760822073, 0.9904331088098963, 1.0, 0.9031698083667221]
