training_data_sizes: [0.1, 0.2, 0.3, 0.4]
times: [127.0, 253.0, 387.0, 515.0]
scores: [0.6724694701055964, 0.5917606968990267, 0.499147576508593, 0.6175329961887946]
