training_data_sizes: [0.1, 0.2, 0.3, 0.4, 0.5, 0.6, 0.7, 0.8, 0.9]
times: [78.44, 164.82, 242.62, 312.73, 398.13, 474.7, 554.39, 624.71, 709.45]
scores: [0.8860389556661127, 0.8477656770344959, 0.7689282824189814, 0.7909923314774854, 0.9316348035523163, 0.8166599823211695, 0.879567259120853, 0.8823062410070772, 0.9721900646411199]
