training_data_sizes: [0.1, 0.2, 0.3, 0.4, 0.5, 0.6, 0.7, 0.8, 0.9]
times: [56.0, 110.0, 176.0, 239.0, 292.0, 355.0, 419.0, 476.0, 531.0]
scores: [0.8684791690840117, 0.8209760700111592, 0.9428195358937501, 0.8469835844717057, 0.9989055634350497, 0.9785066894414711, 0.9346137471013696, 1.0, 0.9831949875307503]
