training_data_sizes: [0.1, 0.2, 0.3, 0.4, 0.5, 0.6, 0.7, 0.8]
times: [143.18, 283.96, 414.8, 556.36, 688.75, 828.7, 965.65, 1108.98]
scores: [0.9264496818198529, 0.9513994933937118, 0.9693772071603708, 0.9544089893369869, 1.0, 1.0, 1.0, 1.0]
