training_data_sizes: [0.1, 0.2, 0.3, 0.4]
times: [350.29, 709.5, 1055.22, 1405.91]
scores: [0.7408969484282615, 0.7522166546116404, 0.8913176586078112, 0.8072530953376507]
