training_data_sizes: [0.1, 0.2, 0.3, 0.4, 0.5]
times: [281.87, 564.26, 844.21, 1126.85, 1408.01]
scores: [0.5775615219935452, 0.6395628431583155, 0.5758004216722712, 0.6105463074589443, 0.7183573495818982]
