training_data_sizes: [0.1, 0.2]
times: [31.0, 77.0]
scores: [0.7161029379971281, 0.7867322058121113]
