training_data_sizes: [0.1, 0.2, 0.3, 0.4, 0.5, 0.6, 0.7, 0.8]
times: [66.0, 137.0, 202.0, 271.0, 346.0, 417.0, 480.99999999999994, 550.0]
scores: [0.7554928874803107, 0.8418387441736945, 0.8919544031912883, 0.8871850311944725, 0.9335441496985969, 0.9716297021639619, 1.0, 1.0]
