training_data_sizes: [0.1, 0.2, 0.3, 0.4, 0.5, 0.6, 0.7]
times: [82.0, 177.0, 268.0, 354.0, 443.0, 532.0, 628.0]
scores: [0.7545001092403181, 0.7725829838573117, 0.9331001123018146, 1.0, 1.0, 0.9490117587385334, 1.0]
