training_data_sizes: [0.1, 0.2, 0.3, 0.4, 0.5, 0.6, 0.7, 0.8, 0.9]
times: [137.59, 268.59, 401.59, 534.12, 674.89, 804.4, 935.13, 1074.81, 1207.94]
scores: [0.7973234335332395, 0.7541680257256573, 0.9380283439998843, 0.976998245550871, 0.8592512176364284, 0.9067594879036958, 0.899426616535477, 0.934328981543982, 0.9774968321938482]
