training_data_sizes: [0.1, 0.2, 0.3, 0.4, 0.5, 0.6, 0.7]
times: [106.14, 205.11, 308.87, 405.12, 502.44, 608.26, 704.76]
scores: [0.6570669367835144, 0.6094727082873705, 0.5684132913711644, 0.7266876402614123, 0.8292031040045824, 0.7301361413464305, 0.8459200237189302]
