training_data_sizes: [0.1, 0.2, 0.3, 0.4, 0.5, 0.6]
times: [45.0, 98.0, 146.0, 192.0, 248.0, 298.0]
scores: [0.6507645156193901, 0.7303341788822593, 0.7145233942212994, 0.6996469975598203, 0.7749727736387536, 0.8886869759797096]
