training_data_sizes: [0.1, 0.2, 0.3, 0.4, 0.5, 0.6, 0.7, 0.8, 0.9, 1.0]
times: [143.43, 288.16, 422.84, 569.85, 705.68, 842.73, 982.0, 1124.48, 1263.24, 1405.71]
scores: [0.8088449775847466, 0.8745143793623087, 0.7691791019732557, 0.9327829466291002, 0.9169651331311985, 1.0, 1.0, 1.0, 1.0, 1.0]
