training_data_sizes: [0.1, 0.2, 0.3, 0.4, 0.5, 0.6, 0.7, 0.8, 0.9, 1.0]
times: [64.54, 123.39, 184.91, 247.44, 301.41, 366.84, 421.14, 483.79, 541.95, 607.66]
scores: [0.5765266236506363, 0.502992161041096, 0.5575519093088243, 0.57941686215788, 0.5564354439562583, 0.4820381885091734, 0.4559836447470005, 0.5506982155558455, 0.49288396484397934, 0.6019607854311206]
