training_data_sizes: [0.1, 0.2, 0.3, 0.4, 0.5, 0.6, 0.7, 0.8, 0.9, 1.0]
times: [106.66, 205.32, 301.3, 402.19, 509.38, 607.5, 704.61, 805.42, 906.86, 1002.57]
scores: [0.7654882318788716, 0.8269188970854505, 0.8113914848358903, 0.967115591465576, 0.9768835003828038, 0.9050313232591305, 1.0, 1.0, 1.0, 1.0]
