training_data_sizes: [0.1, 0.2, 0.3, 0.4, 0.5, 0.6, 0.7, 0.8, 0.9]
times: [58.0, 119.0, 174.0, 238.0, 295.0, 350.0, 419.0, 474.0, 539.0]
scores: [0.4455392624378534, 0.5573767770376603, 0.5108882333340427, 0.5888760923103853, 0.596143307905975, 0.6156322702233585, 0.7004774845330326, 0.8796405845009649, 0.8640295899766388]
