training_data_sizes: [0.1, 0.2, 0.3, 0.4, 0.5, 0.6, 0.7]
times: [145.0, 291.47, 433.14, 579.67, 718.04, 859.68, 1002.03]
scores: [0.7760916248213197, 0.720777925370437, 0.8552145006639666, 0.8708310366688967, 0.7705510678027299, 0.7502104885267419, 0.8697593568661917]
