training_data_sizes: [0.1, 0.2, 0.3, 0.4, 0.5, 0.6, 0.7, 0.8, 0.9]
times: [100.94, 204.52, 302.94, 403.85, 503.22, 607.32, 704.85, 803.53, 908.27]
scores: [0.7481083030851425, 0.8077266481632799, 0.771198792741077, 0.9769244225166499, 0.8237791159302992, 0.8636873163971788, 0.8813177809792269, 1.0, 0.9459406445600079]
