training_data_sizes: [0.1, 0.2]
times: [43.0, 99.0]
scores: [0.8512642461254702, 0.9008279066045827]
