training_data_sizes: [0.1, 0.2, 0.3, 0.4, 0.5, 0.6, 0.7, 0.8, 0.9]
times: [101.0, 218.0, 325.0, 436.0, 542.0, 652.0, 765.0, 875.0, 982.0]
scores: [0.8296893468731071, 0.9364680678251105, 0.9779557140664223, 1.0, 1.0, 1.0, 0.9792546114743372, 1.0, 1.0]
