training_data_sizes: [0.1, 0.2, 0.3, 0.4, 0.5, 0.6, 0.7, 0.8]
times: [139.3, 281.51, 421.89, 556.53, 692.84, 833.21, 971.06, 1106.92]
scores: [0.8638417974847395, 0.7999680530934117, 0.8701169214795841, 0.862884991802036, 0.7776897652367512, 0.8808218914940762, 0.8492630190532775, 0.9009989556138176]
