training_data_sizes: [0.1, 0.2, 0.3, 0.4, 0.5, 0.6, 0.7, 0.8, 0.9]
times: [88.0, 177.0, 263.0, 357.0, 448.0, 531.0, 623.0, 715.0, 801.0]
scores: [0.840314387461915, 0.8960439803285405, 0.9096144596728162, 0.968746784444459, 1.0, 1.0, 1.0, 0.9678238352999605, 1.0]
