training_data_sizes: [0.1, 0.2, 0.3, 0.4, 0.5]
times: [78.0, 156.0, 233.0, 312.0, 391.0]
scores: [0.8423697613139443, 0.9995272432606914, 0.9161735982018582, 0.9539021052467227, 1.0]
