training_data_sizes: [0.1, 0.2, 0.3, 0.4, 0.5, 0.6, 0.7, 0.8, 0.9]
times: [27.0, 51.0, 82.0, 112.0, 145.0, 178.0, 205.0, 230.0, 262.0]
scores: [0.7244569788444578, 0.7050947677080974, 0.7002267163863807, 0.7862503424855509, 0.8811516705996345, 0.9408151827301188, 0.9448693694510792, 0.9996182040350183, 0.8842291054218379]
