training_data_sizes: [0.1, 0.2, 0.3, 0.4, 0.5, 0.6, 0.7, 0.8]
times: [94.0, 190.0, 292.0, 394.0, 490.0, 594.0, 692.0, 791.0]
scores: [0.6069098501547934, 0.5254738688665909, 0.45899289210357586, 0.5324590113251817, 0.5864154748145097, 0.6235326630454344, 0.6900072087317481, 0.7061192642977765]
