training_data_sizes: [0.1, 0.2, 0.3, 0.4, 0.5, 0.6, 0.7, 0.8, 0.9, 1.0]
times: [1.06, 2.12, 2.0, 2.72, 3.6, 4.78, 5.6, 6.33, 7.05, 7.85]
scores: [0.4634017954864851, 0.5129193381970276, 0.6456609468551047, 0.7046399899509245, 0.7319395930700514, 0.745192858655576, 0.741880018659869, 0.7463800365422346, 0.7458961023807683, 0.7482520790038218]
