training_data_sizes: [0.1, 0.2]
times: [402.88, 807.76]
scores: [0.9176621062493882, 0.9464452674583594]
