training_data_sizes: [0.1, 0.2, 0.3, 0.4, 0.5, 0.6, 0.7, 0.8, 0.9, 1.0]
times: [7.15, 13.86, 20.39, 26.71, 31.81, 34.86, 39.34, 43.94, 46.3, 54.53]
scores: [0.7993290444105852, 0.7878874188093508, 0.7916430456365373, 0.7851310747026534, 0.7859875455722956, 0.7857586617059811, 0.7836658845350739, 0.7853851278259267, 0.7882958089495546, 0.784824669515584]
