training_data_sizes: [0.1, 0.2, 0.3, 0.4]
times: [179.75, 354.74, 532.56, 706.63]
scores: [0.8742075314808309, 0.9130762711421405, 0.8560909546455004, 0.9627328062099116]
