training_data_sizes: [0.1, 0.2, 0.3, 0.4, 0.5, 0.6, 0.7, 0.8, 0.9, 1.0]
times: [94.08, 185.9, 274.76, 368.55, 454.16, 547.9, 634.62, 727.0, 814.2, 900.85]
scores: [0.6475360403777117, 0.6418493105207591, 0.6662104488220506, 0.5565078400784849, 0.6012698734232047, 0.6277403679001241, 0.7248101279563334, 0.6688667958941142, 0.6325852009829108, 0.6129132910066118]
