training_data_sizes: [0.1, 0.2, 0.3, 0.4, 0.5, 0.6]
times: [140.5, 271.03, 408.84, 535.3, 674.61, 803.27]
scores: [0.630044487427615, 0.8213200779355387, 0.7096383221594318, 0.8130163971956132, 0.8983825471005964, 1.0]
