training_data_sizes: [0.1, 0.2, 0.3, 0.4, 0.5, 0.6]
times: [57.0, 110.0, 176.0, 238.0, 297.0, 358.0]
scores: [0.8018940271615724, 0.6433339452963952, 0.7836202710839828, 0.6398435677879651, 0.7554691413381333, 0.565087370233264]
