training_data_sizes: [0.1, 0.2, 0.3, 0.4, 0.5, 0.6, 0.7, 0.8, 0.9, 1.0]
times: [5.77, 10.78, 15.51, 20.4, 25.43, 30.4, 35.55, 40.16, 45.76, 49.96]
scores: [0.3337513568177161, 0.19355620869741383, 0.1551400883921721, 0.14830430404586026, 0.13915614476876134, 0.1308431788924056, 0.1312367300748658, 0.12136765837949774, 0.12328548553765652, 0.1210977719838851]
