training_data_sizes: [0.1, 0.2, 0.3, 0.4, 0.5]
times: [116.0, 234.0, 358.0, 475.0, 598.0]
scores: [0.8785382351873505, 0.7949536279586107, 0.9288161841979992, 0.9301366455268653, 0.9704071956312241]
