training_data_sizes: [0.1, 0.2, 0.3, 0.4, 0.5, 0.6, 0.7, 0.8, 0.9]
times: [92.0, 194.0, 298.0, 391.0, 498.0, 590.0, 697.0, 796.0, 899.0]
scores: [0.8570322451299465, 0.971138972904166, 0.8708380925624661, 0.8676454727065328, 0.958839338969745, 0.9354469145636836, 0.9604943906362047, 1.0, 1.0]
