training_data_sizes: [0.1, 0.2, 0.3, 0.4, 0.5, 0.6, 0.7]
times: [146.95, 292.74, 430.14, 578.23, 719.47, 864.29, 1000.34]
scores: [0.8324156450097252, 0.9108988661075288, 0.7699678527126359, 0.8081816504697703, 0.8199822008636385, 0.918743669716495, 0.9934904337001181]
