training_data_sizes: [0.1, 0.2, 0.3, 0.4, 0.5, 0.6, 0.7, 0.8]
times: [51.0, 115.0, 172.0, 239.0, 298.0, 355.0, 412.0, 477.0]
scores: [0.8381939769920043, 0.9035771991091812, 0.939584139542166, 0.8425196927233225, 0.9717283297029017, 0.8509048230445962, 0.9314863879843392, 0.907957759698908]
