training_data_sizes: [0.1, 0.2]
times: [558.38, 1109.58]
scores: [0.8574074111050057, 0.9502098499849274]
