training_data_sizes: [0.1, 0.2]
times: [129.0, 254.0]
scores: [0.6763243780656955, 0.6609381487930419]
