training_data_sizes: [0.1, 0.2, 0.3, 0.4, 0.5, 0.6, 0.7, 0.8]
times: [95.46, 184.49, 270.85, 353.22, 438.77, 532.02, 616.56, 706.5]
scores: [0.9186263191249222, 0.8875136197051381, 0.8622556960311281, 1.0, 0.9869422088627033, 1.0, 0.9723983838927244, 0.9785733684927778]
