training_data_sizes: [0.1, 0.2, 0.3, 0.4, 0.5, 0.6, 0.7]
times: [59.0, 111.0, 176.0, 239.0, 297.0, 358.0, 412.0]
scores: [0.8926000555862417, 0.9551834115198593, 0.9942168008052219, 0.9144996807472254, 1.0, 1.0, 1.0]
