training_data_sizes: [0.1, 0.2, 0.3, 0.4]
times: [256.02, 502.6, 756.7, 1006.4]
scores: [0.8714288450512299, 0.9601121210024325, 0.8663607693719559, 0.9920374765999852]
