training_data_sizes: [0.1, 0.2, 0.3]
times: [468.08, 935.63, 1401.74]
scores: [0.8564854335725764, 0.8558448081463155, 0.9537407572583965]
