training_data_sizes: [0.1, 0.2, 0.3, 0.4, 0.5, 0.6, 0.7, 0.8, 0.9, 1.0]
times: [141.21, 282.79, 423.18, 566.63, 709.02, 840.65, 985.58, 1121.84, 1269.15, 1408.3]
scores: [0.891976632881293, 0.8081388936521239, 0.8591837014874668, 0.8626730294699244, 0.8467142387728437, 0.694176381777379, 0.7612162173345456, 0.8156983689822637, 0.7977121441666745, 0.8225030820251791]
