training_data_sizes: [0.1, 0.2]
times: [653.28, 1305.26]
scores: [0.7334232249470636, 0.7158827632528798]
