training_data_sizes: [0.1, 0.2, 0.3, 0.4, 0.5, 0.6]
times: [201.3, 403.5, 606.15, 802.07, 1006.09, 1209.11]
scores: [0.812640728767442, 0.8577745396487426, 0.8688952641173372, 0.8620090558939564, 0.8765853784582307, 0.8786995204825054]
