training_data_sizes: [0.1, 0.2, 0.3, 0.4, 0.5, 0.6, 0.7, 0.8, 0.9]
times: [45.0, 95.0, 143.0, 192.0, 249.0, 297.0, 345.0, 393.0, 446.0]
scores: [0.9743433330485596, 0.8585406795972639, 0.9893781893398143, 0.942488892216587, 1.0, 1.0, 1.0, 1.0, 0.9771748994604543]
