training_data_sizes: [0.1, 0.2, 0.3, 0.4, 0.5, 0.6, 0.7, 0.8, 0.9, 1.0]
times: [53.0, 113.0, 173.0, 237.0, 290.0, 356.0, 417.0, 479.0, 532.0, 599.0]
scores: [0.8209025339509459, 0.887273420296929, 0.820959369266224, 0.8982686627542779, 0.9497529736670245, 1.0, 1.0, 1.0, 1.0, 1.0]
