training_data_sizes: [0.1, 0.2]
times: [29.0, 55.0]
scores: [0.7630084157535632, 0.7866406042681175]
