training_data_sizes: [0.1, 0.2]
times: [704.47, 1404.79]
scores: [0.5611915913125436, 0.6117457965549005]
