training_data_sizes: [0.1, 0.2, 0.3, 0.4, 0.5, 0.6, 0.7, 0.8, 0.9, 1.0]
times: [111.0, 235.0, 353.0, 470.0, 592.0, 717.0, 831.0, 959.0, 1072.0, 1192.0]
scores: [0.80439764112478, 0.8415508777980836, 0.8526624044778104, 0.9642643782882399, 0.8792860316801367, 1.0, 1.0, 1.0, 1.0, 1.0]
