training_data_sizes: [0.1, 0.2]
times: [128.0, 254.0]
scores: [0.8725464998103141, 0.7631497619398012]
