training_data_sizes: [0.1, 0.2, 0.3, 0.4, 0.5, 0.6, 0.7, 0.8, 0.9]
times: [153.79, 296.49, 439.7, 578.63, 728.24, 873.77, 1020.79, 1157.05, 1302.41]
scores: [0.8178705201699052, 0.8693703300237805, 0.7804152494960331, 1.0, 1.0, 0.9765966685871875, 0.9984354879247789, 1.0, 1.0]
