training_data_sizes: [0.1, 0.2, 0.3]
times: [439.18, 875.29, 1302.54]
scores: [0.7993195522800696, 0.790020963022378, 0.919450033725865]
