training_data_sizes: [0.1, 0.2, 0.3, 0.4, 0.5, 0.6]
times: [23.0, 52.0, 84.0, 111.0, 142.0, 177.0]
scores: [0.8032206190378753, 0.8908883624210701, 0.9790220706129782, 0.9333425326569773, 0.8335140000848211, 0.9626698696421874]
