training_data_sizes: [0.1, 0.2, 0.3, 0.4, 0.5, 0.6, 0.7, 0.8, 0.9]
times: [103.59, 200.71, 307.06, 409.51, 507.02, 609.46, 706.55, 801.94, 900.76]
scores: [0.877050371915485, 0.814028293985925, 1.0, 0.9895155827306021, 1.0, 1.0, 1.0, 1.0, 1.0]
