training_data_sizes: [0.1, 0.2, 0.3, 0.4, 0.5, 0.6]
times: [107.0, 211.0, 328.0, 437.0, 542.0, 658.0]
scores: [0.9946007272077162, 0.9069386975644826, 1.0, 1.0, 0.8439777944607765, 1.0]
