training_data_sizes: [0.1, 0.2, 0.3]
times: [274.46, 536.57, 803.15]
scores: [0.9273010812596304, 0.8866812076227828, 0.8953434318284188]
