training_data_sizes: [0.1, 0.2, 0.3, 0.4, 0.5, 0.6, 0.7, 0.8]
times: [168.84, 333.68, 494.54, 659.49, 818.36, 977.5, 1139.41, 1304.03]
scores: [0.9231534730525917, 0.8444751144008009, 0.96436616131042, 0.8141588843552658, 0.8987538481931749, 0.8243596006726497, 1.0, 0.8915603465337025]
