training_data_sizes: [0.1, 0.2]
times: [58.0, 114.0]
scores: [0.8824561646123512, 0.9538543971100542]
