training_data_sizes: [0.1, 0.2, 0.3, 0.4, 0.5, 0.6, 0.7, 0.8, 0.9]
times: [115.0, 232.0, 357.0, 472.0, 597.0, 716.0, 835.0, 953.0, 1073.0]
scores: [0.9016142435424064, 1.0, 0.9304486567646971, 1.0, 1.0, 1.0, 1.0, 1.0, 1.0]
