training_data_sizes: [0.1, 0.2, 0.3, 0.4, 0.5, 0.6]
times: [167.35, 335.66, 507.8, 669.2, 834.7, 1002.82]
scores: [0.9186590622663544, 1.0, 0.9962137884773472, 1.0, 1.0, 1.0]
