training_data_sizes: [0.1, 0.2, 0.3, 0.4, 0.5, 0.6, 0.7, 0.8]
times: [40.0, 99.0, 142.0, 199.0, 247.0, 298.0, 345.0, 397.0]
scores: [0.7634890734107802, 0.9368934926801314, 0.9662538414340776, 0.9433893064577965, 0.8787502687080477, 0.913473386878422, 1.0, 0.9590964076540918]
