training_data_sizes: [0.1, 0.2, 0.3, 0.4, 0.5, 0.6, 0.7, 0.8, 0.9]
times: [160.9, 319.99, 467.55, 628.73, 784.14, 935.09, 1093.08, 1250.69, 1408.79]
scores: [0.9543533058974704, 0.9392332858542509, 0.9336552944059329, 0.8963353648566308, 0.9204816410953096, 1.0, 1.0, 1.0, 1.0]
