training_data_sizes: [0.1, 0.2]
times: [43.0, 96.0]
scores: [0.7093207442723787, 0.9395904202821178]
