training_data_sizes: [0.1, 0.2]
times: [74.0, 153.0]
scores: [0.7654217288324122, 0.792367227452847]
