training_data_sizes: [0.1, 0.2, 0.3, 0.4, 0.5, 0.6, 0.7, 0.8, 0.9]
times: [118.0, 239.0, 358.0, 475.0, 597.0, 714.0, 839.0, 955.0, 1079.0]
scores: [0.7578105357386888, 0.7159058925569324, 0.7955286852015111, 0.9782668500213575, 0.92297538807355, 1.0, 1.0, 1.0, 1.0]
