training_data_sizes: [0.1, 0.2, 0.3]
times: [472.32, 942.92, 1404.57]
scores: [0.6676783536678628, 0.5876707496427225, 0.6803715543564228]
