training_data_sizes: [0.1, 0.2]
times: [112.8, 422.55]
scores: [0.8776497400624785, 0.864396511179363]
