training_data_sizes: [0.1, 0.2, 0.3, 0.4, 0.5]
times: [187.76, 367.83, 544.24, 721.35, 909.57]
scores: [0.4270040017505423, 0.6021797360064223, 0.536394907620301, 0.5815318183181482, 0.4895654103784343]
