training_data_sizes: [0.1, 0.2]
times: [12.0, 37.0]
scores: [0.8657322503047992, 0.8284600743933968]
