training_data_sizes: [0.1, 0.2, 0.3, 0.4, 0.5, 0.6, 0.7, 0.8, 0.9]
times: [117.25, 222.55, 335.31, 451.74, 558.19, 669.42, 781.0, 897.52, 1009.51]
scores: [0.8573675739805159, 0.9096241709271614, 0.7697744311012074, 0.7782314838744547, 0.8273486085972408, 0.9349099209268797, 0.7771155006067958, 0.7985426552830522, 0.9486828642257412]
