training_data_sizes: [0.1, 0.2, 0.3, 0.4]
times: [35.0, 77.0, 115.0, 156.0]
scores: [0.7401336880998899, 0.8540435630429437, 0.8084041111747928, 0.9783070676028643]
