training_data_sizes: [0.1, 0.2, 0.3, 0.4, 0.5, 0.6, 0.7, 0.8, 0.9]
times: [120.53, 230.18, 335.5, 453.75, 564.05, 672.1, 784.66, 893.15, 1007.19]
scores: [0.6486201292256849, 0.6547673247460963, 0.7422666266327852, 0.7348888078115557, 0.8063691371830788, 0.812836162134865, 0.9351087081672953, 0.9340896445639499, 0.9821280296746715]
