training_data_sizes: [0.1, 0.2, 0.3, 0.4, 0.5, 0.6]
times: [168.87, 338.02, 508.75, 671.73, 842.2, 1002.29]
scores: [0.8008050860332379, 0.8284569880370919, 0.9062356464143235, 0.9058033008664415, 0.997480780143884, 1.0]
