training_data_sizes: [0.1, 0.2, 0.3, 0.4, 0.5, 0.6, 0.7, 0.8]
times: [144.87, 282.35, 421.11, 558.18, 694.8, 831.93, 968.72, 1108.07]
scores: [0.7998268093086112, 0.936063840469797, 0.8541335398346064, 0.9819566208589159, 1.0, 1.0, 1.0, 1.0]
