training_data_sizes: [0.1, 0.2, 0.3, 0.4, 0.5, 0.6, 0.7, 0.8, 0.9]
times: [164.89, 313.2, 472.02, 631.02, 785.21, 933.74, 1095.51, 1252.31, 1400.93]
scores: [0.8433019764870306, 0.9511888460747463, 0.9394391618612328, 0.9066481000717677, 1.0, 0.9445427570103169, 1.0, 1.0, 1.0]
