training_data_sizes: [0.1, 0.2, 0.3, 0.4, 0.5, 0.6, 0.7, 0.8, 0.9, 1.0]
times: [28.0, 55.0, 89.0, 116.0, 144.0, 178.0, 208.0, 230.0, 266.0, 293.0]
scores: [0.5184369957547, 0.4784400961025543, 0.5996921794344715, 0.5676226510309691, 0.6103249604784784, 0.4656965904375272, 0.5888981628277187, 0.5904745000611511, 0.5158814615943986, 0.5725711752434511]
