training_data_sizes: [0.1, 0.2, 0.3, 0.4, 0.5, 0.6, 0.7, 0.8, 0.9, 1.0]
times: [0.57, 0.78, 1.06, 1.25, 1.59, 1.81, 1.98, 2.25, 2.24, 2.61]
scores: [0.43128842509791065, 0.503756797390154, 0.5216635747215925, 0.5446955572279918, 0.5587537937120302, 0.5697030575593823, 0.5667602493135679, 0.5648002953032606, 0.5818060092864008, 0.5834820329979529]
