training_data_sizes: [0.1, 0.2, 0.3, 0.4, 0.5, 0.6, 0.7]
times: [53.0, 112.0, 170.0, 230.0, 293.0, 359.0, 417.0]
scores: [0.816321177551213, 0.7072757136985468, 0.8902524723343775, 0.7936764314831741, 0.9610145321096487, 0.9628408594263451, 1.0]
