training_data_sizes: [0.1, 0.2, 0.3, 0.4, 0.5, 0.6, 0.7, 0.8, 0.9, 1.0]
times: [25.0, 54.0, 80.0, 117.0, 149.0, 179.0, 200.0, 230.0, 267.0, 295.0]
scores: [0.8108647560802287, 0.8267326717996044, 0.7625057575537619, 0.8775121593571832, 0.8376839565379552, 0.7722947115353749, 0.9120678727746769, 0.8452570474701973, 0.8932801751265286, 0.8121546476804896]
