training_data_sizes: [0.1, 0.2, 0.3, 0.4, 0.5, 0.6]
times: [19.0, 32.0, 51.0, 71.0, 98.0, 115.0]
scores: [0.8456155275397297, 0.892081950672812, 0.9052489844648098, 0.8680091403821275, 0.925037892190891, 1.0]
