training_data_sizes: [0.1, 0.2, 0.3, 0.4, 0.5]
times: [142.92, 289.66, 423.98, 567.77, 702.67]
scores: [0.7870827568952433, 0.7353999210101692, 0.8599338559670324, 0.8161240398093006, 0.8176210525066141]
