training_data_sizes: [0.1, 0.2]
times: [40.0, 98.0]
scores: [0.8909367773766219, 0.8263161707881981]
