training_data_sizes: [0.1, 0.2, 0.3, 0.4, 0.5, 0.6, 0.7, 0.8]
times: [26.0, 54.0, 86.0, 116.0, 140.0, 179.0, 204.0, 235.0]
scores: [0.4493366466274413, 0.578654045324328, 0.45345162872446926, 0.4641663332755341, 0.48820286759964315, 0.614918703893442, 0.5956841264433927, 0.7973585993634137]
