training_data_sizes: [0.1, 0.2]
times: [604.97, 1207.98]
scores: [0.7799741112465497, 0.8418267725941044]
