training_data_sizes: [0.1, 0.2]
times: [129.0, 258.0]
scores: [0.8716511002569902, 0.893319755504026]
