training_data_sizes: [0.1, 0.2, 0.3, 0.4, 0.5, 0.6, 0.7, 0.8, 0.9]
times: [25.0, 52.0, 86.0, 114.0, 145.0, 173.0, 201.0, 239.0, 265.0]
scores: [0.657725025338586, 0.6971881161592283, 0.8936525422422676, 0.970107331694743, 1.0, 1.0, 1.0, 1.0, 1.0]
