training_data_sizes: [0.1, 0.2, 0.3, 0.4, 0.5, 0.6, 0.7, 0.8, 0.9, 1.0]
times: [75.02, 143.05, 211.37, 282.46, 354.81, 422.28, 498.86, 563.36, 634.33, 705.23]
scores: [0.8501833202759639, 0.8590619339347852, 0.9309410176875166, 1.0, 1.0, 0.8927718001448204, 0.9381281084385911, 0.9334209056568005, 1.0, 1.0]
