training_data_sizes: [0.1, 0.2, 0.3, 0.4, 0.5, 0.6]
times: [159.6, 302.57, 452.85, 608.17, 752.04, 908.78]
scores: [0.830019192483326, 0.9140938078291471, 1.0, 0.9865529408628911, 1.0, 0.9947665193149717]
