training_data_sizes: [0.1, 0.2, 0.3, 0.4, 0.5, 0.6, 0.7, 0.8]
times: [122.48, 231.23, 337.73, 451.29, 563.42, 675.72, 791.94, 900.8]
scores: [0.8079209144011998, 0.9751590726668743, 0.8946932338108348, 0.9014582111451926, 0.9472279212834102, 0.8890325306386784, 0.968704958877569, 1.0]
