training_data_sizes: [0.1, 0.2, 0.3, 0.4, 0.5, 0.6, 0.7, 0.8, 0.9, 1.0]
times: [2.14, 3.56, 5.0, 6.48, 7.8, 9.84, 11.74, 13.11, 14.83, 17.33]
scores: [0.8896461163419216, 0.8270459044774077, 0.7826728285690512, 0.7584070838857504, 0.7385928016226397, 0.7255654962224767, 0.7160218194097527, 0.706566606500094, 0.6998027415851333, 0.6923455415644468]
