training_data_sizes: [0.1, 0.2, 0.3, 0.4, 0.5, 0.6, 0.7, 0.8]
times: [155.26, 305.52, 450.23, 602.34, 754.58, 907.14, 1056.74, 1206.71]
scores: [0.647915366220084, 0.850056871403934, 0.7218260415909868, 0.9650381834478179, 0.8370252526913555, 1.0, 1.0, 1.0]
