training_data_sizes: [0.1, 0.2, 0.3, 0.4, 0.5, 0.6, 0.7, 0.8]
times: [112.73, 226.14, 342.69, 452.99, 566.32, 677.89, 793.95, 906.24]
scores: [0.6637504309476684, 0.7479427524330347, 0.7996222943258577, 0.8512804090522388, 0.8441016377709682, 0.9824873198368054, 0.9858621066902675, 0.9155221047111525]
