training_data_sizes: [0.1, 0.2, 0.3, 0.4, 0.5, 0.6, 0.7, 0.8]
times: [79.2, 158.66, 228.48, 305.41, 378.5, 456.0, 527.69, 609.49]
scores: [0.8508533955774571, 0.7733708894398764, 0.9389948491810134, 0.8114468682764234, 0.8689618690737191, 0.8640684413121338, 1.0, 0.9358828262029393]
