training_data_sizes: [0.1, 0.2, 0.3, 0.4, 0.5, 0.6, 0.7, 0.8, 0.9]
times: [63.0, 132.0, 207.0, 273.0, 348.0, 416.0, 482.99999999999994, 554.0, 622.0]
scores: [0.8573237830540361, 0.7944531594028234, 0.8980835946207755, 0.8727186609097133, 0.8854871050397255, 1.0, 1.0, 0.9722821290925073, 1.0]
