training_data_sizes: [0.1, 0.2, 0.3, 0.4, 0.5, 0.6, 0.7, 0.8, 0.9]
times: [48.0, 97.0, 144.0, 199.0, 243.0, 298.0, 344.0, 396.0, 446.0]
scores: [0.9304313939296025, 0.9473000657143251, 0.9828043244337267, 0.9744071097286109, 0.8859413150144775, 0.9799153142878867, 1.0, 0.912453687296008, 0.9973895504393314]
