training_data_sizes: [0.1, 0.2, 0.3, 0.4, 0.5]
times: [284.52, 561.15, 847.19, 1126.61, 1405.39]
scores: [1.0, 0.9959197540711449, 0.9592348939544448, 0.9996658808734253, 1.0]
