training_data_sizes: [0.1, 0.2, 0.3, 0.4, 0.5, 0.6, 0.7, 0.8, 0.9, 1.0]
times: [116.26, 138.53, 194.85, 242.81, 305.84, 374.0, 429.48, 495.6, 584.74, 648.85]
scores: [1.0, 0.950595283557533, 0.8290262849062451, 0.7166963818371888, 0.6990033661558389, 0.6835898047034655, 0.6757973226310948, 0.6277087067235452, 0.6324172344171822, 0.6299575626796118]
