training_data_sizes: [0.1, 0.2, 0.3, 0.4, 0.5, 0.6, 0.7, 0.8, 0.9]
times: [108.42, 207.0, 304.84, 404.39, 507.61, 607.01, 703.62, 808.91, 903.98]
scores: [0.9279328290275874, 0.9531612410141048, 0.9117920823515344, 1.0, 1.0, 0.9256502001821556, 0.939454422629163, 1.0, 1.0]
