training_data_sizes: [0.1, 0.2, 0.3, 0.4, 0.5, 0.6]
times: [107.47, 200.87, 304.8, 406.39, 501.77, 605.83]
scores: [0.7950587144215568, 0.9699541038263828, 1.0, 0.9014406843743732, 1.0, 1.0]
