training_data_sizes: [0.1, 0.2]
times: [26.0, 58.0]
scores: [0.9483220050555441, 0.9517513161283893]
