training_data_sizes: [0.1, 0.2, 0.3, 0.4, 0.5, 0.6]
times: [22.0, 52.0, 89.0, 117.0, 148.0, 179.0]
scores: [0.4293411270217087, 0.5434324334504601, 0.6149614468867928, 0.49157922568282164, 0.5513692322308887, 0.5197764347423934]
