training_data_sizes: [0.1, 0.2, 0.3, 0.4, 0.5, 0.6, 0.7, 0.8, 0.9, 1.0]
times: [12.41, 24.83, 34.92, 48.72, 61.18, 74.25, 83.08, 95.44, 107.21, 116.49]
scores: [0.8259671463182467, 0.818076318041203, 0.8086961639366363, 0.7977228993133643, 0.8029553915100804, 0.8001520017747152, 0.799398696133454, 0.7936891230924472, 0.7949467269542729, 0.7930941403596194]
