training_data_sizes: [0.1, 0.2, 0.3, 0.4, 0.5, 0.6]
times: [151.71, 304.38, 454.84, 607.52, 756.51, 905.22]
scores: [0.7956363774423365, 0.8300099097508529, 0.7210090002502983, 0.9141759209434033, 0.9274993962818762, 0.8940505455779231]
