training_data_sizes: [0.1, 0.2, 0.3, 0.4, 0.5]
times: [53.0, 115.0, 177.0, 231.0, 291.0]
scores: [0.9589331013764493, 0.9377164541508876, 1.0, 0.9936017936808414, 0.9073001689169202]
