training_data_sizes: [0.1, 0.2, 0.3, 0.4, 0.5, 0.6, 0.7]
times: [176.49, 347.9, 520.72, 695.5, 863.67, 1030.99, 1201.69]
scores: [0.8906280189073805, 1.0, 0.922146520253964, 1.0, 1.0, 1.0, 1.0]
