training_data_sizes: [0.1, 0.2, 0.3, 0.4, 0.5]
times: [64.0, 134.0, 207.0, 271.0, 340.0]
scores: [0.6729144737101095, 0.8215390061894767, 0.841355165546929, 0.9613836518974213, 0.8904884293978703]
