training_data_sizes: [0.1, 0.2, 0.3, 0.4, 0.5, 0.6, 0.7, 0.8, 0.9, 1.0]
times: [3.96, 6.38, 8.26, 10.94, 13.31, 16.69, 20.5, 22.98, 26.14, 28.44]
scores: [0.01077232807555171, 0.013441318380556793, 0.01595758348117492, 0.01775568278927868, 0.01870990429732397, 0.020977139310167932, 0.02286589854226191, 0.02428028243719815, 0.026160728950882915, 0.028018643013935734]
