training_data_sizes: [0.1, 0.2, 0.3]
times: [200.29, 401.04, 605.07]
scores: [0.6812899083733994, 0.6602761411872013, 0.6491562546510357]
