training_data_sizes: [0.1, 0.2, 0.3, 0.4, 0.5, 0.6, 0.7, 0.8, 0.9, 1.0]
times: [1.32, 2.29, 3.44, 5.29, 8.23, 12.13, 16.06, 20.29, 22.37, 28.52]
scores: [0.9144223385074564, 0.9525009808870425, 0.9666744810214728, 0.9740768216341301, 0.9786472891323835, 0.9818077182647401, 0.984099882648802, 0.9856829498200141, 0.9868051481628036, 0.9878677881686958]
