training_data_sizes: [0.1, 0.2, 0.3, 0.4, 0.5]
times: [186.8, 365.07, 543.24, 722.91, 905.44]
scores: [0.7889767050213655, 0.7769954522938203, 0.8071742759703412, 0.8065172007026125, 0.914825093131693]
