training_data_sizes: [0.1, 0.2, 0.3, 0.4, 0.5, 0.6, 0.7, 0.8]
times: [142.39, 275.67, 419.56, 559.21, 693.7, 829.91, 966.29, 1105.01]
scores: [0.9084824894398865, 0.8932841479573255, 0.8594732759786139, 0.7678671422407424, 0.8759570056998908, 0.748438583961882, 0.9180926295865375, 0.8484141968712683]
