training_data_sizes: [0.1, 0.2, 0.3, 0.4, 0.5, 0.6, 0.7]
times: [20.0, 56.0, 88.0, 112.0, 149.0, 170.0, 209.0]
scores: [0.8622480289046502, 0.8774146832613714, 0.9921158937304786, 0.8790013010876143, 0.9969431303050951, 1.0, 0.9903396257417761]
