training_data_sizes: [0.1, 0.2, 0.3, 0.4, 0.5, 0.6]
times: [118.0, 235.0, 354.0, 478.0, 594.0, 717.0]
scores: [0.840454232718129, 0.9474751983377571, 0.978671990279617, 1.0, 1.0, 1.0]
