training_data_sizes: [0.1, 0.2, 0.3, 0.4, 0.5, 0.6]
times: [109.5, 209.43, 302.1, 407.32, 504.86, 603.51]
scores: [0.5520744948249121, 0.6183912776737073, 0.7600184809070729, 0.6644474741846333, 0.8014140492906923, 0.8051026288894823]
