training_data_sizes: [0.1, 0.2, 0.3]
times: [340.88, 676.59, 1009.36]
scores: [0.7808063853153899, 0.8464809989907505, 0.8707931693229054]
