training_data_sizes: [0.1, 0.2, 0.3, 0.4, 0.5, 0.6]
times: [96.0, 198.0, 290.0, 392.0, 490.0, 593.0]
scores: [0.7220572052010472, 0.7115463320336685, 0.9073625412486518, 0.847712660211346, 0.9407150146258101, 0.888029332807095]
