training_data_sizes: [0.1, 0.2]
times: [32.0, 74.0]
scores: [0.7748898145364262, 0.8023459443035399]
