training_data_sizes: [0.1, 0.2, 0.3, 0.4, 0.5, 0.6, 0.7, 0.8, 0.9, 1.0]
times: [149.99, 255.58, 331.92, 400.35, 468.98, 545.17, 608.4, 679.95, 754.2, 814.38]
scores: [0.36059281209005023, 0.28669602293749247, 0.2641483756687634, 0.26169323861265265, 0.2504675033237886, 0.244281402978504, 0.2369398106589981, 0.23441839828565006, 0.23511468197525676, 0.23707700147928049]
