training_data_sizes: [0.1, 0.2, 0.3, 0.4, 0.5]
times: [205.36, 400.74, 604.92, 803.66, 1006.88]
scores: [0.7581210274860612, 0.9632331927099624, 0.8572713229970237, 0.9767075096085256, 1.0]
