training_data_sizes: [0.1, 0.2, 0.3, 0.4, 0.5, 0.6, 0.7, 0.8, 0.9]
times: [120.0, 256.0, 380.0, 516.0, 645.0, 771.0, 900.9999999999999, 1035.0, 1161.0]
scores: [0.8998617446655746, 0.7466050206202506, 0.8884976386802281, 0.893191282264642, 0.8669076091242134, 0.8855159836323319, 0.8459315461252117, 0.852526612375915, 0.7359784731117055]
