training_data_sizes: [0.1, 0.2, 0.3, 0.4, 0.5, 0.6, 0.7, 0.8]
times: [76.0, 153.0, 236.0, 313.0, 390.0, 476.0, 557.0, 633.0]
scores: [0.9272869355297352, 0.8511389509848539, 0.8029761895792467, 0.7574705082580437, 0.8515810943426134, 0.8767680860946312, 0.8787952910386276, 0.8791280769950716]
