training_data_sizes: [0.1, 0.2, 0.3, 0.4, 0.5, 0.6]
times: [53.0, 110.0, 177.0, 230.0, 296.0, 359.0]
scores: [0.6572570441670977, 0.744352596349477, 0.7332389642881322, 0.842254640815779, 0.8493311057066394, 0.8424541285267881]
