training_data_sizes: [0.1, 0.2, 0.3]
times: [118.0, 239.0, 350.0]
scores: [0.797187463526067, 0.7654935238116995, 0.850060853992425]
