training_data_sizes: [0.1, 0.2, 0.3, 0.4, 0.5, 0.6]
times: [218.15, 438.23, 659.56, 875.08, 1084.71, 1303.76]
scores: [0.9762091125807876, 0.9236314322822468, 0.9423972369950339, 0.9549799686490033, 0.934420379401764, 0.986513911208941]
