training_data_sizes: [0.1, 0.2, 0.3, 0.4, 0.5]
times: [24.0, 57.0, 86.0, 118.0, 142.0]
scores: [0.8371620016807837, 0.8395510072638135, 0.8173441049950034, 0.9172930433166544, 0.8161771752842535]
