training_data_sizes: [0.1, 0.2]
times: [650.26, 1300.82]
scores: [0.7906421095541897, 0.916639678404112]
