training_data_sizes: [0.1, 0.2, 0.3, 0.4]
times: [182.52, 359.48, 528.03, 707.7]
scores: [0.794387993905165, 0.7798607150558756, 0.7484776041236869, 0.8588954552053287]
