training_data_sizes: [0.1, 0.2, 0.3, 0.4, 0.5, 0.6]
times: [30.0, 76.0, 119.0, 151.0, 195.0, 231.0]
scores: [0.8801238181593763, 0.9759941137579229, 0.8500129720245022, 0.8766685556413227, 0.8855968775177293, 0.8639039784012876]
