training_data_sizes: [0.1, 0.2, 0.3, 0.4, 0.5, 0.6]
times: [49.0, 92.0, 148.0, 194.0, 241.0, 299.0]
scores: [0.8123503182133058, 0.9387951775838743, 0.8644971640223114, 0.9591657682550416, 1.0, 1.0]
