training_data_sizes: [0.1, 0.2, 0.3]
times: [403.59, 805.33, 1206.63]
scores: [0.7407658999849455, 0.8041560165508301, 0.8383911589764839]
