training_data_sizes: [0.1, 0.2, 0.3, 0.4, 0.5, 0.6, 0.7, 0.8, 0.9, 1.0]
times: [27.59, 76.19, 131.66, 199.97, 280.5, 383.5, 511.08, 667.09, 824.54, 1056.94]
scores: [0.24764198080363822, 0.28023805986068356, 0.30744285124358095, 0.33433213116966, 0.3522007892963379, 0.3647913923555333, 0.37270468472091567, 0.38236702372773723, 0.38878833970994525, 0.3979794869934391]
