training_data_sizes: [0.1, 0.2, 0.3, 0.4, 0.5, 0.6]
times: [117.8, 235.52, 353.76, 467.36, 592.34, 701.92]
scores: [0.9243741442972357, 1.0, 0.9384085145662926, 1.0, 1.0, 1.0]
