training_data_sizes: [0.1, 0.2, 0.3]
times: [8.0, 18.0, 23.0]
scores: [0.8366153545632937, 0.8408343973231127, 0.889495414542105]
