training_data_sizes: [0.1, 0.2, 0.3, 0.4, 0.5]
times: [124.8, 243.53, 364.7, 482.44, 604.31]
scores: [0.9095042119999756, 0.8950203365742575, 0.8620949613437209, 0.9825111808802238, 1.0]
