training_data_sizes: [0.1, 0.2]
times: [353.39, 704.68]
scores: [0.8295111758692079, 0.8465526048875104]
