training_data_sizes: [0.1, 0.2, 0.3, 0.4, 0.5]
times: [280.41, 565.18, 849.76, 1122.33, 1408.46]
scores: [0.8295579938193884, 0.9626569728816183, 0.8287143242656951, 0.9843322974283524, 1.0]
