training_data_sizes: [0.1, 0.2, 0.3, 0.4, 0.5]
times: [204.04, 405.62, 608.7, 808.81, 1007.48]
scores: [0.9410225900555166, 0.989637057543501, 0.9532843862044136, 1.0, 1.0]
