training_data_sizes: [0.1, 0.2, 0.3, 0.4]
times: [231.86, 450.29, 681.26, 909.41]
scores: [0.7190614750122271, 0.776934988205273, 0.8466178035371988, 0.7594768262218281]
