training_data_sizes: [0.1, 0.2, 0.3, 0.4, 0.5, 0.6, 0.7, 0.8]
times: [94.77, 181.87, 266.25, 358.49, 443.45, 527.84, 613.85, 705.05]
scores: [0.8447284523075254, 0.9409509290665836, 0.9747301892915796, 0.9000919010432649, 1.0, 1.0, 1.0, 1.0]
