training_data_sizes: [0.1, 0.2, 0.3, 0.4, 0.5, 0.6, 0.7]
times: [118.57, 233.06, 345.43, 459.82, 579.64, 692.13, 804.94]
scores: [0.6880689915075779, 0.8895598968940119, 0.7573401733544444, 0.9281249948186459, 0.9558595717982468, 0.8677657728224953, 0.9194546110610154]
