training_data_sizes: [0.1, 0.2, 0.3, 0.4, 0.5, 0.6, 0.7, 0.8, 0.9, 1.0]
times: [3.13, 4.99, 7.19, 8.64, 9.64, 11.21, 12.87, 13.09, 14.81, 14.97]
scores: [0.24691649196677923, 0.2518991683673416, 0.25473733652572816, 0.2551152211438089, 0.2551317734465588, 0.25587371133176906, 0.25532440646708887, 0.2547987013735775, 0.2537736455562497, 0.2536259901424234]
