training_data_sizes: [0.1, 0.2, 0.3, 0.4, 0.5]
times: [167.52, 324.9, 489.91, 645.24, 803.16]
scores: [0.48290907081149137, 0.48363087690664897, 0.6780645310727321, 0.5783693864295939, 0.7290776096973588]
