training_data_sizes: [0.1, 0.2, 0.3, 0.4, 0.5, 0.6]
times: [5.0, 12.0, 27.0, 31.0, 42.0, 52.0]
scores: [0.7976759909199653, 0.7888837069879445, 0.8360915562033739, 0.9066736485056178, 0.7656103361201387, 0.7173621531776959]
