training_data_sizes: [0.1, 0.2, 0.3, 0.4, 0.5]
times: [75.0, 157.0, 235.0, 311.0, 397.0]
scores: [0.9634474321635873, 1.0, 0.9797744235445495, 1.0, 1.0]
