training_data_sizes: [0.1, 0.2, 0.3, 0.4, 0.5, 0.6, 0.7, 0.8, 0.9, 1.0]
times: [81.92, 160.26, 244.54, 325.63, 404.29, 482.86, 561.69, 645.22, 721.92, 803.52]
scores: [0.9003545151829202, 0.9184570221007674, 0.8331542283576748, 0.8862409446641232, 0.951564876924221, 1.0, 1.0, 1.0, 0.9461993496167251, 1.0]
