training_data_sizes: [0.1, 0.2, 0.3, 0.4, 0.5, 0.6, 0.7, 0.8, 0.9]
times: [85.0, 170.0, 266.0, 355.0, 445.0, 530.0, 624.0, 714.0, 808.0]
scores: [0.7568389136161384, 0.8487370451726743, 0.8670380897442677, 1.0, 1.0, 1.0, 1.0, 1.0, 1.0]
