training_data_sizes: [0.1, 0.2, 0.3, 0.4, 0.5]
times: [140.19, 283.5, 423.72, 562.56, 707.45]
scores: [0.5075915238665694, 0.5882180716251391, 0.7395894529525991, 0.7134707197212414, 0.8109630144228772]
