training_data_sizes: [0.1, 0.2, 0.3, 0.4, 0.5, 0.6, 0.7, 0.8, 0.9, 1.0]
times: [29.11, 51.84, 75.56, 97.56, 131.12, 163.72, 170.13, 192.14, 219.74, 243.28]
scores: [0.6634808442433477, 0.663568007745641, 0.6685091846272773, 0.6720332746342594, 0.672835685491574, 0.6742706053444465, 0.6747085234943422, 0.6741553128627149, 0.6749215745770851, 0.6765217500991361]
