training_data_sizes: [0.1, 0.2, 0.3, 0.4, 0.5]
times: [76.0, 153.0, 235.0, 317.0, 397.0]
scores: [0.7257889827357925, 0.6359450162347912, 0.7497175217728684, 0.8532957769731133, 0.844818654569401]
