training_data_sizes: [0.1, 0.2, 0.3, 0.4, 0.5, 0.6, 0.7, 0.8, 0.9, 1.0]
times: [90.72, 187.07, 275.19, 368.53, 452.3, 543.48, 638.12, 725.31, 813.05, 904.37]
scores: [0.5411378194169396, 0.6115594361241649, 0.47347772008036887, 0.6123051571585797, 0.5030395445252371, 0.5255983097403061, 0.6186882545661597, 0.6351793246901137, 0.904451064817852, 0.8584883498360809]
