training_data_sizes: [0.1, 0.2, 0.3, 0.4, 0.5, 0.6, 0.7, 0.8]
times: [128.53, 254.63, 382.87, 507.15, 626.66, 751.68, 877.11, 1000.64]
scores: [0.7349722852599323, 0.9201142730174048, 0.8393687916616502, 0.783915808312659, 0.8195878253944568, 0.8518346897722721, 0.8841192676062495, 0.9100261694258894]
