training_data_sizes: [0.1, 0.2, 0.3, 0.4]
times: [305.44, 605.01, 905.03, 1205.25]
scores: [0.9090369506412924, 0.9165388395230825, 0.9325431571307887, 1.0]
