training_data_sizes: [0.1, 0.2, 0.3, 0.4, 0.5, 0.6, 0.7, 0.8]
times: [75.0, 158.0, 233.0, 319.0, 399.0, 477.0, 557.0, 635.0]
scores: [0.9514751324241233, 0.9781577221133717, 0.8232548132782446, 0.8983326996739018, 0.8810887510932504, 0.9797194066626789, 0.9094489517991549, 0.927105948323079]
