training_data_sizes: [0.1, 0.2, 0.3, 0.4, 0.5, 0.6, 0.7, 0.8, 0.9, 1.0]
times: [1.81, 3.43, 5.28, 6.93, 10.2, 10.65, 12.23, 13.96, 15.73, 17.15]
scores: [0.8007764183276196, 0.7771264803262079, 0.7760228111961798, 0.7616544368550677, 0.7548994696610514, 0.7483658690216151, 0.738005540058043, 0.7359127725861108, 0.7306380120722218, 0.725444619187033]
