training_data_sizes: [0.1, 0.2, 0.3, 0.4, 0.5, 0.6]
times: [220.12, 439.67, 653.26, 872.25, 1093.23, 1302.05]
scores: [0.9431575443293434, 0.9746009722185713, 0.9190524978725811, 1.0, 1.0, 1.0]
