training_data_sizes: [0.1, 0.2, 0.3, 0.4, 0.5, 0.6, 0.7]
times: [2.0, 10.0, 28.0, 32.0, 42.0, 50.0, 63.0]
scores: [0.7629893294386889, 0.8421833299360608, 0.8880560883177464, 0.9932796681698188, 0.9823697671690115, 0.9162752424592806, 0.9620112277223858]
