training_data_sizes: [0.1, 0.2, 0.3, 0.4, 0.5, 0.6, 0.7, 0.8, 0.9]
times: [127.0, 253.0, 384.0, 514.0, 642.0, 772.0, 902.9999999999999, 1031.0, 1161.0]
scores: [0.595022631696291, 0.6865347065333451, 0.8075321794053862, 0.8067555045697882, 0.8485283832505086, 0.9573548526352811, 1.0, 1.0, 1.0]
