training_data_sizes: [0.1, 0.2, 0.3, 0.4, 0.5]
times: [5.0, 10.0, 28.0, 33.0, 48.0]
scores: [0.9274789989819984, 0.8882864785754012, 0.8786975990711297, 0.9086075198622425, 0.9814955707771471]
