training_data_sizes: [0.1, 0.2, 0.3, 0.4]
times: [157.59, 301.66, 452.67, 602.36]
scores: [0.8241760114274099, 0.9341897236702689, 0.856166661167336, 0.9634209775059113]
