training_data_sizes: [0.1, 0.2, 0.3, 0.4, 0.5, 0.6, 0.7]
times: [74.0, 154.0, 230.0, 313.0, 395.0, 470.0, 553.0]
scores: [0.835181904932367, 0.9083965740736067, 1.0, 0.9166666418295162, 1.0, 1.0, 1.0]
