training_data_sizes: [0.1, 0.2, 0.3, 0.4]
times: [151.03, 302.67, 458.1, 607.68]
scores: [0.7859602302396529, 0.9200209681954166, 0.9374637475462566, 0.9454024579186147]
