training_data_sizes: [0.1, 0.2, 0.3, 0.4, 0.5, 0.6]
times: [30.0, 77.0, 118.0, 156.0, 198.0, 231.0]
scores: [0.6920635534827662, 0.8019732705941358, 0.750798821274361, 0.7696905402283796, 0.868218084172308, 0.8604938216619837]
