training_data_sizes: [0.1, 0.2, 0.3, 0.4, 0.5]
times: [108.0, 217.0, 320.0, 434.0, 549.0]
scores: [0.8644333945822775, 0.9178973599350695, 0.9803614519310528, 1.0, 1.0]
