training_data_sizes: [0.1, 0.2, 0.3, 0.4, 0.5]
times: [78.0, 152.0, 233.0, 315.0, 394.0]
scores: [0.7803599250844893, 0.8231635410735729, 0.8789289093360059, 0.7576571885319001, 0.8639058801798868]
