training_data_sizes: [0.1, 0.2]
times: [659.94, 1303.23]
scores: [0.5823712492445753, 0.5343484084895475]
