training_data_sizes: [0.1, 0.2, 0.3, 0.4, 0.5, 0.6, 0.7, 0.8]
times: [27.0, 56.0, 86.0, 119.0, 144.0, 175.0, 202.0, 234.0]
scores: [0.692229566016501, 0.6119272353440242, 0.7817166926218723, 0.8814514724522433, 0.9139148805427753, 0.8006897860661488, 0.885151952227482, 0.9771181651279706]
