training_data_sizes: [0.1, 0.2]
times: [20.0, 54.0]
scores: [0.798103187849462, 0.8693871522752612]
