training_data_sizes: [0.1, 0.2, 0.3, 0.4, 0.5, 0.6, 0.7, 0.8]
times: [51.34, 156.99, 286.65, 400.44, 593.41, 875.69, 930.56, 1037.32]
scores: [0.9979852812109853, 0.9985779090849094, 0.9980633378413478, 0.9989451430148258, 0.9976163875325234, 0.9988935633346911, 0.9977896811863256, 0.9985674084783572]
