training_data_sizes: [0.1, 0.2]
times: [501.65, 1008.25]
scores: [0.6742336756079822, 0.6512896660726634]
