training_data_sizes: [0.1, 0.2, 0.3, 0.4]
times: [53.0, 119.0, 176.0, 231.0]
scores: [0.7425202628192333, 0.783819067512092, 0.7881283542567095, 0.8588764169078057]
