training_data_sizes: [0.1, 0.2, 0.3, 0.4, 0.5]
times: [40.0, 97.0, 141.0, 196.0, 241.0]
scores: [0.8526549528461579, 0.8821535093090955, 0.867834017765649, 0.8705467123047729, 0.8725399906857536]
