training_data_sizes: [0.1, 0.2, 0.3, 0.4]
times: [209.09, 400.43, 609.21, 801.22]
scores: [0.7897349237776895, 0.8951215217243268, 0.7672334821125396, 0.8334559168775768]
