training_data_sizes: [0.1, 0.2, 0.3, 0.4, 0.5, 0.6, 0.7, 0.8, 0.9, 1.0]
times: [53.47, 89.05, 127.82, 168.68, 206.55, 242.44, 272.96, 314.44, 353.65, 401.46]
scores: [0.7155823419743426, 0.734225407059161, 0.7507078086256662, 0.7603900731955906, 0.7698310171919824, 0.7760733966239068, 0.779927983047382, 0.7822223137157651, 0.7842439498413716, 0.7870604809233808]
