training_data_sizes: [0.1, 0.2, 0.3, 0.4, 0.5, 0.6, 0.7, 0.8]
times: [123.0, 254.0, 380.0, 519.0, 648.0, 775.0, 906.9999999999999, 1031.0]
scores: [0.6711681927561293, 0.6639448901353766, 0.6907046125224311, 0.6220812619361664, 0.6020847895403577, 0.6433667165002463, 0.5167719431997896, 0.4919908359998874]
