training_data_sizes: [0.1, 0.2, 0.3, 0.4, 0.5, 0.6, 0.7, 0.8]
times: [42.0, 97.0, 144.0, 197.0, 243.0, 298.0, 343.0, 398.0]
scores: [0.8535318127992719, 0.9398598870180249, 0.9740250560231947, 0.8455621331932079, 0.9534024938111818, 0.9976076603177841, 0.9145099094687108, 1.0]
