training_data_sizes: [0.1, 0.2, 0.3, 0.4, 0.5, 0.6, 0.7]
times: [151.16, 292.87, 429.76, 577.2, 715.61, 858.16, 1006.74]
scores: [0.9389125358540236, 0.9322785066034431, 0.9474853018754145, 1.0, 0.919345198967406, 0.9776876753548271, 1.0]
