training_data_sizes: [0.1, 0.2, 0.3, 0.4, 0.5, 0.6, 0.7, 0.8]
times: [101.06, 207.36, 307.99, 402.29, 507.73, 605.95, 706.32, 802.17]
scores: [0.6272194870345422, 0.5655563076151663, 0.7188398298357663, 0.6569923718506157, 0.7053956993309788, 0.7489559375591607, 0.7843390274334193, 0.9395545459058614]
