training_data_sizes: [0.1, 0.2, 0.3, 0.4, 0.5, 0.6, 0.7, 0.8, 0.9, 1.0]
times: [14.99, 21.55, 30.73, 35.12, 42.44, 47.62, 54.2, 61.52, 65.78, 73.68]
scores: [0.938102099719011, 0.9277490427465271, 0.916311714857333, 0.9119643102978383, 0.9092428509547579, 0.9115020078349667, 0.9089794783197614, 0.9072460360004082, 0.9071689874663214, 0.9077424458156571]
