training_data_sizes: [0.1, 0.2, 0.3, 0.4, 0.5, 0.6]
times: [5.0, 18.0, 23.0, 35.0, 43.0, 54.0]
scores: [0.8710070926358875, 0.9922072105086361, 0.9748876241006561, 1.0, 1.0, 1.0]
