training_data_sizes: [0.1, 0.2, 0.3, 0.4, 0.5, 0.6, 0.7, 0.8, 0.9, 1.0]
times: [131.76, 264.92, 390.38, 526.17, 650.56, 780.37, 910.17, 1048.35, 1176.29, 1304.14]
scores: [0.9969138105657827, 0.9254842764736471, 0.9962919585404415, 0.9599415664316691, 0.9580148071913872, 1.0, 1.0, 1.0, 0.9725795622406332, 1.0]
