training_data_sizes: [0.1, 0.2, 0.3, 0.4, 0.5, 0.6, 0.7, 0.8, 0.9, 1.0]
times: [132.45, 264.23, 394.65, 520.11, 659.45, 786.84, 914.95, 1046.81, 1175.78, 1306.74]
scores: [0.707302815609139, 0.676675070721913, 0.7453554421183635, 0.747693989271123, 0.9052151479940206, 1.0, 0.9373749353005161, 0.9809633953443723, 1.0, 0.9749900355424939]
