training_data_sizes: [0.1, 0.2, 0.3, 0.4, 0.5, 0.6, 0.7, 0.8]
times: [95.26, 184.19, 270.36, 353.71, 446.42, 530.61, 619.27, 708.87]
scores: [0.49868613021235064, 0.6125572301648309, 0.48259575080238415, 0.5445301301112744, 0.5900150288809619, 0.795643304449208, 0.7882937647521182, 0.9750136647191618]
