training_data_sizes: [0.1, 0.2, 0.3, 0.4, 0.5, 0.6, 0.7, 0.8, 0.9, 1.0]
times: [1.93, 4.17, 7.04, 10.56, 14.9, 21.25, 29.33, 41.71, 57.51, 70.74]
scores: [0.5782697826978271, 0.5505804594565098, 0.5930269202332035, 0.5986464730785284, 0.5911523853959091, 0.5754858030975059, 0.6016754144583918, 0.6100125899525706, 0.6298746572000606, 0.6323366555924697]
