training_data_sizes: [0.1, 0.2, 0.3, 0.4, 0.5, 0.6, 0.7, 0.8, 0.9, 1.0]
times: [0.02, 0.02, 0.02, 0.03, 0.04, 0.04, 0.05, 0.05, 0.05, 0.06]
scores: [1.0, 1.0, 1.0, 0.9997888290571217, 0.9985668686079083, 0.9962257368799425, 0.9957411732380821, 0.9945531072047538, 0.9928274990977985, 0.9922934867533206]
