training_data_sizes: [0.1, 0.2, 0.3, 0.4]
times: [8.0, 18.0, 26.0, 30.0]
scores: [0.6617119997889206, 0.8348556273659204, 0.8327098137172055, 0.905165014394958]
