training_data_sizes: [0.1, 0.2, 0.3, 0.4, 0.5, 0.6, 0.7]
times: [149.64, 287.9, 437.37, 575.75, 719.58, 859.04, 1004.63]
scores: [0.9162599427011603, 0.9280096543144483, 0.9047796100947083, 1.0, 1.0, 1.0, 1.0]
