training_data_sizes: [0.1, 0.2, 0.3, 0.4, 0.5]
times: [286.89, 566.2, 841.39, 1124.69, 1405.97]
scores: [1.0, 0.8462736159446054, 0.9756182743618798, 1.0, 0.9305468842959881]
