training_data_sizes: [0.1, 0.2, 0.3, 0.4, 0.5, 0.6, 0.7]
times: [44.0, 92.0, 141.0, 195.0, 246.0, 296.0, 347.0]
scores: [0.7659249521215932, 0.8514379434171087, 0.7908236853582142, 0.7290210407070921, 0.8683177338689712, 0.7617222618126589, 0.8001344492861051]
