training_data_sizes: [0.1, 0.2, 0.3, 0.4, 0.5]
times: [247.26, 483.73, 727.66, 969.15, 1206.63]
scores: [0.7426212026546681, 0.7170210403892882, 0.8949639449550835, 0.9406599198599654, 0.7846884717428029]
