training_data_sizes: [0.1, 0.2, 0.3, 0.4, 0.5, 0.6, 0.7, 0.8]
times: [107.07, 205.58, 305.72, 403.48, 500.89, 609.42, 706.97, 805.25]
scores: [0.8035654240878158, 0.9473152270284283, 0.9015103870189682, 0.8007871397113326, 0.9065123608222041, 0.9470684660295667, 0.9172594676882417, 0.8198287700419189]
