training_data_sizes: [0.1, 0.2, 0.3, 0.4, 0.5, 0.6, 0.7, 0.8, 0.9]
times: [52.0, 115.0, 179.0, 236.0, 291.0, 359.0, 419.0, 475.0, 536.0]
scores: [0.812675669200541, 0.7974848738302673, 0.6573663081456795, 0.6619877437352355, 0.6847469080981933, 0.7444800605241544, 0.5766934877436802, 0.5688874937816089, 0.562922144379846]
