training_data_sizes: [0.1, 0.2, 0.3, 0.4, 0.5, 0.6, 0.7, 0.8, 0.9, 1.0]
times: [6.34, 12.46, 19.23, 27.34, 34.18, 43.15, 53.77, 64.09, 76.47, 85.48]
scores: [0.7707988889880033, 0.7149412733751004, 0.7044841615604647, 0.7046857713206651, 0.6924710305371147, 0.6895384225979855, 0.687563864293322, 0.6883503521083814, 0.6846486042649575, 0.6859206589255582]
