training_data_sizes: [0.1, 0.2, 0.3, 0.4, 0.5, 0.6, 0.7]
times: [108.29, 200.64, 301.36, 406.1, 507.96, 603.2, 700.93]
scores: [0.8733128373152345, 0.9569016303172264, 1.0, 0.9263866179633098, 0.9772428560430101, 1.0, 1.0]
