training_data_sizes: [0.1, 0.2, 0.3, 0.4, 0.5, 0.6]
times: [187.62, 370.28, 553.13, 740.66, 925.06, 1107.51]
scores: [0.7927034450835007, 0.7848889281312366, 0.7870252346391634, 0.8227794420539893, 0.820594350045921, 0.8905167411751168]
