training_data_sizes: [0.1, 0.2, 0.3, 0.4, 0.5, 0.6]
times: [170.91, 341.3, 500.47, 676.58, 834.42, 1002.88]
scores: [0.9226438561255237, 0.9436316515700218, 1.0, 1.0, 1.0, 1.0]
