training_data_sizes: [0.1, 0.2, 0.3, 0.4, 0.5, 0.6, 0.7, 0.8, 0.9, 1.0]
times: [6.12, 10.26, 13.73, 19.49, 25.28, 28.56, 33.07, 39.14, 46.78, 49.57]
scores: [0.9144223385074564, 0.9525009808870425, 0.9666744810194429, 0.9740768216335858, 0.978647289191756, 0.9818077181794351, 0.9840998826038494, 0.9856811416312854, 0.9867623988370487, 0.9878350460248736]
