training_data_sizes: [0.1, 0.2, 0.3, 0.4]
times: [333.78, 654.92, 981.31, 1301.58]
scores: [0.9062958312126561, 0.8753752346346738, 0.9713655480032855, 0.9596124394675754]
