training_data_sizes: [0.1, 0.2, 0.3, 0.4, 0.5, 0.6, 0.7]
times: [109.94, 205.03, 309.1, 403.6, 508.74, 603.02, 701.37]
scores: [0.5941121684119368, 0.5740104894283448, 0.5188104357990188, 0.6660193794510898, 0.7268047603580678, 0.8442449444440678, 0.8854613712955408]
