training_data_sizes: [0.1, 0.2, 0.3, 0.4, 0.5, 0.6]
times: [24.0, 59.0, 89.0, 114.0, 144.0, 170.0]
scores: [0.798088346084342, 0.7891594777792317, 0.9586861714806993, 1.0, 0.8743341282348296, 0.8995085590080112]
