training_data_sizes: [0.1, 0.2, 0.3, 0.4, 0.5, 0.6, 0.7]
times: [45.0, 96.0, 146.0, 192.0, 240.0, 290.0, 344.0]
scores: [0.9470579078164406, 0.8859574658683267, 0.8845717593087106, 0.942544112664942, 1.0, 0.9474715048074507, 1.0]
