training_data_sizes: [0.1, 0.2, 0.3, 0.4, 0.5, 0.6]
times: [76.0, 151.0, 237.0, 318.0, 392.0, 472.0]
scores: [0.9369985282689902, 0.9493852368911201, 0.9267866745270819, 1.0, 1.0, 1.0]
