training_data_sizes: [0.1, 0.2, 0.3, 0.4]
times: [11.0, 34.0, 57.0, 72.0]
scores: [0.8039357680585077, 0.776688275068015, 0.9649751658888442, 0.9636573228357581]
