training_data_sizes: [0.1, 0.2, 0.3]
times: [303.01, 603.74, 900.67]
scores: [0.8117464642538599, 0.8445301523572757, 0.8010452363345482]
