training_data_sizes: [0.1, 0.2, 0.3, 0.4, 0.5, 0.6, 0.7, 0.8]
times: [63.0, 131.0, 203.0, 272.0, 346.0, 411.0, 488.99999999999994, 558.0]
scores: [0.8157043114727027, 0.7480539482994192, 0.9313165524880223, 0.9280256828487915, 0.9036176251879882, 0.8372097309912656, 0.9028042516918114, 0.7497312859716979]
