training_data_sizes: [0.1, 0.2, 0.3, 0.4, 0.5, 0.6]
times: [116.95, 236.06, 358.4, 476.21, 590.22, 700.6]
scores: [0.9403300148324443, 0.8924533547698773, 1.0, 0.9417813270293175, 1.0, 0.997631075313641]
