training_data_sizes: [0.1, 0.2]
times: [401.35, 804.34]
scores: [0.748416441689305, 0.8867789463504483]
