training_data_sizes: [0.1, 0.2, 0.3, 0.4, 0.5, 0.6, 0.7, 0.8, 0.9, 1.0]
times: [93.51, 180.96, 272.49, 368.5, 456.63, 547.43, 631.51, 726.2, 818.55, 903.09]
scores: [0.5523579527638861, 0.6738028142823541, 0.5974144184391574, 0.7745976258209626, 0.8063170103841795, 0.8435171753064421, 0.8292407247396978, 0.9843606321885394, 0.9099617873088364, 1.0]
