training_data_sizes: [0.1, 0.2, 0.3, 0.4, 0.5]
times: [23.0, 50.0, 80.0, 112.0, 143.0]
scores: [0.712387121629635, 0.7512492927822629, 0.7556133903169211, 0.7408450041017626, 0.752817975314233]
