training_data_sizes: [0.1, 0.2, 0.3, 0.4, 0.5, 0.6, 0.7, 0.8, 0.9, 1.0]
times: [110.0, 233.0, 357.0, 470.0, 596.0, 715.0, 832.0, 956.0, 1078.0, 1193.0]
scores: [0.7561572557376153, 0.9508366662318024, 0.9634502677919421, 0.9998395265739899, 0.9422822658343297, 1.0, 1.0, 1.0, 1.0, 1.0]
