training_data_sizes: [0.1, 0.2, 0.3]
times: [339.15, 674.47, 1008.28]
scores: [0.8641900219296186, 0.9207277815026815, 0.9767643276698335]
