training_data_sizes: [0.1, 0.2, 0.3, 0.4, 0.5, 0.6, 0.7, 0.8, 0.9, 1.0]
times: [82.48, 167.17, 248.89, 325.2, 401.59, 485.79, 561.45, 642.51, 727.54, 801.12]
scores: [0.9066504687696375, 0.9502247223209979, 0.9242294831677231, 0.9049651454362528, 0.9066666585702485, 0.8884261501325164, 0.925833029052036, 0.9629803901654765, 0.927651053673918, 1.0]
