training_data_sizes: [0.1, 0.2, 0.3, 0.4, 0.5, 0.6, 0.7]
times: [82.0, 174.0, 266.0, 354.0, 446.0, 536.0, 620.0]
scores: [0.8715080844533827, 0.8974832650291535, 0.9565578077107363, 1.0, 1.0, 0.9505779250728852, 0.9967735740157213]
