training_data_sizes: [0.1, 0.2, 0.3, 0.4]
times: [255.13, 502.48, 753.73, 1001.24]
scores: [0.5260738033140759, 0.5346571307062039, 0.48965595634206305, 0.5275093859091867]
