training_data_sizes: [0.1, 0.2, 0.3, 0.4, 0.5, 0.6, 0.7, 0.8, 0.9]
times: [98.64, 181.26, 276.08, 362.84, 449.77, 538.33, 627.83, 716.62, 809.74]
scores: [0.6699078557398472, 0.7079771013653586, 0.6259091669308242, 0.645002322419155, 0.5456889995657107, 0.5921095537631706, 0.709009384788418, 0.5256706823532581, 0.5118491233190461]
