training_data_sizes: [0.1, 0.2, 0.3, 0.4, 0.5, 0.6, 0.7, 0.8, 0.9]
times: [55.0, 117.0, 179.0, 234.0, 296.0, 358.0, 410.0, 479.0, 538.0]
scores: [0.7386523759486104, 0.6632310547458398, 0.8175835742179827, 0.6270198962086467, 0.6191034977727756, 0.6850028940671741, 0.6814497790910798, 0.7560467886990041, 0.5744470059180901]
