training_data_sizes: [0.1, 0.2]
times: [655.59, 1302.32]
scores: [0.788119531603826, 0.8943584989744027]
