training_data_sizes: [0.1, 0.2, 0.3, 0.4, 0.5, 0.6, 0.7, 0.8, 0.9, 1.0]
times: [116.32, 229.69, 332.15, 449.23, 557.64, 662.89, 778.74, 885.01, 995.16, 1101.08]
scores: [0.9448514380437447, 0.8701742032219209, 0.8466436530718837, 1.0, 1.0, 1.0, 1.0, 1.0, 1.0, 1.0]
