training_data_sizes: [0.1, 0.2, 0.3, 0.4, 0.5, 0.6, 0.7, 0.8]
times: [165.46, 325.25, 492.09, 658.96, 815.76, 982.19, 1142.63, 1301.25]
scores: [0.5801283576301764, 0.6702931033784258, 0.6858897252939319, 0.8463718541781076, 0.8843263766714013, 0.9921900343516294, 0.901110709141784, 1.0]
