training_data_sizes: [0.1, 0.2, 0.3, 0.4, 0.5, 0.6, 0.7, 0.8, 0.9, 1.0]
times: [461.15, 556.91, 583.52, 686.44, 794.42, 791.44, 876.63, 1015.48, 1057.79, 1185.66]
scores: [1.0, 1.0, 1.0, 1.0, 0.9999999952412018, 0.9999999955443983, 0.9999999881736679, 0.999999985659322, 0.9999999567487035, 0.9999999235254065]
