training_data_sizes: [0.1, 0.2, 0.3, 0.4, 0.5, 0.6, 0.7, 0.8, 0.9]
times: [87.0, 175.0, 268.0, 353.0, 445.0, 535.0, 626.0, 718.0, 808.0]
scores: [0.7873824885661972, 0.8791084702248098, 0.8324472946075219, 0.787252493933171, 0.8174071395326677, 0.8505594552945402, 0.9452133862984553, 1.0, 1.0]
