training_data_sizes: [0.1, 0.2, 0.3, 0.4, 0.5, 0.6, 0.7]
times: [10.0, 36.0, 56.0, 75.0, 98.0, 115.0, 136.0]
scores: [0.8585948037227905, 0.7941538302705058, 0.8822743995097782, 0.8009286706222234, 0.8928057115321884, 0.9021656403243288, 0.8831358868632495]
