training_data_sizes: [0.1, 0.2, 0.3, 0.4, 0.5, 0.6, 0.7, 0.8, 0.9, 1.0]
times: [40.77, 71.53, 89.35, 126.58, 173.42, 200.04, 216.94, 248.04, 277.13, 309.2]
scores: [1.0, 0.993277447281487, 0.9470450605110216, 0.8688117062965686, 0.8079742130326368, 0.7589522633518229, 0.7309759517657061, 0.7206023478138693, 0.6946980332602672, 0.6879912645443019]
