training_data_sizes: [0.1, 0.2, 0.3, 0.4, 0.5, 0.6, 0.7, 0.8, 0.9, 1.0]
times: [0.5, 0.83, 1.68, 1.94, 2.79, 4.02, 5.18, 6.19, 7.55, 8.83]
scores: [0.8250216379837206, 0.781131741426437, 0.7700830524175224, 0.7770353748480902, 0.7813236432062387, 0.7859941770353489, 0.7798445100535714, 0.7869053447599726, 0.78270250352264, 0.781104037677888]
