training_data_sizes: [0.1, 0.2, 0.3]
times: [272.38, 536.94, 801.48]
scores: [0.8664439311717831, 0.7576671136803341, 0.948201033754811]
