training_data_sizes: [0.1, 0.2, 0.3, 0.4, 0.5, 0.6, 0.7, 0.8, 0.9, 1.0]
times: [25.42, 78.44, 131.4, 181.61, 224.83, 330.5, 428.43, 512.78, 506.25, 712.92]
scores: [0.999730929642624, 0.9996270836751432, 0.9994199083776597, 0.9994138034689881, 0.9989615179893193, 0.9994317141734821, 0.9991157959421734, 0.9991014269306866, 0.999228736079644, 0.9987169934259246]
