training_data_sizes: [0.1, 0.2, 0.3, 0.4, 0.5]
times: [106.0, 211.0, 326.0, 435.0, 540.0]
scores: [0.9277349809716033, 0.9903342919954481, 0.9291694394162471, 0.9182588247277303, 0.9776989841232584]
