training_data_sizes: [0.1, 0.2, 0.3, 0.4, 0.5, 0.6, 0.7, 0.8, 0.9, 1.0]
times: [148.11, 285.21, 426.95, 560.41, 703.07, 849.2, 981.04, 1128.96, 1261.95, 1403.82]
scores: [0.7684533811107412, 0.9451202803980288, 0.9898235055923623, 0.8420907614597107, 0.9421088835880739, 0.9866184933418471, 1.0, 0.988814789896016, 1.0, 0.9556029312937021]
