training_data_sizes: [0.1, 0.2, 0.3, 0.4, 0.5, 0.6, 0.7, 0.8, 0.9, 1.0]
times: [118.0, 231.0, 355.0, 471.0, 592.0, 719.0, 830.0, 956.0, 1079.0, 1195.0]
scores: [0.9394330865790983, 0.8828398393586063, 0.9994979766267871, 0.9962390191495634, 1.0, 1.0, 1.0, 1.0, 0.961883405083672, 1.0]
