training_data_sizes: [0.1, 0.2, 0.3, 0.4, 0.5, 0.6, 0.7, 0.8, 0.9, 1.0]
times: [23.0, 51.0, 86.0, 112.0, 147.0, 173.0, 207.0, 236.0, 263.0, 298.0]
scores: [0.821037476978859, 0.7612869034070302, 0.7988976695768694, 1.0, 0.9732384020132647, 0.9475835919886542, 1.0, 1.0, 1.0, 1.0]
