training_data_sizes: [0.1, 0.2, 0.3, 0.4, 0.5, 0.6, 0.7]
times: [147.71, 291.47, 432.53, 581.22, 714.72, 861.82, 1005.69]
scores: [0.8516288819052038, 0.9833946441737599, 1.0, 0.91319915840358, 1.0, 0.9140282361172916, 0.9605390939224409]
