training_data_sizes: [0.1, 0.2, 0.3, 0.4, 0.5, 0.6, 0.7, 0.8, 0.9]
times: [73.0, 151.0, 231.0, 316.0, 395.0, 471.0, 550.0, 635.0, 715.0]
scores: [0.7567488358727386, 0.9133612527355914, 0.8363327835028245, 0.8762403970094985, 0.7576559387665248, 0.7545840176536107, 0.7667765950963543, 0.9451859828301243, 0.902739730875039]
