training_data_sizes: [0.1, 0.2, 0.3]
times: [472.35, 940.78, 1408.09]
scores: [0.8422675618552581, 0.7832658124658038, 0.895821170977861]
