training_data_sizes: [0.1, 0.2, 0.3, 0.4, 0.5, 0.6, 0.7, 0.8, 0.9, 1.0]
times: [0.74, 1.35, 2.03, 2.56, 3.25, 3.88, 4.44, 5.02, 5.63, 5.9]
scores: [0.8018437200397188, 0.7788890878462051, 0.7783605797621176, 0.7644001362983953, 0.758122568674594, 0.7519369519497663, 0.7418865473823576, 0.7401222750609702, 0.7386758905033881, 0.7301436366257237]
