training_data_sizes: [0.1, 0.2, 0.3, 0.4, 0.5, 0.6, 0.7, 0.8]
times: [79.85, 152.47, 228.57, 308.79, 382.04, 456.1, 527.39, 604.5]
scores: [0.8857501991722843, 0.8420418185355786, 0.9249470652327596, 0.9168631131514948, 1.0, 1.0, 1.0, 1.0]
