training_data_sizes: [0.1, 0.2, 0.3, 0.4, 0.5, 0.6, 0.7]
times: [180.46, 351.04, 517.47, 693.83, 864.65, 1029.51, 1209.61]
scores: [0.9679384812977405, 0.8974626878800505, 0.9896197098914736, 0.877325809320494, 1.0, 1.0, 1.0]
