training_data_sizes: [0.1, 0.2, 0.3]
times: [300.16, 607.07, 902.55]
scores: [0.7309170720058391, 0.7564238673634845, 0.7494934919732505]
