training_data_sizes: [0.1, 0.2, 0.3, 0.4, 0.5, 0.6, 0.7, 0.8, 0.9, 1.0]
times: [0.22, 0.33, 0.46, 0.56, 0.69, 0.79, 0.98, 1.17, 1.22, 1.4]
scores: [0.010603696467496405, 0.03355580715870577, 0.055107847555697496, 0.07067981390922279, 0.08500048330755566, 0.09557748698486207, 0.10538138406263378, 0.11509561885745112, 0.12181359215223639, 0.1301905621456595]
