training_data_sizes: [0.1, 0.2, 0.3, 0.4, 0.5, 0.6, 0.7, 0.8, 0.9, 1.0]
times: [148.37, 282.48, 423.45, 565.33, 703.32, 842.87, 989.66, 1126.59, 1262.65, 1409.87]
scores: [0.9113560802062912, 0.8921099672966035, 0.8832796571759615, 0.9158674269499125, 0.9317530331373002, 0.9970310965762705, 1.0, 1.0, 0.955670472431378, 0.951784643479133]
