training_data_sizes: [0.1, 0.2, 0.3, 0.4]
times: [125.0, 257.0, 389.0, 515.0]
scores: [0.8349502229320296, 0.8994002475638874, 0.9932577300849587, 0.9225931628871838]
