training_data_sizes: [0.1, 0.2]
times: [558.99, 1101.33]
scores: [0.8062299935924016, 0.9616529029831857]
