training_data_sizes: [0.1, 0.2, 0.3, 0.4, 0.5, 0.6, 0.7, 0.8, 0.9]
times: [157.11, 314.29, 467.65, 628.25, 778.64, 940.57, 1096.18, 1246.77, 1405.05]
scores: [0.6465427564408877, 0.6132912719366319, 0.5084937877430319, 0.4936302827255993, 0.4554748488161641, 0.5353584800945016, 0.44078805516290503, 0.5073130073875114, 0.6064645019702689]
