training_data_sizes: [0.1, 0.2, 0.3, 0.4, 0.5, 0.6, 0.7, 0.8]
times: [169.3, 329.16, 489.21, 655.99, 816.18, 983.15, 1141.94, 1307.16]
scores: [0.8515923460242896, 0.9248250470462074, 0.8978490464802038, 0.8965453687372722, 1.0, 1.0, 0.9442818554946961, 0.941080576947167]
