training_data_sizes: [0.1, 0.2, 0.3, 0.4, 0.5, 0.6, 0.7]
times: [131.0, 276.0, 417.0, 551.0, 690.0, 839.0, 978.9999999999999]
scores: [0.857529446966226, 0.8101336628059724, 1.0, 0.8938517215240757, 1.0, 1.0, 1.0]
