training_data_sizes: [0.1, 0.2, 0.3, 0.4, 0.5, 0.6, 0.7]
times: [40.0, 99.0, 148.0, 190.0, 248.0, 293.0, 346.0]
scores: [0.7857868648845535, 0.8529668718569732, 0.7385607195507644, 0.7495558016065007, 0.7825700632672381, 0.7762625056739021, 0.8315636101822128]
