training_data_sizes: [0.1, 0.2, 0.3, 0.4, 0.5, 0.6, 0.7, 0.8, 0.9, 1.0]
times: [0.72, 0.91, 1.21, 1.37, 1.59, 1.65, 1.78, 1.91, 2.05, 2.39]
scores: [0.05248044319858125, 0.05743878478373876, 0.03413367180046367, 0.031004253005514792, 0.030252586492060418, 0.027408343994807405, 0.02882439371612655, 0.03407720406033077, 0.030366677820151233, 0.023856077910159534]
