training_data_sizes: [0.1, 0.2, 0.3, 0.4, 0.5, 0.6, 0.7, 0.8]
times: [62.0, 134.0, 200.0, 274.0, 346.0, 417.0, 488.99999999999994, 558.0]
scores: [0.8482217359876904, 0.8921924815250404, 0.9097767924191693, 0.9518786084720763, 0.9404927756178678, 1.0, 1.0, 1.0]
