training_data_sizes: [0.1, 0.2, 0.3, 0.4, 0.5, 0.6, 0.7, 0.8, 0.9, 1.0]
times: [16.0, 30.0, 57.0, 75.0, 92.0, 119.0, 131.0, 152.0, 178.0, 195.0]
scores: [0.6944725227880831, 0.7058611811777578, 0.7060120408814157, 0.8019280069500692, 0.7958953268392184, 0.8366849270847574, 0.6732186316937928, 0.8541708017626775, 0.7252001434098406, 0.8626249347930267]
