training_data_sizes: [0.1, 0.2, 0.3, 0.4, 0.5]
times: [80.0, 178.0, 260.0, 357.0, 444.0]
scores: [0.9646287701677554, 0.9942414933964945, 1.0, 1.0, 1.0]
