training_data_sizes: [0.1, 0.2, 0.3, 0.4]
times: [38.0, 77.0, 118.0, 159.0]
scores: [0.625197553811766, 0.7768640469217786, 0.5919088556536134, 0.7159683743188489]
