training_data_sizes: [0.1, 0.2]
times: [121.0, 255.0]
scores: [0.5044363854690277, 0.5686948879395962]
