training_data_sizes: [0.1, 0.2, 0.3, 0.4, 0.5]
times: [141.51, 288.63, 427.59, 560.29, 702.22]
scores: [0.5329968717077147, 0.4697961600851543, 0.5717132436741036, 0.6011252760260742, 0.5833666798804158]
