training_data_sizes: [0.1, 0.2, 0.3]
times: [8.0, 12.0, 20.0]
scores: [0.9808181509786813, 0.9295186505165762, 0.9352476713808546]
