training_data_sizes: [0.1, 0.2, 0.3, 0.4, 0.5, 0.6, 0.7, 0.8, 0.9]
times: [115.0, 235.0, 357.0, 472.0, 592.0, 718.0, 830.0, 955.0, 1073.0]
scores: [0.6854436042321266, 0.6565258603464512, 0.7542744397260639, 0.8891090313760444, 0.9670596732353722, 0.8430638958496964, 0.9230993082662212, 1.0, 1.0]
