training_data_sizes: [0.1, 0.2, 0.3, 0.4, 0.5]
times: [146.37, 287.16, 421.81, 567.17, 706.42]
scores: [0.7757054519091557, 0.913953106757743, 0.8731468635047613, 0.8621933917019515, 1.0]
