training_data_sizes: [0.1, 0.2, 0.3]
times: [407.81, 805.62, 1206.55]
scores: [0.49125926077019, 0.43300993585416264, 0.4555102818869068]
