training_data_sizes: [0.1, 0.2]
times: [401.37, 803.51]
scores: [0.9308075895035623, 0.8053372733783327]
