training_data_sizes: [0.1, 0.2, 0.3, 0.4, 0.5, 0.6, 0.7, 0.8, 0.9, 1.0]
times: [133.52, 266.29, 394.65, 526.47, 656.67, 789.09, 910.61, 1044.48, 1171.39, 1307.14]
scores: [0.7473404216669797, 0.863004063414702, 0.8908961688562305, 0.8749645937327204, 0.9650162022271195, 1.0, 1.0, 1.0, 1.0, 1.0]
