training_data_sizes: [0.1, 0.2, 0.3, 0.4, 0.5, 0.6, 0.7, 0.8, 0.9, 1.0]
times: [1.73, 2.98, 3.98, 5.51, 6.88, 8.12, 9.38, 10.53, 11.55, 12.38]
scores: [0.4086796419063017, 0.41608606678760945, 0.4095211863586594, 0.41181977744936304, 0.4122154592557014, 0.40971857054741206, 0.4120796961531841, 0.4181302594617679, 0.41605047143566026, 0.4166507147016687]
