training_data_sizes: [0.1, 0.2, 0.3, 0.4, 0.5, 0.6, 0.7, 0.8, 0.9, 1.0]
times: [0.89, 1.64, 2.53, 3.39, 4.44, 5.27, 6.37, 7.39, 8.37, 9.35]
scores: [0.29927496280414, 0.29746948242294574, 0.30728224676675714, 0.3068959707944936, 0.3053356767467157, 0.31506350134831146, 0.3152625187857952, 0.31729195142441835, 0.3170317318148874, 0.3167624075981532]
