training_data_sizes: [0.1, 0.2, 0.3, 0.4]
times: [351.28, 700.64, 1055.05, 1402.59]
scores: [0.8355603645936578, 0.8851748000622318, 0.9134310952835631, 0.8290011154357881]
