training_data_sizes: [0.1, 0.2, 0.3, 0.4, 0.5, 0.6]
times: [101.03, 202.32, 309.71, 409.74, 504.09, 607.99]
scores: [0.8107283645154066, 0.8024059499942373, 0.7965639799296967, 0.9221274710355604, 0.9413376654258323, 0.9073202930522797]
