training_data_sizes: [0.1, 0.2, 0.3, 0.4]
times: [159.11, 301.7, 453.5, 609.06]
scores: [0.7588990320584654, 0.7283791912424629, 0.758789671102958, 0.7390729011599497]
