training_data_sizes: [0.1, 0.2, 0.3, 0.4, 0.5, 0.6, 0.7]
times: [61.0, 131.0, 200.0, 277.0, 341.0, 415.0, 481.99999999999994]
scores: [0.4933904259576769, 0.6137763666732735, 0.5312658750014592, 0.6127578867772724, 0.7618960314096352, 0.7314841944504119, 0.8558718541895769]
