training_data_sizes: [0.1, 0.2, 0.3, 0.4, 0.5, 0.6, 0.7, 0.8, 0.9, 1.0]
times: [50.0, 119.0, 177.0, 235.0, 298.0, 357.0, 413.0, 473.0, 536.0, 597.0]
scores: [0.951324461087532, 0.9171555264081259, 0.9849438422140171, 1.0, 0.8852319196113211, 0.8679812115716387, 0.9690554763282158, 1.0, 1.0, 1.0]
