training_data_sizes: [0.1, 0.2, 0.3, 0.4, 0.5, 0.6]
times: [79.94, 182.82, 315.89, 476.23, 645.23, 847.5]
scores: [0.9996346091176764, 0.9995646625672077, 0.9995796411863872, 0.9993863905097828, 0.9995807618020909, 0.9995551182850454]
