training_data_sizes: [0.1, 0.2]
times: [355.19, 700.36]
scores: [0.9551537999615125, 0.8795426982268046]
