training_data_sizes: [0.1, 0.2, 0.3, 0.4, 0.5, 0.6, 0.7, 0.8, 0.9]
times: [79.0, 152.0, 239.0, 314.0, 393.0, 473.0, 555.0, 632.0, 714.0]
scores: [0.7210091794430593, 0.9202859793630009, 0.8748959617825747, 0.8638702693813343, 0.8489080804349445, 0.934166041704604, 1.0, 0.9569984759122206, 1.0]
