training_data_sizes: [0.1, 0.2, 0.3, 0.4, 0.5, 0.6, 0.7, 0.8, 0.9]
times: [117.49, 222.84, 338.45, 450.44, 564.99, 674.23, 779.74, 894.14, 1008.55]
scores: [0.9360426625871119, 1.0, 0.9538687969231574, 1.0, 1.0, 1.0, 1.0, 1.0, 1.0]
