training_data_sizes: [0.1, 0.2, 0.3, 0.4, 0.5, 0.6, 0.7]
times: [162.78, 317.4, 473.67, 634.83, 790.55, 949.79, 1100.42]
scores: [0.8345052219069713, 0.8614608172393455, 0.9012453599062025, 1.0, 0.9795799623613364, 1.0, 1.0]
