training_data_sizes: [0.1, 0.2, 0.3, 0.4, 0.5, 0.6, 0.7, 0.8, 0.9]
times: [101.09, 206.41, 301.69, 402.27, 503.61, 600.25, 706.71, 800.25, 907.25]
scores: [0.8565474311045771, 0.9413983330277009, 1.0, 0.8753308313119463, 0.8173447752385619, 0.8872317664510362, 0.9899151307359613, 0.9289666351341175, 0.9280054396661477]
