training_data_sizes: [0.1, 0.2, 0.3]
times: [439.74, 868.9, 1302.44]
scores: [0.7366228924614397, 0.8349820844878626, 0.7584158890556822]
