training_data_sizes: [0.1, 0.2, 0.3, 0.4, 0.5, 0.6, 0.7]
times: [93.0, 196.0, 297.0, 392.0, 496.0, 593.0, 696.0]
scores: [0.5817724308590901, 0.8194518297412768, 0.7687573972142449, 0.7809463274349289, 1.0, 0.9218849848919191, 1.0]
