training_data_sizes: [0.1, 0.2, 0.3, 0.4, 0.5, 0.6, 0.7, 0.8, 0.9, 1.0]
times: [100.8, 204.54, 306.66, 409.36, 504.79, 602.37, 702.39, 805.73, 901.92, 1007.04]
scores: [0.9288776053978365, 0.7854877725245251, 0.9005174285165536, 0.8220909899965163, 0.9315019399138966, 0.7964409691999104, 0.8180491927193978, 0.8263085285469733, 0.9420372663449881, 0.8505981502178878]
