training_data_sizes: [0.1, 0.2, 0.3, 0.4, 0.5, 0.6, 0.7, 0.8, 0.9, 1.0]
times: [18.0, 30.0, 59.0, 72.0, 90.0, 113.0, 137.0, 156.0, 179.0, 195.0]
scores: [0.7730111170398984, 0.661692226390376, 0.7498505498587529, 0.8734942019482921, 0.8844074701180824, 1.0, 1.0, 0.930376931567357, 0.9653428462311735, 1.0]
