training_data_sizes: [0.1, 0.2, 0.3, 0.4, 0.5]
times: [140.78, 287.25, 428.66, 563.89, 709.56]
scores: [0.8710903348893075, 0.8731755949048429, 0.9254232074851538, 0.9264864232795773, 1.0]
