training_data_sizes: [0.1, 0.2, 0.3, 0.4, 0.5, 0.6, 0.7, 0.8, 0.9]
times: [80.27, 164.48, 234.24, 314.58, 392.9, 476.46, 554.15, 623.43, 707.32]
scores: [0.9423139240426445, 1.0, 0.9619325789836467, 1.0, 1.0, 1.0, 1.0, 1.0, 1.0]
