training_data_sizes: [0.1, 0.2, 0.3]
times: [76.0, 150.0, 237.0]
scores: [0.8928377092736625, 0.8445715439199133, 0.9255620795441002]
