training_data_sizes: [0.1, 0.2, 0.3, 0.4, 0.5, 0.6, 0.7, 0.8]
times: [72.0, 154.0, 231.0, 313.0, 399.0, 477.0, 552.0, 632.0]
scores: [0.8803887424609327, 1.0, 0.9137812109245367, 1.0, 1.0, 1.0, 1.0, 1.0]
