training_data_sizes: [0.1, 0.2, 0.3, 0.4]
times: [72.0, 155.0, 230.0, 318.0]
scores: [0.9475027897883624, 0.8520596821212874, 0.8932479911638798, 0.827018663029462]
