training_data_sizes: [0.1, 0.2, 0.3]
times: [61.0, 137.0, 200.0]
scores: [0.854270303421977, 0.925051179001225, 0.8839670191967179]
