training_data_sizes: [0.1, 0.2, 0.3, 0.4, 0.5, 0.6, 0.7, 0.8]
times: [23.0, 53.0, 81.0, 118.0, 141.0, 177.0, 201.0, 238.0]
scores: [0.9358292462978552, 0.9210533144867238, 0.9881312694650719, 1.0, 1.0, 1.0, 1.0, 1.0]
