training_data_sizes: [0.1, 0.2, 0.3, 0.4]
times: [254.66, 505.51, 757.81, 1009.05]
scores: [0.8673830279503265, 0.8790333202308158, 0.8551077012591464, 0.9883072224201476]
