training_data_sizes: [0.1, 0.2, 0.3, 0.4, 0.5, 0.6, 0.7, 0.8, 0.9, 1.0]
times: [0.13, 0.24, 0.33, 0.43, 0.55, 0.64, 0.76, 0.83, 0.96, 1.04]
scores: [0.9425038739669422, 0.8529582275704302, 0.7759232293167266, 0.7193904929983315, 0.7073071503671078, 0.6988672884612783, 0.6810988468603472, 0.6807612540272421, 0.6611458328322131, 0.6528644270656991]
