training_data_sizes: [0.1, 0.2, 0.3, 0.4, 0.5]
times: [284.94, 564.4, 846.37, 1121.07, 1402.28]
scores: [0.8669958215052304, 0.7416722485691287, 0.8456079332991165, 0.8424819165611186, 0.684873042170769]
