training_data_sizes: [0.1, 0.2, 0.3, 0.4, 0.5, 0.6, 0.7, 0.8, 0.9]
times: [152.11, 294.32, 443.16, 581.37, 726.2, 868.31, 1016.41, 1158.1, 1305.81]
scores: [0.6840299491169346, 0.7532839043659909, 0.6706821221839002, 0.6908277226093138, 0.5745595906273062, 0.6887264547642513, 0.638493076112611, 0.5290788138986333, 0.6128389355791939]
