training_data_sizes: [0.1, 0.2, 0.3, 0.4, 0.5, 0.6, 0.7, 0.8, 0.9, 1.0]
times: [50.19, 82.9, 124.34, 170.58, 216.14, 262.96, 316.79, 366.74, 414.31, 467.28]
scores: [0.9387476571302953, 0.7855638456706421, 0.6903493618343177, 0.6266359480434215, 0.5825090002749861, 0.5484883632974034, 0.5233711973584623, 0.4997244542939582, 0.4909536308048369, 0.47523126483824774]
