training_data_sizes: [0.1, 0.2, 0.3, 0.4]
times: [122.0, 253.0, 381.0, 513.0]
scores: [0.8379000306104256, 0.7548747653070732, 0.7851375237315199, 0.9743099693081172]
