training_data_sizes: [0.1, 0.2]
times: [704.68, 1409.06]
scores: [0.9714038757398644, 0.9784194803336448]
