training_data_sizes: [0.1, 0.2, 0.3, 0.4, 0.5]
times: [266.53, 528.8, 789.22, 1045.34, 1302.4]
scores: [0.8821151005202832, 0.8790003246520878, 0.9488906728236598, 0.9469234230385786, 0.9448407807617389]
