training_data_sizes: [0.1, 0.2]
times: [43.0, 94.0]
scores: [0.5180987138412056, 0.6046671813083588]
