training_data_sizes: [0.1, 0.2, 0.3, 0.4, 0.5, 0.6, 0.7, 0.8]
times: [90.02, 184.85, 265.5, 354.56, 440.99, 528.23, 617.2, 707.86]
scores: [0.9804821629248632, 1.0, 0.8871758932219094, 0.9286762471598232, 1.0, 1.0, 0.985589923809774, 1.0]
