training_data_sizes: [0.1, 0.2, 0.3, 0.4, 0.5, 0.6, 0.7, 0.8, 0.9]
times: [135.37, 269.49, 404.07, 539.48, 667.2, 804.34, 941.89, 1073.86, 1208.41]
scores: [0.7163253212437208, 0.801663795029262, 0.9781936360613572, 0.9875439405746808, 0.9930369202694853, 1.0, 0.9767965278001116, 0.9686611722729752, 1.0]
