training_data_sizes: [0.1, 0.2, 0.3, 0.4, 0.5, 0.6]
times: [55.0, 117.0, 172.0, 238.0, 299.0, 352.0]
scores: [0.7109382707927208, 0.7574894885386383, 0.8487670902320823, 1.0, 1.0, 1.0]
