training_data_sizes: [0.1, 0.2]
times: [136.0, 271.0]
scores: [0.9189585140780174, 0.7729608234890211]
