training_data_sizes: [0.1, 0.2, 0.3, 0.4, 0.5]
times: [46.0, 96.0, 141.0, 190.0, 244.0]
scores: [1.0, 1.0, 0.9726633898395316, 0.9963659646098976, 1.0]
