training_data_sizes: [0.1, 0.2, 0.3, 0.4, 0.5, 0.6, 0.7, 0.8]
times: [167.5, 329.56, 495.14, 659.14, 814.13, 975.77, 1145.03, 1302.9]
scores: [0.7807746281769221, 0.6788175690161784, 0.7773572488041194, 0.8022288378754712, 0.6787480467940481, 0.7138402546045742, 0.7190015783465822, 0.8373360707629769]
