training_data_sizes: [0.1, 0.2, 0.3, 0.4]
times: [66.0, 131.0, 200.0, 277.0]
scores: [0.8310723968679083, 0.8498339413542317, 0.9251878156477824, 0.9248872459145994]
