training_data_sizes: [0.1, 0.2, 0.3, 0.4, 0.5, 0.6, 0.7, 0.8, 0.9, 1.0]
times: [1.55, 2.6, 4.2, 5.78, 6.74, 7.21, 8.85, 9.62, 10.27, 11.24]
scores: [0.7153751537515376, 0.656570582778566, 0.6538928887434396, 0.6391432489756979, 0.6360363532505136, 0.6128973375505951, 0.6007362832882497, 0.5911672708935289, 0.586556522031731, 0.5751199704688077]
