training_data_sizes: [0.1, 0.2, 0.3]
times: [243.32, 472.94, 700.68]
scores: [0.8341744304594085, 0.9862459779134802, 1.0]
