training_data_sizes: [0.1, 0.2, 0.3, 0.4, 0.5, 0.6, 0.7, 0.8, 0.9, 1.0]
times: [50.0, 114.0, 178.0, 235.0, 291.0, 353.0, 413.0, 473.0, 537.0, 593.0]
scores: [0.49055072169279224, 0.4562126039057625, 0.6062822564708735, 0.6017786770089606, 0.5686593122317584, 0.6381962637996923, 0.7413337792421701, 0.7112109224866283, 0.8290554847429874, 0.9295376676561027]
