training_data_sizes: [0.1, 0.2, 0.3, 0.4, 0.5, 0.6, 0.7, 0.8, 0.9, 1.0]
times: [81.0, 177.0, 267.0, 359.0, 442.0, 536.0, 625.0, 713.0, 805.0, 897.0]
scores: [0.7694442711446924, 0.8531429934787413, 0.9187943974996424, 0.8555605865684819, 0.8540431326775353, 0.8136923711625308, 0.7757247567432644, 0.8995616250409992, 0.7868906475241478, 0.8252103661539407]
