training_data_sizes: [0.1, 0.2, 0.3, 0.4, 0.5, 0.6, 0.7, 0.8]
times: [115.0, 233.0, 355.0, 472.0, 599.0, 717.0, 835.0, 953.0]
scores: [0.8224771128934902, 0.7961377235012859, 0.9669022815528788, 0.9956393161593149, 0.9898006767356258, 0.9803798135007853, 1.0, 0.9927421762014919]
