training_data_sizes: [0.1, 0.2, 0.3, 0.4]
times: [57.0, 116.0, 177.0, 238.0]
scores: [0.9747415340760639, 0.8495262015480176, 1.0, 0.9686665585505646]
