training_data_sizes: [0.1, 0.2, 0.3, 0.4, 0.5, 0.6, 0.7]
times: [68.0, 130.0, 204.0, 276.0, 342.0, 410.0, 487.99999999999994]
scores: [0.7972023063436032, 0.8016399770951605, 0.8846174752682164, 1.0, 1.0, 1.0, 1.0]
