training_data_sizes: [0.1, 0.2, 0.3]
times: [23.0, 57.0, 80.0]
scores: [0.5735311095409621, 0.55498041893671, 0.6728676336355472]
