training_data_sizes: [0.1, 0.2, 0.3]
times: [127.0, 258.0, 388.0]
scores: [0.6782307946888766, 0.6539618797193258, 0.6834073458071486]
