training_data_sizes: [0.1, 0.2, 0.3, 0.4, 0.5, 0.6, 0.7]
times: [105.18, 201.07, 303.67, 401.05, 504.25, 608.16, 705.1]
scores: [0.5298965041354632, 0.5793530912748595, 0.6380397878780681, 0.7320830280273746, 0.7885207088716899, 0.7801344490466047, 0.9020035317643391]
