training_data_sizes: [0.1, 0.2, 0.3, 0.4]
times: [333.74, 650.58, 983.28, 1306.19]
scores: [0.8641759548462586, 1.0, 0.9665541312376367, 1.0]
