training_data_sizes: [0.1, 0.2, 0.3, 0.4]
times: [179.2, 357.53, 526.75, 706.84]
scores: [0.7916141447247911, 0.767103175892043, 0.9124886363995669, 0.9804698096315435]
