training_data_sizes: [0.1, 0.2, 0.3, 0.4, 0.5, 0.6, 0.7, 0.8, 0.9]
times: [19.0, 34.0, 52.0, 72.0, 92.0, 118.0, 139.0, 151.0, 178.0]
scores: [0.8897517091594516, 0.7497292171598542, 0.770000449291992, 0.8725940779959607, 0.7902224335659382, 0.7833389457579447, 0.9457536163900925, 0.8257957942019253, 0.8276562925852882]
