training_data_sizes: [0.1, 0.2, 0.3, 0.4, 0.5, 0.6, 0.7, 0.8, 0.9, 1.0]
times: [8.59, 19.25, 34.98, 50.0, 70.61, 94.22, 130.89, 147.71, 179.28, 214.05]
scores: [0.9221009814049588, 0.9231730437780077, 0.9272391954601484, 0.9234247426926994, 0.9302842774383606, 0.9325768954924964, 0.9375084300117953, 0.9381065585499415, 0.9364838900794477, 0.9347595192818652]
