training_data_sizes: [0.1, 0.2, 0.3, 0.4, 0.5, 0.6, 0.7, 0.8]
times: [166.35, 328.39, 496.01, 658.49, 815.12, 980.57, 1138.07, 1302.65]
scores: [0.9379861552380793, 0.9034395618524236, 1.0, 0.9640541466666374, 1.0, 1.0, 0.9974278086907484, 1.0]
