training_data_sizes: [0.1, 0.2, 0.3]
times: [203.42, 408.9, 608.52]
scores: [0.8970111952202002, 0.8973034640010968, 0.8979855624422974]
