training_data_sizes: [0.1, 0.2]
times: [305.18, 603.72]
scores: [0.8842505159215426, 0.8847051669921742]
