training_data_sizes: [0.1, 0.2, 0.3, 0.4, 0.5, 0.6, 0.7, 0.8, 0.9, 1.0]
times: [24.18, 29.11, 34.82, 40.58, 46.02, 52.45, 57.62, 62.94, 71.5, 76.05]
scores: [1.0, 0.9992789849229553, 0.9953817101509567, 0.9885231618515534, 0.9827631305103196, 0.9800848554251186, 0.9716976168343701, 0.9648126103782543, 0.962163127876303, 0.9570863981642311]
