training_data_sizes: [0.1, 0.2, 0.3, 0.4, 0.5, 0.6, 0.7, 0.8, 0.9, 1.0]
times: [145.68, 285.45, 426.89, 562.76, 701.48, 843.48, 986.06, 1127.91, 1269.57, 1405.3]
scores: [0.9353499636388505, 0.9023721859774514, 0.9337864240960121, 0.9747815750011362, 0.9935079062015861, 0.9296498601726173, 1.0, 1.0, 1.0, 1.0]
