training_data_sizes: [0.1, 0.2, 0.3, 0.4, 0.5, 0.6, 0.7, 0.8, 0.9, 1.0]
times: [0.02, 0.02, 0.03, 0.03, 0.04, 0.05, 0.05, 0.05, 0.04, 0.05]
scores: [1.0, 1.0, 1.0, 0.9985218033998522, 0.9945280437756499, 0.9886772106398274, 0.9869487566973485, 0.9829440730653902, 0.9790238181162034, 0.9752823353931388]
