training_data_sizes: [0.1, 0.2, 0.3, 0.4, 0.5, 0.6, 0.7, 0.8]
times: [172.41, 331.96, 488.33, 655.03, 814.55, 977.42, 1142.36, 1301.03]
scores: [0.8265766427318366, 0.8483345240308029, 0.8966272429760539, 1.0, 0.949192578722146, 1.0, 1.0, 1.0]
