training_data_sizes: [0.1, 0.2, 0.3, 0.4, 0.5, 0.6, 0.7]
times: [33.0, 74.0, 111.0, 150.0, 191.0, 234.0, 278.0]
scores: [0.7758489002286996, 0.9104447761486673, 0.8051791500406513, 0.8540071955427646, 0.9777137629795454, 0.8805472853478421, 1.0]
