training_data_sizes: [0.1, 0.2]
times: [400.38, 803.15]
scores: [0.840768287799027, 0.7875533369348682]
