training_data_sizes: [0.1, 0.2, 0.3, 0.4, 0.5, 0.6, 0.7]
times: [158.57, 319.28, 480.4, 637.0, 791.66, 951.95, 1109.53]
scores: [0.7581661387556212, 0.7559450213960033, 0.8897095625137715, 0.8750826722749124, 0.8200333515485765, 0.9895951923688252, 0.9565283223541493]
