training_data_sizes: [0.1, 0.2]
times: [301.18, 600.85]
scores: [0.9199207692404685, 0.9399539878454573]
