training_data_sizes: [0.1, 0.2, 0.3, 0.4]
times: [4.0, 15.0, 22.0, 36.0]
scores: [0.48900604554587124, 0.6031381695787336, 0.45885495192398407, 0.4526478022264518]
