training_data_sizes: [0.1, 0.2, 0.3, 0.4, 0.5, 0.6, 0.7]
times: [134.0, 275.0, 415.0, 558.0, 699.0, 832.0, 977.9999999999999]
scores: [0.7962732415498622, 0.7998647347408194, 0.9425606135230808, 0.8495699731701922, 0.892341126969614, 0.9167670957266786, 0.9280845429373283]
