training_data_sizes: [0.1, 0.2, 0.3, 0.4, 0.5, 0.6, 0.7, 0.8, 0.9, 1.0]
times: [114.68, 228.02, 338.88, 448.83, 556.52, 666.4, 770.92, 883.34, 991.4, 1105.94]
scores: [0.6103426579560589, 0.6751015942190924, 0.6176950633000932, 0.5653363247022827, 0.8033617267424558, 0.7919493164882826, 0.763617504321028, 0.9237805905649951, 0.9629291129979508, 0.993655951577057]
