training_data_sizes: [0.1, 0.2, 0.3, 0.4, 0.5, 0.6, 0.7, 0.8]
times: [110.0, 239.0, 354.0, 476.0, 599.0, 716.0, 833.0, 956.0]
scores: [1.0, 0.9038104037830668, 0.9750149813241119, 0.9748333696204601, 1.0, 1.0, 1.0, 1.0]
