training_data_sizes: [0.1, 0.2, 0.3]
times: [373.08, 742.95, 1102.35]
scores: [0.9656026616287583, 0.9368485914731601, 0.8205883435426546]
