training_data_sizes: [0.1, 0.2, 0.3, 0.4, 0.5]
times: [286.89, 565.04, 842.19, 1125.41, 1401.09]
scores: [0.850048496078583, 0.941243172752338, 0.9246324981032349, 0.817510961886358, 0.8741312609682109]
