training_data_sizes: [0.1, 0.2, 0.3, 0.4, 0.5, 0.6, 0.7, 0.8]
times: [115.73, 234.54, 341.51, 452.45, 567.17, 683.85, 796.39, 907.38]
scores: [0.7836559306510008, 0.8503683892151268, 0.9097012923246721, 0.7996201892385032, 0.8329986022265898, 0.9603229956841965, 0.9297218365392348, 1.0]
