training_data_sizes: [0.1, 0.2, 0.3, 0.4, 0.5, 0.6, 0.7, 0.8]
times: [75.0, 157.0, 230.0, 316.0, 396.0, 472.0, 558.0, 639.0]
scores: [0.774512956990077, 0.8290605298815386, 0.9162241827370742, 0.7986969988564667, 0.8119728298454487, 0.7690372762296396, 0.8592862086308302, 0.7360540662020689]
