training_data_sizes: [0.1, 0.2, 0.3]
times: [135.0, 271.0, 415.0]
scores: [0.8348733379271691, 0.8016377518694054, 0.8518611912799423]
