training_data_sizes: [0.1, 0.2, 0.3, 0.4, 0.5, 0.6]
times: [126.0, 258.0, 383.0, 519.0, 649.0, 775.0]
scores: [0.8602642858657459, 0.9584518691550059, 1.0, 0.9145268987424188, 0.9252301526583897, 0.9698244547686461]
