training_data_sizes: [0.1, 0.2, 0.3, 0.4, 0.5, 0.6]
times: [121.0, 253.0, 385.0, 516.0, 644.0, 770.0]
scores: [0.629129977226157, 0.44428512939461584, 0.5559175517997408, 0.44062154495023764, 0.5496726408686248, 0.5885376615463725]
