training_data_sizes: [0.1, 0.2, 0.3, 0.4, 0.5, 0.6, 0.7, 0.8, 0.9, 1.0]
times: [89.29, 166.37, 248.99, 326.27, 402.73, 483.73, 568.73, 644.13, 727.29, 804.01]
scores: [0.7974357265290084, 0.8230640979294483, 0.7982697737674058, 0.8884221881495595, 0.959118331595191, 0.9153792075103316, 1.0, 1.0, 0.988206909009882, 1.0]
