training_data_sizes: [0.1, 0.2, 0.3, 0.4]
times: [66.0, 139.0, 200.0, 279.0]
scores: [0.7025587174046459, 0.6718374633735413, 0.6685693373794196, 0.7364031797762156]
