training_data_sizes: [0.1, 0.2, 0.3, 0.4, 0.5, 0.6, 0.7, 0.8]
times: [58.0, 116.0, 173.0, 233.0, 294.0, 355.0, 418.0, 470.0]
scores: [0.9571552144537405, 0.8367549002838722, 1.0, 1.0, 0.9478829053560827, 1.0, 0.969206427442266, 1.0]
