training_data_sizes: [0.1, 0.2, 0.3, 0.4, 0.5]
times: [6.0, 13.0, 25.0, 38.0, 42.0]
scores: [0.8233365524706522, 0.8212709120172035, 0.9834344756000195, 0.9266619838813933, 1.0]
