training_data_sizes: [0.1, 0.2, 0.3, 0.4, 0.5, 0.6, 0.7, 0.8]
times: [165.97, 331.49, 494.54, 659.69, 817.12, 984.29, 1139.36, 1309.7]
scores: [0.813085359744243, 0.76025847660286, 0.7993754611627236, 0.9288739325758439, 0.9976707319075162, 0.8771089016424379, 0.9670625974583866, 0.9933807660719769]
