training_data_sizes: [0.1, 0.2, 0.3, 0.4]
times: [4.0, 12.0, 21.0, 31.0]
scores: [0.8176626021837674, 0.83901586296608, 0.9195137897922225, 1.0]
