training_data_sizes: [0.1, 0.2, 0.3, 0.4, 0.5, 0.6, 0.7, 0.8]
times: [47.0, 97.0, 148.0, 192.0, 248.0, 291.0, 340.0, 391.0]
scores: [0.8059052319582212, 0.8678300869158996, 0.9509420360200419, 1.0, 1.0, 1.0, 1.0, 1.0]
