training_data_sizes: [0.1, 0.2, 0.3, 0.4]
times: [71.0, 155.0, 239.0, 314.0]
scores: [0.8084944442721513, 0.8189757939524903, 0.7422457090021815, 0.8483915802882859]
