training_data_sizes: [0.1, 0.2, 0.3, 0.4, 0.5, 0.6, 0.7, 0.8, 0.9, 1.0]
times: [1.6, 2.91, 3.76, 5.09, 6.25, 8.12, 8.59, 9.9, 11.12, 14.79]
scores: [0.4390144316832741, 0.4407837160633381, 0.43333452595697136, 0.43492341235946, 0.42873194708316714, 0.4313317957244302, 0.4305469160828291, 0.4337552043151082, 0.43506135282945335, 0.4343136485752381]
