training_data_sizes: [0.1, 0.2, 0.3]
times: [78.0, 150.0, 234.0]
scores: [0.6428257034610775, 0.7807273028866472, 0.6400596550559373]
