training_data_sizes: [0.1, 0.2]
times: [50.0, 119.0]
scores: [0.578144478466069, 0.5389284241708742]
