training_data_sizes: [0.1, 0.2, 0.3, 0.4, 0.5]
times: [76.0, 158.0, 237.0, 319.0, 394.0]
scores: [0.7899523108470428, 0.7583004712974935, 0.6601240317285111, 0.6388948340058129, 0.6512537527228794]
