training_data_sizes: [0.1, 0.2, 0.3, 0.4, 0.5]
times: [120.0, 258.0, 382.0, 511.0, 642.0]
scores: [0.8141462101311641, 0.8254126213097461, 0.8917235467707295, 0.9229091458491454, 1.0]
