training_data_sizes: [0.1, 0.2, 0.3, 0.4]
times: [331.62, 650.43, 976.6, 1305.12]
scores: [0.9221723821556258, 0.8224550808285281, 0.8490696805506521, 0.9869680648667076]
