training_data_sizes: [0.1, 0.2, 0.3, 0.4, 0.5, 0.6, 0.7, 0.8, 0.9]
times: [21.0, 58.0, 85.0, 117.0, 145.0, 179.0, 207.0, 230.0, 262.0]
scores: [0.6517907286325041, 0.480502354606216, 0.5512776048782139, 0.49639607674715114, 0.5316154021343786, 0.6239951762269352, 0.5676599785263979, 0.5921991292481051, 0.5867765705087692]
