training_data_sizes: [0.1, 0.2, 0.3, 0.4, 0.5]
times: [182.15, 360.74, 545.89, 725.21, 904.09]
scores: [0.8449596297178277, 0.842400783597808, 0.8618058055814438, 0.869568800235581, 0.8547249437106258]
