training_data_sizes: [0.1, 0.2, 0.3]
times: [342.88, 673.86, 1000.95]
scores: [0.7068081388445069, 0.8725970485243204, 0.8106614237501755]
