training_data_sizes: [0.1, 0.2]
times: [552.79, 1103.35]
scores: [0.6511667077933485, 0.6450409841408942]
