training_data_sizes: [0.1, 0.2, 0.3, 0.4]
times: [276.54, 554.66, 829.72, 1103.82]
scores: [0.876914466643816, 0.8454892977263048, 0.8922395498713129, 0.8740928094732408]
