training_data_sizes: [0.1, 0.2, 0.3]
times: [340.07, 670.34, 1007.79]
scores: [0.8372437091215947, 0.8156740770305342, 1.0]
