training_data_sizes: [0.1, 0.2, 0.3, 0.4, 0.5, 0.6, 0.7]
times: [86.07, 171.54, 257.71, 345.06, 428.98, 523.87, 600.3]
scores: [0.4131808002043534, 0.5511291889136574, 0.5211741047569313, 0.4783945207614616, 0.5180197257857921, 0.6196947526931376, 0.6698436983835033]
