training_data_sizes: [0.1, 0.2, 0.3, 0.4, 0.5, 0.6, 0.7, 0.8, 0.9]
times: [53.0, 119.0, 173.0, 234.0, 294.0, 357.0, 414.0, 479.0, 539.0]
scores: [0.5207243826137086, 0.5344097792259843, 0.6356808456500987, 0.6147705371668676, 0.540235048067556, 0.6852122645306931, 0.7528563934648913, 0.8723606810279275, 0.9450432764447199]
