training_data_sizes: [0.1, 0.2, 0.3, 0.4, 0.5, 0.6, 0.7, 0.8, 0.9]
times: [160.57, 319.6, 476.17, 624.82, 783.41, 933.83, 1089.42, 1250.2, 1400.21]
scores: [0.7983519249377392, 0.8257473517943537, 0.772980388257791, 0.8328670585769495, 0.9288825115231879, 0.947543402761784, 0.947981264274957, 1.0, 1.0]
