training_data_sizes: [0.1, 0.2, 0.3, 0.4, 0.5, 0.6, 0.7, 0.8]
times: [89.0, 176.0, 264.0, 359.0, 445.0, 539.0, 627.0, 713.0]
scores: [0.6976197747997249, 0.7434458990178245, 0.6538946817943669, 0.7062291077619671, 0.8875281131605861, 0.9613663046834275, 1.0, 0.9377459940494884]
