training_data_sizes: [0.1, 0.2, 0.3, 0.4, 0.5, 0.6, 0.7, 0.8]
times: [27.0, 51.0, 83.0, 111.0, 146.0, 178.0, 206.0, 233.0]
scores: [0.8593016339020834, 0.8651262527601362, 0.8253207375205927, 0.7109010082757424, 0.7809722095142879, 0.7064497880540643, 0.7196510025303698, 0.7996324244925317]
