training_data_sizes: [0.1, 0.2]
times: [103.19, 219.96]
scores: [0.9362920329514938, 0.9470514907129689]
