training_data_sizes: [0.1, 0.2, 0.3, 0.4, 0.5, 0.6, 0.7, 0.8]
times: [165.82, 327.84, 490.6, 650.24, 818.24, 984.41, 1145.92, 1309.5]
scores: [0.8281294089053979, 0.8896209483805013, 0.8944233394743546, 1.0, 0.9066680575424229, 0.9660629695121001, 1.0, 0.9865112930316755]
