training_data_sizes: [0.1, 0.2, 0.3, 0.4, 0.5, 0.6]
times: [226.09, 438.44, 656.29, 874.42, 1085.81, 1305.6]
scores: [0.5452056543240761, 0.6002016257117718, 0.5910699854903682, 0.6261616068306762, 0.5074974199754719, 0.5806390943104844]
