training_data_sizes: [0.1, 0.2, 0.3, 0.4, 0.5, 0.6, 0.7]
times: [52.0, 119.0, 177.0, 238.0, 296.0, 353.0, 418.0]
scores: [0.9040458260531368, 0.9548133669537189, 0.8958474600289043, 0.8874847853442368, 1.0, 0.8416296687432389, 0.8584962522057289]
