training_data_sizes: [0.1, 0.2, 0.3, 0.4, 0.5, 0.6, 0.7, 0.8]
times: [59.0, 112.0, 177.0, 236.0, 299.0, 354.0, 411.0, 479.0]
scores: [0.9391054643471204, 0.8784981290411367, 0.8785772995166002, 0.9088228344885023, 0.8943340399704007, 1.0, 1.0, 1.0]
