training_data_sizes: [0.1, 0.2, 0.3, 0.4, 0.5, 0.6, 0.7, 0.8]
times: [55.0, 113.0, 178.0, 235.0, 296.0, 351.0, 418.0, 478.0]
scores: [0.8121951392425709, 0.8013497907108238, 0.8790964705720874, 0.9487170974881523, 0.9765782406294772, 0.9111683996120284, 0.9887511787064143, 0.9475727718422712]
