training_data_sizes: [0.1, 0.2, 0.3, 0.4]
times: [202.04, 404.29, 601.33, 804.09]
scores: [0.8629529764702268, 0.7227871224857858, 0.8479416946206915, 0.8484319052640594]
