training_data_sizes: [0.1, 0.2, 0.3, 0.4, 0.5, 0.6, 0.7, 0.8, 0.9, 1.0]
times: [78.0, 154.0, 236.0, 311.0, 397.0, 470.0, 553.0, 635.0, 716.0, 794.0]
scores: [0.8404316624883059, 0.8889535971808024, 0.894283078649182, 0.908183189255442, 0.9700167312503335, 0.9111312276404075, 0.9176566817130669, 1.0, 1.0, 0.9444100537471245]
