training_data_sizes: [0.1, 0.2, 0.3, 0.4, 0.5, 0.6, 0.7, 0.8]
times: [43.0, 95.0, 141.0, 192.0, 243.0, 298.0, 344.0, 398.0]
scores: [0.6044501489824937, 0.8030220550838587, 0.8530602592575296, 0.795009166056319, 0.8413821478192665, 0.9053206802062406, 1.0, 1.0]
