training_data_sizes: [0.1, 0.2, 0.3, 0.4, 0.5, 0.6, 0.7, 0.8]
times: [77.0, 159.0, 232.0, 311.0, 398.0, 470.0, 559.0, 634.0]
scores: [0.7786276408890958, 0.9648347428544861, 0.9675948708656188, 1.0, 1.0, 1.0, 1.0, 1.0]
