training_data_sizes: [0.1, 0.2, 0.3, 0.4, 0.5, 0.6, 0.7]
times: [104.73, 208.44, 308.68, 405.4, 507.65, 603.46, 706.92]
scores: [0.9255566821671255, 0.9643925473423216, 0.9255409465931478, 1.0, 0.9970108871421888, 1.0, 1.0]
