training_data_sizes: [0.1, 0.2, 0.3, 0.4, 0.5]
times: [162.4, 327.96, 480.25, 646.62, 806.23]
scores: [0.8309987639879344, 0.9271062272030145, 1.0, 0.990663992903404, 1.0]
