training_data_sizes: [0.1, 0.2]
times: [706.73, 1408.24]
scores: [0.822533231700467, 0.9054856885036291]
