training_data_sizes: [0.1, 0.2, 0.3]
times: [45.0, 94.0, 145.0]
scores: [0.8133602654312704, 0.8809565625073081, 0.8570556386931736]
