training_data_sizes: [0.1, 0.2, 0.3]
times: [333.51, 674.21, 1005.14]
scores: [0.8946032244253521, 0.9191733835712553, 0.8442112810482405]
