training_data_sizes: [0.1, 0.2, 0.3, 0.4, 0.5, 0.6]
times: [137.5, 275.97, 400.81, 540.67, 675.47, 804.33]
scores: [0.802788753119116, 0.722126611831512, 0.8266889133587279, 0.8709567432084129, 0.7015727742852931, 0.6778964610307616]
