training_data_sizes: [0.1, 0.2]
times: [501.85, 1009.53]
scores: [0.657366722530638, 0.8644118406477777]
