training_data_sizes: [0.1, 0.2, 0.3, 0.4]
times: [201.76, 406.88, 602.6, 804.44]
scores: [0.7544564209186131, 0.8515377086916713, 0.7464468140684458, 0.8556384784761026]
