training_data_sizes: [0.1, 0.2, 0.3, 0.4, 0.5, 0.6, 0.7, 0.8, 0.9, 1.0]
times: [3.89, 6.77, 9.34, 11.85, 14.55, 17.0, 19.71, 22.66, 25.23, 27.53]
scores: [1.0, 0.9567057925374558, 0.9503091072305687, 0.9396222999304438, 0.9275910657779902, 0.9012521588946458, 0.9059428978128166, 0.8889579312804412, 0.8873717889141035, 0.8821233411397347]
