training_data_sizes: [0.1, 0.2, 0.3, 0.4, 0.5, 0.6, 0.7, 0.8, 0.9, 1.0]
times: [0.91, 1.25, 1.64, 2.11, 2.44, 2.89, 3.28, 3.77, 4.26, 4.61]
scores: [1.0, 1.0, 0.9961166562736198, 0.9813061610253067, 0.9635811942307541, 0.9418793919864876, 0.9215034020492662, 0.8947571967481701, 0.870506328691198, 0.8526586281522502]
