training_data_sizes: [0.1, 0.2, 0.3, 0.4, 0.5, 0.6, 0.7, 0.8, 0.9, 1.0]
times: [31.0, 71.0, 116.0, 151.0, 191.0, 231.0, 274.0, 317.0, 354.0, 399.0]
scores: [0.6869674071708577, 0.7241592141398777, 0.8410570214763137, 0.7819997475687903, 0.9218797229156895, 1.0, 0.9654095492472536, 1.0, 1.0, 1.0]
