training_data_sizes: [0.1, 0.2, 0.3, 0.4, 0.5, 0.6, 0.7]
times: [32.0, 74.0, 111.0, 152.0, 192.0, 236.0, 277.0]
scores: [0.8215406750421284, 0.8779594881475442, 0.8932441447888462, 1.0, 1.0, 1.0, 1.0]
