training_data_sizes: [0.1, 0.2, 0.3, 0.4, 0.5, 0.6, 0.7]
times: [134.0, 272.0, 418.0, 551.0, 691.0, 833.0, 973.9999999999999]
scores: [0.9199279255035904, 0.8414044283202438, 0.9803480081247744, 0.9089445397302401, 1.0, 1.0, 0.9304234147875756]
