training_data_sizes: [0.1, 0.2, 0.3, 0.4]
times: [47.0, 98.0, 145.0, 191.0]
scores: [0.6291491681723437, 0.7536328220398631, 0.7696845769618371, 0.8022791362755028]
