training_data_sizes: [0.1, 0.2, 0.3, 0.4, 0.5, 0.6, 0.7, 0.8, 0.9, 1.0]
times: [139.94, 268.05, 394.76, 524.95, 657.89, 789.47, 913.21, 1040.53, 1177.36, 1307.86]
scores: [0.939187639874776, 0.9825273500843299, 0.9164435509074376, 1.0, 0.9955851317905067, 1.0, 1.0, 1.0, 1.0, 1.0]
