training_data_sizes: [0.1, 0.2, 0.3, 0.4, 0.5, 0.6]
times: [205.17, 402.47, 600.4, 805.5, 1008.16, 1201.66]
scores: [0.8317751140433429, 0.8779368835728807, 0.920223295822443, 0.9512661912988218, 0.958045658800799, 1.0]
