training_data_sizes: [0.1, 0.2, 0.3, 0.4, 0.5, 0.6, 0.7, 0.8]
times: [132.12, 254.61, 378.2, 507.72, 634.27, 753.16, 879.62, 1008.61]
scores: [0.8613015130089458, 0.9408796531205142, 0.9598306191702107, 1.0, 1.0, 0.9751959928095499, 1.0, 1.0]
