training_data_sizes: [0.1, 0.2, 0.3, 0.4]
times: [80.0, 177.0, 268.0, 356.0]
scores: [0.8081408139288618, 0.8115690613201082, 0.9725757093128531, 1.0]
