training_data_sizes: [0.1, 0.2, 0.3, 0.4]
times: [326.57, 652.55, 977.98, 1307.42]
scores: [0.7454544006023199, 0.8572054425113644, 0.8524682117793045, 0.8943504110031867]
