training_data_sizes: [0.1, 0.2, 0.3, 0.4, 0.5, 0.6, 0.7, 0.8, 0.9, 1.0]
times: [176.69, 206.36, 222.82, 209.99, 228.38, 222.9, 246.74, 251.13, 239.27, 252.8]
scores: [0.22948087553798124, 0.23603750544480273, 0.23866217499981912, 0.23819282860760294, 0.23757664743234153, 0.23693934823287088, 0.23762320080561516, 0.2366030249605623, 0.23653205367066577, 0.23654945019085305]
