training_data_sizes: [0.1, 0.2, 0.3, 0.4, 0.5, 0.6, 0.7, 0.8, 0.9, 1.0]
times: [25.47, 49.42, 50.71, 77.13, 97.34, 127.06, 145.14, 177.1, 191.28, 213.37]
scores: [0.9999990285957134, 1.0, 0.732017831911572, 0.7709050060958196, 0.7093931773277904, 0.7386062600776073, 0.6560755966883403, 0.6925828693160296, 0.6549859353740208, 0.656458984984776]
