training_data_sizes: [0.1, 0.2, 0.3, 0.4]
times: [182.59, 356.63, 525.34, 703.05]
scores: [0.8689967917172169, 0.9419854394487461, 0.8085732106191973, 0.9165214690100052]
