training_data_sizes: [0.1, 0.2, 0.3, 0.4, 0.5, 0.6, 0.7, 0.8, 0.9, 1.0]
times: [71.39, 152.14, 238.15, 338.15, 415.51, 485.3, 568.68, 634.48, 732.34, 780.73]
scores: [0.6589420396701313, 0.5931411338738336, 0.5606652646658244, 0.5506882021512077, 0.5532313188532143, 0.5489992420861274, 0.5451889629082531, 0.5448013726043354, 0.539017809814545, 0.5444867855757033]
