training_data_sizes: [0.1, 0.2, 0.3, 0.4, 0.5, 0.6, 0.7, 0.8, 0.9, 1.0]
times: [0.29, 0.4, 0.56, 0.81, 1.12, 1.18, 1.31, 1.39, 1.72, 1.79]
scores: [0.7336148750753955, 0.7377830493615627, 0.7421055327658814, 0.7401171880626929, 0.7403347824891018, 0.7421650756748446, 0.7414387171796828, 0.7425221536441706, 0.7421180287150106, 0.7409907918121572]
