training_data_sizes: [0.1, 0.2, 0.3, 0.4, 0.5, 0.6]
times: [166.97, 341.24, 509.14, 670.43, 835.16, 1004.87]
scores: [0.6355965226645011, 0.5019372485359191, 0.5851023131077292, 0.547036233558747, 0.6597814995435634, 0.8185149764310141]
