training_data_sizes: [0.1, 0.2, 0.3, 0.4, 0.5, 0.6, 0.7, 0.8]
times: [97.0, 193.0, 296.0, 390.0, 497.0, 595.0, 691.0, 790.0]
scores: [0.8386205494272214, 0.8853617789207697, 0.8519791746325702, 0.8478243582189371, 0.7937618676096244, 0.8760051486364924, 0.966290013236625, 0.959167744473814]
