training_data_sizes: [0.1, 0.2, 0.3, 0.4]
times: [18.0, 30.0, 58.0, 76.0]
scores: [0.7188778701021433, 0.7578020626544429, 0.8586015750250817, 0.9371400593288928]
