training_data_sizes: [0.1, 0.2, 0.3, 0.4, 0.5, 0.6, 0.7, 0.8, 0.9, 1.0]
times: [123.31, 248.93, 368.4, 483.72, 609.87, 722.06, 845.38, 967.86, 1084.88, 1202.35]
scores: [0.7853632735552645, 0.7635802529067945, 0.8537616392188456, 0.8256575710155069, 0.959080118842588, 1.0, 1.0, 1.0, 1.0, 1.0]
