training_data_sizes: [0.1, 0.2, 0.3, 0.4, 0.5, 0.6, 0.7, 0.8, 0.9, 1.0]
times: [0.3, 0.48, 0.66, 0.81, 1.0, 1.16, 1.34, 1.52, 1.66, 1.84]
scores: [0.08083571678488538, 0.1755921438568302, 0.23632377416290806, 0.2760463613348008, 0.3015590384630579, 0.30991341724248544, 0.31950802954286855, 0.3251035276376175, 0.32934996458555704, 0.3310151830056352]
