training_data_sizes: [0.1, 0.2]
times: [110.0, 232.0]
scores: [0.8346657993484736, 0.8060402689868307]
