training_data_sizes: [0.1, 0.2, 0.3, 0.4]
times: [226.98, 454.41, 678.49, 905.49]
scores: [0.9243071013816204, 0.9374994976203723, 0.8899699575745207, 1.0]
