training_data_sizes: [0.1, 0.2, 0.3]
times: [437.68, 868.2, 1308.08]
scores: [0.929041143285888, 0.9086840795981557, 0.926592980880542]
