training_data_sizes: [0.1, 0.2, 0.3]
times: [57.0, 110.0, 171.0]
scores: [0.5731593078221805, 0.491140705690941, 0.5746981597485108]
