training_data_sizes: [0.1, 0.2, 0.3, 0.4, 0.5, 0.6, 0.7, 0.8]
times: [126.81, 253.97, 378.79, 500.32, 634.46, 757.62, 878.76, 1007.51]
scores: [0.9129919975948231, 0.9758333022328549, 0.980780658855045, 0.8972523136854623, 1.0, 0.9556659571433589, 1.0, 1.0]
