training_data_sizes: [0.1, 0.2, 0.3, 0.4, 0.5, 0.6, 0.7, 0.8, 0.9]
times: [28.0, 58.0, 83.0, 119.0, 143.0, 172.0, 205.0, 237.0, 268.0]
scores: [0.9337530081891424, 0.9075557846586477, 0.9227539613652893, 0.8848694690568901, 0.8771756261219124, 0.8988838192626826, 0.8916613318123106, 0.9588467832676968, 1.0]
