training_data_sizes: [0.1, 0.2, 0.3, 0.4, 0.5, 0.6, 0.7, 0.8]
times: [105.0, 215.0, 325.0, 430.0, 543.0, 656.0, 765.0, 876.0]
scores: [0.8983592034857727, 0.9646875962877505, 0.9698889845200587, 1.0, 0.8949643648233747, 1.0, 0.9768738085580312, 1.0]
