training_data_sizes: [0.1, 0.2, 0.3, 0.4, 0.5]
times: [163.38, 324.4, 487.6, 649.85, 803.02]
scores: [0.8567599239885447, 0.9846829887127476, 1.0, 0.8438355583441572, 0.8698360229765938]
