training_data_sizes: [0.1, 0.2, 0.3, 0.4, 0.5]
times: [180.23, 365.56, 542.07, 722.86, 903.18]
scores: [0.75623627653135, 0.8033384608492844, 0.7178903098401249, 0.7171264602916468, 0.8600104806004409]
