training_data_sizes: [0.1, 0.2, 0.3, 0.4]
times: [17.0, 36.0, 56.0, 74.0]
scores: [0.7776165835602915, 0.7403051054887202, 0.8609103590921291, 0.838280832997089]
