training_data_sizes: [0.1, 0.2, 0.3, 0.4, 0.5, 0.6, 0.7]
times: [147.79, 288.02, 434.88, 573.18, 717.78, 864.86, 1009.45]
scores: [0.7079955651125764, 0.7996945671162112, 0.8340257048090156, 0.8002714652897264, 0.7507067357627335, 0.7497547653654266, 0.7457970734990657]
