training_data_sizes: [0.1, 0.2, 0.3, 0.4, 0.5, 0.6, 0.7, 0.8]
times: [23.0, 53.0, 82.0, 115.0, 148.0, 172.0, 209.0, 230.0]
scores: [0.4725400169112466, 0.6049007076613354, 0.4392350215340671, 0.44686509840553434, 0.6115594380582031, 0.539372618534593, 0.6140018439374383, 0.6121998192335996]
