training_data_sizes: [0.1, 0.2, 0.3, 0.4, 0.5, 0.6, 0.7, 0.8, 0.9]
times: [24.0, 54.0, 85.0, 114.0, 146.0, 177.0, 208.0, 231.0, 264.0]
scores: [0.8702236764704583, 0.7281117324839367, 0.6858710356291404, 0.7062892682817936, 0.8626930930726431, 0.8190948472672674, 0.6645671749772215, 0.7530276392563647, 0.7333424153973739]
