training_data_sizes: [0.1, 0.2, 0.3, 0.4]
times: [302.64, 602.27, 906.48, 1209.54]
scores: [0.9306553130134297, 0.9681687619789116, 1.0, 1.0]
