training_data_sizes: [0.1, 0.2, 0.3, 0.4, 0.5, 0.6, 0.7, 0.8]
times: [26.0, 58.0, 88.0, 114.0, 143.0, 170.0, 205.0, 231.0]
scores: [0.8726706761879816, 0.9753218031930928, 0.8857988427658772, 0.9347297329992028, 0.8667580272553097, 0.852863959753299, 0.9300534732027974, 0.986039171232866]
