training_data_sizes: [0.1, 0.2, 0.3]
times: [335.39, 674.26, 1002.3]
scores: [0.7130905778352628, 0.5394245716945625, 0.5995071057583377]
