training_data_sizes: [0.1, 0.2, 0.3, 0.4, 0.5, 0.6, 0.7, 0.8, 0.9, 1.0]
times: [134.51, 261.84, 394.52, 524.9, 656.12, 782.59, 911.15, 1042.94, 1179.28, 1304.82]
scores: [0.881838266495959, 0.8074350694080457, 0.9669999845322252, 0.8450463658456185, 0.9324423515810987, 1.0, 0.8686598199012413, 0.9812744155453526, 1.0, 1.0]
