training_data_sizes: [0.1, 0.2, 0.3, 0.4, 0.5, 0.6, 0.7, 0.8, 0.9, 1.0]
times: [22.04, 36.52, 67.94, 94.52, 139.6, 165.29, 230.18, 260.35, 284.78, 343.56]
scores: [0.9999247451823503, 0.9999365431412872, 0.9999513897268857, 0.9999433737279775, 0.999952249220725, 0.9998926535429234, 0.9998165912451145, 0.9998916522324478, 0.9998855407413292, 0.9999335204502755]
