training_data_sizes: [0.1, 0.2, 0.3, 0.4, 0.5, 0.6, 0.7, 0.8, 0.9, 1.0]
times: [115.02, 221.58, 331.01, 449.39, 554.95, 660.52, 779.83, 888.79, 999.82, 1101.25]
scores: [0.7994192670043434, 0.8066280270384016, 0.9099419137835583, 0.929935823373105, 0.8495991743726294, 1.0, 0.9842570711430217, 1.0, 1.0, 1.0]
