training_data_sizes: [0.1, 0.2, 0.3, 0.4, 0.5]
times: [82.0, 176.0, 267.0, 359.0, 440.0]
scores: [0.6401364950994678, 0.6253315243706905, 0.5937074645459146, 0.7595876860671167, 0.7203708225223047]
