training_data_sizes: [0.1, 0.2, 0.3, 0.4, 0.5, 0.6, 0.7, 0.8, 0.9]
times: [135.73, 276.01, 402.66, 534.08, 675.33, 807.62, 942.15, 1073.96, 1204.94]
scores: [0.8423545798352686, 0.7159236268749466, 0.8775445599534193, 0.851125763328458, 0.8675381203200517, 1.0, 1.0, 1.0, 1.0]
