training_data_sizes: [0.1, 0.2, 0.3, 0.4, 0.5, 0.6, 0.7, 0.8, 0.9]
times: [74.0, 154.0, 232.0, 313.0, 396.0, 479.0, 559.0, 631.0, 715.0]
scores: [0.764613229051142, 0.7798413795575669, 0.8893184586409155, 0.9274566698057036, 1.0, 0.9607106399732989, 1.0, 0.9889868925911566, 1.0]
