training_data_sizes: [0.1, 0.2, 0.3, 0.4]
times: [128.0, 259.0, 386.0, 513.0]
scores: [0.8229572677289982, 0.8951847544193967, 0.9346921497497778, 1.0]
