training_data_sizes: [0.1, 0.2, 0.3, 0.4, 0.5, 0.6, 0.7, 0.8, 0.9]
times: [25.0, 58.0, 88.0, 112.0, 149.0, 173.0, 202.0, 238.0, 267.0]
scores: [0.8546775854909465, 0.8422901920224708, 0.9271828219709934, 0.8132301246119664, 0.8109136590123549, 0.9172986233508753, 0.9201692701746382, 0.9547420136499035, 0.8852930622719271]
