training_data_sizes: [0.1, 0.2, 0.3, 0.4, 0.5, 0.6, 0.7]
times: [181.33, 343.66, 520.48, 692.23, 857.28, 1031.64, 1203.82]
scores: [0.7106962266421237, 0.9069465210377805, 0.8472130797503399, 0.9979895235937998, 0.8512324923579688, 1.0, 0.9465840494254096]
