training_data_sizes: [0.1, 0.2, 0.3]
times: [339.2, 676.13, 1005.62]
scores: [0.9052542948931028, 0.8876274933607511, 0.7630605198810508]
