training_data_sizes: [0.1, 0.2]
times: [40.0, 92.0]
scores: [0.799137023091979, 0.8428144657799805]
