training_data_sizes: [0.1, 0.2, 0.3, 0.4, 0.5, 0.6, 0.7, 0.8, 0.9, 1.0]
times: [0.71, 0.91, 1.32, 2.24, 2.92, 3.81, 4.93, 6.38, 6.88, 9.57]
scores: [0.2525222055503647, 0.32934811559957056, 0.3592498970442501, 0.37022300434554034, 0.38365551565628103, 0.3827459591057946, 0.3841715832542627, 0.3968651566001338, 0.40135525184853343, 0.4053141950006873]
