training_data_sizes: [0.1, 0.2, 0.3, 0.4, 0.5, 0.6, 0.7, 0.8, 0.9, 1.0]
times: [131.26, 265.25, 393.2, 522.58, 650.38, 788.22, 914.69, 1047.17, 1175.6, 1308.09]
scores: [0.9475471103959348, 0.9391444226996303, 0.8034699418118875, 0.9472319125207196, 0.8373266585974104, 0.9389463109091571, 0.8191018341385125, 0.9255928508810727, 0.9379333921121953, 0.8794657431714197]
