training_data_sizes: [0.1, 0.2, 0.3, 0.4, 0.5, 0.6, 0.7, 0.8, 0.9, 1.0]
times: [17.93, 56.39, 83.49, 114.75, 140.3, 168.62, 186.42, 216.61, 247.23, 273.06]
scores: [1.0, 0.9701410981207063, 0.8561590436374561, 0.7261325859345921, 0.6957729117649191, 0.6742975975084994, 0.6827239462724783, 0.6292144159606967, 0.6357658780441245, 0.6340696030118051]
