training_data_sizes: [0.1, 0.2, 0.3, 0.4, 0.5, 0.6, 0.7, 0.8, 0.9]
times: [133.97, 267.31, 408.13, 536.91, 672.21, 806.21, 933.47, 1074.23, 1205.69]
scores: [0.516506944492184, 0.6617561844176314, 0.6192982395799556, 0.4891748465350245, 0.47621877456211664, 0.45673403556301134, 0.572385914859925, 0.5410655876481621, 0.5373752760387026]
