training_data_sizes: [0.1, 0.2, 0.3, 0.4, 0.5, 0.6, 0.7, 0.8, 0.9]
times: [52.0, 111.0, 172.0, 231.0, 290.0, 356.0, 410.0, 475.0, 533.0]
scores: [0.694505133382579, 0.614613896006692, 0.6363243347019794, 0.704802482737966, 0.7404618133278802, 0.9209227890294851, 0.9320715445487723, 0.9735127604944014, 1.0]
