training_data_sizes: [0.1, 0.2, 0.3, 0.4, 0.5, 0.6, 0.7, 0.8]
times: [25.0, 55.0, 84.0, 114.0, 140.0, 178.0, 206.0, 237.0]
scores: [0.5853739130217108, 0.6352872296208153, 0.7009316444218385, 0.7911269890669946, 0.7880510836538975, 0.7805825969600224, 1.0, 0.9485149211954846]
