training_data_sizes: [0.1, 0.2, 0.3, 0.4, 0.5, 0.6]
times: [59.0, 112.0, 176.0, 236.0, 296.0, 354.0]
scores: [0.8970131786127071, 0.8441320776558774, 0.8460675925930992, 0.8458401925973917, 0.741215788993604, 0.841127006944504]
