training_data_sizes: [0.1, 0.2, 0.3, 0.4, 0.5, 0.6, 0.7, 0.8, 0.9, 1.0]
times: [71.0, 159.0, 231.0, 316.0, 395.0, 470.0, 552.0, 631.0, 713.0, 793.0]
scores: [0.969900420369312, 0.9151383704136817, 0.9615021520468823, 0.9534890339367145, 1.0, 0.9842929340486137, 1.0, 1.0, 1.0, 1.0]
