training_data_sizes: [0.1, 0.2, 0.3, 0.4, 0.5, 0.6]
times: [143.12, 269.71, 404.19, 540.22, 673.02, 805.84]
scores: [0.8466009986207399, 0.9110259026207871, 0.9813562230785268, 0.9121726030400725, 1.0, 0.9751391977431795]
