training_data_sizes: [0.1, 0.2, 0.3, 0.4, 0.5, 0.6, 0.7, 0.8, 0.9]
times: [80.9, 157.55, 237.07, 314.43, 394.38, 468.21, 551.45, 629.68, 708.06]
scores: [0.8226849873418383, 0.9888944072442954, 0.9951499699148172, 0.9041474689819025, 0.8435015809358571, 0.9416398774211101, 0.8330539498738145, 0.807577355653043, 0.9173188400689973]
