training_data_sizes: [0.1, 0.2, 0.3, 0.4, 0.5, 0.6, 0.7, 0.8, 0.9]
times: [104.75, 204.44, 307.14, 404.28, 508.42, 607.59, 707.44, 808.69, 901.66]
scores: [0.7824078244778498, 0.7642087637998631, 0.8128414255838883, 0.8080128146960877, 0.8750976545581981, 1.0, 0.9239472978825711, 1.0, 1.0]
