training_data_sizes: [0.1, 0.2, 0.3, 0.4, 0.5, 0.6, 0.7]
times: [25.0, 59.0, 86.0, 112.0, 141.0, 170.0, 203.0]
scores: [0.7988555312851147, 0.8074191451076068, 0.9554240948568062, 0.9782326457823063, 0.8999354804350704, 1.0, 0.9612945382619913]
