training_data_sizes: [0.1, 0.2, 0.3, 0.4, 0.5, 0.6, 0.7, 0.8, 0.9]
times: [120.54, 226.27, 334.81, 453.79, 557.32, 676.27, 785.79, 898.48, 1001.63]
scores: [0.9210627757160719, 0.9064203841547123, 0.8633943846296501, 0.9630108523339139, 1.0, 0.9581684976401739, 1.0, 1.0, 1.0]
