training_data_sizes: [0.1, 0.2, 0.3, 0.4, 0.5, 0.6, 0.7, 0.8, 0.9, 1.0]
times: [133.03, 268.23, 391.33, 529.1, 657.5, 789.18, 916.07, 1044.46, 1174.83, 1307.38]
scores: [0.7517711383362229, 0.7779132767515948, 0.9091154502122016, 0.850909708250023, 0.8450617877666888, 0.9645720714648899, 0.9029522092969224, 1.0, 0.9670002608802943, 1.0]
