training_data_sizes: [0.1, 0.2, 0.3, 0.4, 0.5, 0.6, 0.7, 0.8, 0.9]
times: [96.69, 184.32, 268.68, 361.85, 454.3, 542.76, 625.52, 712.96, 806.6]
scores: [0.822603111842598, 0.8045242631979954, 0.8754878693180785, 0.8177359628731764, 0.8998393489172721, 0.8694534103401967, 0.9033744058645234, 1.0, 1.0]
