training_data_sizes: [0.1, 0.2, 0.3]
times: [235.21, 470.75, 703.33]
scores: [0.9163009188089479, 0.9392627519165563, 0.9721908325217428]
