training_data_sizes: [0.1, 0.2, 0.3, 0.4, 0.5, 0.6, 0.7]
times: [122.74, 236.18, 351.9, 465.04, 575.39, 692.63, 808.13]
scores: [0.7161803806436503, 0.8273857435695029, 0.9037916399232166, 0.8422555611505477, 0.8669662314638464, 1.0, 0.9010088742915443]
