training_data_sizes: [0.1, 0.2, 0.3, 0.4]
times: [254.97, 506.66, 758.35, 1001.21]
scores: [0.829290181938954, 0.7649192059499651, 0.7956763516005221, 0.9907468318888468]
