training_data_sizes: [0.1, 0.2, 0.3, 0.4, 0.5]
times: [207.28, 403.76, 601.06, 800.94, 1003.22]
scores: [0.8966474064936664, 0.9404059716725139, 0.8290689662221539, 0.9444597074868256, 0.8544710210326643]
