training_data_sizes: [0.1, 0.2, 0.3, 0.4, 0.5, 0.6]
times: [101.48, 204.12, 306.07, 405.02, 502.39, 605.13]
scores: [0.533829366302357, 0.6833763198469531, 0.6595103695934461, 0.640233277273336, 0.7984333244546515, 0.7167810083207464]
