training_data_sizes: [0.1, 0.2]
times: [81.0, 171.0]
scores: [0.6762036560616873, 0.7117901867346037]
