training_data_sizes: [0.1, 0.2, 0.3, 0.4, 0.5, 0.6, 0.7]
times: [6.0, 12.0, 21.0, 35.0, 41.0, 53.0, 64.0]
scores: [0.8429135750271761, 0.9008823643907417, 0.8860201507324452, 0.8559629900447006, 0.8837730142475791, 0.8399034274129786, 0.9708531050658088]
