training_data_sizes: [0.1, 0.2, 0.3, 0.4, 0.5, 0.6, 0.7, 0.8, 0.9, 1.0]
times: [1.43, 3.0, 4.68, 6.6, 8.71, 12.11, 13.16, 15.55, 18.03, 20.86]
scores: [1.0, 1.0, 1.0, 0.9996524157108096, 0.9917603103118792, 0.9792706873724537, 0.9574832690647833, 0.9299716195211495, 0.9016168033090612, 0.8742372309111972]
