training_data_sizes: [0.1, 0.2, 0.3, 0.4, 0.5, 0.6, 0.7, 0.8, 0.9, 1.0]
times: [79.0, 157.0, 233.0, 316.0, 397.0, 477.0, 552.0, 635.0, 719.0, 792.0]
scores: [0.8242675092941822, 0.8695471899156135, 0.8590459707003757, 0.8742892635571793, 0.9159924121686811, 0.857905187909985, 0.8485458683254017, 0.8897577985910892, 0.880983786221365, 0.9959553645743915]
