training_data_sizes: [0.1, 0.2, 0.3, 0.4, 0.5, 0.6, 0.7, 0.8]
times: [127.12, 254.47, 378.88, 503.56, 626.47, 754.69, 877.67, 1009.87]
scores: [0.831846431266943, 0.948157298322001, 0.9864263455959756, 0.979400596640847, 0.9542202675485643, 0.9828865926351615, 1.0, 1.0]
