training_data_sizes: [0.1, 0.2]
times: [507.21, 1001.3]
scores: [0.8910324338144208, 0.8775520803650655]
