training_data_sizes: [0.1, 0.2]
times: [107.0, 217.0]
scores: [0.883813593353487, 0.8224513787658705]
