training_data_sizes: [0.1, 0.2, 0.3, 0.4, 0.5, 0.6, 0.7, 0.8]
times: [15.0, 30.0, 55.0, 75.0, 95.0, 116.0, 137.0, 155.0]
scores: [0.9854266064015902, 0.9677837534702136, 0.9630341983896098, 0.9236962437538605, 0.9901007876680218, 0.8927720395421291, 0.8798289806898743, 0.8098096384555603]
