training_data_sizes: [0.1, 0.2, 0.3, 0.4, 0.5, 0.6]
times: [62.0, 134.0, 203.0, 270.0, 340.0, 412.0]
scores: [0.8419268843150438, 0.9778399051914386, 0.8131414274874078, 0.8382274088749926, 0.8597311976334763, 0.9633553519868958]
