training_data_sizes: [0.1, 0.2, 0.3, 0.4, 0.5, 0.6, 0.7]
times: [65.0, 139.0, 203.0, 274.0, 346.0, 417.0, 484.99999999999994]
scores: [0.8495734638469681, 0.9641870909630705, 0.8622085294206728, 0.9683969976797562, 0.9486611677323968, 0.9523212528805582, 1.0]
