training_data_sizes: [0.1, 0.2, 0.3]
times: [73.0, 152.0, 231.0]
scores: [0.504698605238738, 0.6268473415531939, 0.7075872856748158]
