training_data_sizes: [0.1, 0.2, 0.3, 0.4, 0.5, 0.6, 0.7, 0.8, 0.9, 1.0]
times: [43.0, 97.0, 148.0, 191.0, 247.0, 294.0, 343.0, 395.0, 444.0, 493.0]
scores: [0.7423102963606084, 0.8600431246776219, 0.8306498542493617, 0.9161989593417221, 0.9224692925733251, 0.9678044408569999, 1.0, 1.0, 1.0, 1.0]
