training_data_sizes: [0.1, 0.2, 0.3, 0.4, 0.5, 0.6]
times: [120.0, 250.0, 380.0, 519.0, 646.0, 770.0]
scores: [0.8751790234762895, 0.9727407233422127, 0.9837975354313755, 0.940936420680256, 0.9773616176084813, 1.0]
