training_data_sizes: [0.1, 0.2, 0.3, 0.4, 0.5, 0.6, 0.7, 0.8, 0.9]
times: [164.99, 319.36, 468.66, 623.66, 786.46, 942.46, 1097.29, 1247.63, 1401.34]
scores: [0.8293900922776543, 0.9363925612677821, 0.8930435316391443, 0.9781370701515548, 0.9361784029505029, 0.9489166268112783, 1.0, 1.0, 0.9437681873084097]
