training_data_sizes: [0.1, 0.2, 0.3, 0.4, 0.5, 0.6, 0.7, 0.8, 0.9, 1.0]
times: [2.55, 4.41, 6.21, 8.95, 10.54, 13.81, 17.2, 20.45, 22.92, 25.71]
scores: [1.0, 1.0, 0.9999999854319832, 0.9999999857943969, 0.9999999908966277, 0.999999980792021, 0.999999976194381, 0.9999999702226428, 0.9999999704454656, 0.999999975963993]
