training_data_sizes: [0.1, 0.2, 0.3, 0.4, 0.5, 0.6, 0.7, 0.8, 0.9, 1.0]
times: [0.68, 1.28, 1.95, 2.63, 3.26, 4.07, 5.01, 5.56, 6.69, 7.43]
scores: [0.4631627367465279, 0.5392041799583823, 0.6692933242384099, 0.7300841082729567, 0.7465345225100494, 0.7553994598444912, 0.7537123235856952, 0.7567954085090081, 0.7578743743959584, 0.7572352582188132]
