training_data_sizes: [0.1, 0.2, 0.3, 0.4, 0.5]
times: [93.0, 198.0, 293.0, 394.0, 497.0]
scores: [0.7495435755253901, 0.8625913043675544, 0.9348345754403219, 1.0, 1.0]
