training_data_sizes: [0.1, 0.2, 0.3, 0.4, 0.5, 0.6, 0.7, 0.8, 0.9]
times: [103.3, 203.58, 301.3, 403.7, 506.82, 607.95, 709.59, 806.43, 905.19]
scores: [1.0, 1.0, 0.9421353539587378, 0.977412730161854, 0.932648783755314, 0.9370220927304724, 1.0, 1.0, 1.0]
