training_data_sizes: [0.1, 0.2, 0.3, 0.4, 0.5]
times: [126.85, 248.22, 364.01, 488.1, 607.73]
scores: [0.8947328614719284, 0.8649668742860426, 0.8153189491303952, 0.8616027567324258, 0.8751979098609469]
