training_data_sizes: [0.1, 0.2, 0.3, 0.4, 0.5, 0.6, 0.7, 0.8]
times: [113.0, 231.0, 353.0, 478.0, 596.0, 716.0, 832.0, 957.0]
scores: [0.7701002549340908, 0.6818192949006708, 0.7119423692837386, 0.7038938169533997, 0.7841919768344704, 0.681309587667996, 0.664791039593356, 0.5517582098542185]
