training_data_sizes: [0.1, 0.2, 0.3, 0.4, 0.5, 0.6, 0.7, 0.8, 0.9]
times: [68.69, 136.24, 206.7, 267.33, 337.66, 403.51, 473.64, 538.66, 606.16]
scores: [0.733547130731742, 0.8001335028206131, 0.8468820230879844, 0.6675668546447681, 0.6604722055639651, 0.6450675179569868, 0.7452123822530144, 0.7439090004342721, 0.734066267429207]
