training_data_sizes: [0.1, 0.2, 0.3, 0.4, 0.5, 0.6, 0.7, 0.8]
times: [12.0, 37.0, 58.0, 73.0, 94.0, 118.0, 134.0, 158.0]
scores: [0.8653355608759641, 0.877090452860197, 1.0, 1.0, 0.9777719994483398, 1.0, 1.0, 1.0]
