training_data_sizes: [0.1, 0.2, 0.3, 0.4, 0.5, 0.6, 0.7, 0.8, 0.9]
times: [146.94, 297.95, 435.37, 582.82, 723.49, 870.45, 1016.28, 1164.7, 1301.77]
scores: [0.9194163921689049, 0.9021770784246927, 0.8537971605054914, 0.8527701199955192, 0.9348636609521515, 0.9230464631515021, 0.8058900461484244, 0.9353192249557776, 0.8962919419238102]
