training_data_sizes: [0.1, 0.2, 0.3, 0.4, 0.5, 0.6, 0.7, 0.8]
times: [168.93, 333.79, 487.86, 655.48, 812.79, 983.83, 1137.91, 1308.57]
scores: [0.6933838549712281, 0.8097667489309246, 0.940180459336017, 0.9081197085456916, 0.9915699428772833, 1.0, 1.0, 1.0]
