training_data_sizes: [0.1, 0.2, 0.3]
times: [334.94, 671.91, 1003.06]
scores: [0.8986651884302239, 0.8896073359848587, 0.9612453935061435]
