training_data_sizes: [0.1, 0.2, 0.3, 0.4, 0.5]
times: [129.77, 248.4, 367.6, 481.99, 604.31]
scores: [0.6395993802585209, 0.5478316355113982, 0.5566296729633948, 0.5841991187316292, 0.7824167721793567]
