training_data_sizes: [0.1, 0.2]
times: [505.79, 1003.89]
scores: [0.9535983528075058, 0.9246135091619775]
