training_data_sizes: [0.1, 0.2, 0.3, 0.4, 0.5, 0.6]
times: [167.69, 340.48, 502.43, 669.13, 842.77, 1005.91]
scores: [0.8296399783589965, 0.9839616023233, 0.9615905647161952, 1.0, 1.0, 1.0]
