training_data_sizes: [0.1, 0.2, 0.3, 0.4, 0.5]
times: [281.33, 562.23, 849.74, 1128.54, 1405.84]
scores: [0.9182338159477159, 1.0, 0.9584202768018414, 0.9335361025673994, 1.0]
