training_data_sizes: [0.1, 0.2, 0.3, 0.4, 0.5, 0.6, 0.7, 0.8, 0.9, 1.0]
times: [20.44, 47.84, 69.31, 93.01, 113.95, 137.96, 158.81, 178.02, 205.81, 235.28]
scores: [0.04018499974992776, 0.05273881134351434, 0.0598331763536554, 0.06820381498059296, 0.07347760097031782, 0.0787530366724952, 0.0835062909730843, 0.08794669762332609, 0.09227349444581064, 0.09560931837561483]
