training_data_sizes: [0.1, 0.2, 0.3, 0.4, 0.5, 0.6, 0.7, 0.8]
times: [108.96, 206.32, 306.04, 407.39, 509.92, 608.65, 709.14, 807.25]
scores: [0.8828242794003442, 0.9488682945218764, 0.9720616007277539, 1.0, 1.0, 1.0, 1.0, 1.0]
