training_data_sizes: [0.1, 0.2, 0.3, 0.4, 0.5, 0.6]
times: [44.0, 95.0, 148.0, 193.0, 241.0, 295.0]
scores: [0.9704842177756112, 0.882311430696344, 0.9289707967719394, 0.8643996663567717, 0.9643952319158751, 1.0]
