training_data_sizes: [0.1, 0.2, 0.3, 0.4, 0.5, 0.6, 0.7]
times: [192.04, 376.83, 562.84, 745.11, 937.0, 1121.87, 1308.34]
scores: [0.7781423311854341, 0.7888926722998318, 0.91620708449851, 0.9599253127416231, 0.8604276726976664, 0.9562976285580227, 1.0]
