training_data_sizes: [0.1, 0.2, 0.3, 0.4, 0.5, 0.6, 0.7, 0.8, 0.9, 1.0]
times: [111.3, 229.32, 337.7, 448.23, 553.05, 668.96, 770.58, 887.74, 997.04, 1106.2]
scores: [0.9478009940946659, 0.919446729063259, 0.9112702628195976, 1.0, 1.0, 1.0, 1.0, 1.0, 1.0, 1.0]
