training_data_sizes: [0.1, 0.2, 0.3, 0.4]
times: [116.0, 238.0, 356.0, 474.0]
scores: [0.9391756231408257, 0.9239974832542635, 1.0, 1.0]
