training_data_sizes: [0.1, 0.2, 0.3, 0.4]
times: [93.0, 199.0, 291.0, 391.0]
scores: [0.9411565165631642, 0.8609477601596862, 1.0, 0.9528200530047555]
