training_data_sizes: [0.1, 0.2, 0.3, 0.4, 0.5, 0.6, 0.7, 0.8, 0.9]
times: [126.0, 250.0, 383.0, 519.0, 644.0, 779.0, 905.9999999999999, 1033.0, 1164.0]
scores: [0.8154503268588154, 0.9177292308569355, 0.8454291907350651, 0.9028536385161341, 0.9035502523633809, 0.894446610768995, 0.9419800066792625, 0.9192395209043533, 1.0]
