training_data_sizes: [0.1, 0.2, 0.3]
times: [66.0, 137.0, 200.0]
scores: [0.8471804516314854, 0.9133757104771866, 0.899545419676739]
