training_data_sizes: [0.1, 0.2, 0.3, 0.4, 0.5, 0.6]
times: [116.97, 241.04, 359.17, 473.77, 584.2, 703.48]
scores: [0.7877024237818844, 0.7607820112826851, 0.8057668608163653, 0.8713727296350254, 0.9834811316464706, 1.0]
