training_data_sizes: [0.1, 0.2]
times: [658.8, 1305.51]
scores: [0.7705650808093396, 0.8327715863385351]
