training_data_sizes: [0.1, 0.2]
times: [107.0, 219.0]
scores: [0.7317089518080413, 0.7436590438979849]
