training_data_sizes: [0.1, 0.2, 0.3, 0.4, 0.5]
times: [221.84, 447.88, 666.85, 882.27, 1102.79]
scores: [0.769361556353475, 0.7648408035651659, 0.8073181246095649, 0.9179365658144807, 0.8518261620592703]
