training_data_sizes: [0.1, 0.2, 0.3, 0.4, 0.5, 0.6, 0.7]
times: [178.65, 346.11, 515.88, 692.83, 857.45, 1038.55, 1205.84]
scores: [0.6967450609992829, 0.8251014315100332, 0.8984218526430618, 0.8430730261705724, 0.9700373227666366, 0.8813772682443954, 0.9900911010562927]
