training_data_sizes: [0.1, 0.2, 0.3, 0.4, 0.5, 0.6, 0.7]
times: [44.0, 97.0, 140.0, 199.0, 241.0, 292.0, 349.0]
scores: [0.8562858423294935, 0.9139684744833081, 0.976411947770723, 0.9608372311867894, 0.857016657888754, 0.8789184999627537, 1.0]
