training_data_sizes: [0.1, 0.2, 0.3, 0.4, 0.5, 0.6]
times: [52.0, 114.0, 178.0, 231.0, 298.0, 351.0]
scores: [0.6098674836636954, 0.4893784643330193, 0.7131572777599211, 0.7230758144864258, 0.7902456496609128, 0.8568521294822332]
