training_data_sizes: [0.1, 0.2, 0.3, 0.4, 0.5, 0.6, 0.7, 0.8, 0.9, 1.0]
times: [127.74, 244.61, 367.44, 485.21, 604.58, 725.96, 842.35, 961.68, 1083.41, 1209.35]
scores: [0.6751898704424807, 0.8577154335231225, 0.7269655493539091, 0.7808961569950352, 1.0, 1.0, 1.0, 1.0, 1.0, 1.0]
