training_data_sizes: [0.1, 0.2, 0.3, 0.4, 0.5, 0.6, 0.7, 0.8, 0.9, 1.0]
times: [126.85, 241.46, 366.41, 488.05, 608.48, 723.3, 845.17, 964.26, 1085.42, 1206.04]
scores: [0.6258248217258514, 0.5389758706358145, 0.599025119101297, 0.6751009042577087, 0.7759817909116669, 0.8610814984762662, 0.8056767307053803, 1.0, 0.9998051365931437, 1.0]
