training_data_sizes: [0.1, 0.2, 0.3, 0.4, 0.5, 0.6, 0.7, 0.8, 0.9, 1.0]
times: [5.68, 11.69, 18.03, 24.08, 30.18, 37.03, 44.41, 50.03, 56.09, 63.02]
scores: [0.6854617374939572, 0.6457489288074864, 0.6254440055412216, 0.6159803624489224, 0.6136062332199618, 0.6095392438440129, 0.6138591391254815, 0.6139531522636319, 0.6070334016881823, 0.6089615445134772]
