training_data_sizes: [0.1, 0.2, 0.3]
times: [239.44, 469.02, 700.24]
scores: [0.8519975103805169, 0.8617319727100081, 0.8658661365664586]
