training_data_sizes: [0.1, 0.2, 0.3, 0.4, 0.5, 0.6, 0.7, 0.8, 0.9]
times: [129.96, 252.69, 373.01, 497.29, 619.63, 742.05, 863.28, 978.45, 1101.0]
scores: [0.9314935158525759, 0.9503647933594337, 1.0, 1.0, 0.9980140251908847, 1.0, 1.0, 1.0, 1.0]
