training_data_sizes: [0.1, 0.2, 0.3, 0.4]
times: [138.63, 355.96, 660.81, 1074.79]
scores: [0.3284374511105115, 0.33527262299442473, 0.335542258460809, 0.33990899516711626]
