training_data_sizes: [0.1, 0.2, 0.3]
times: [368.17, 743.23, 1102.42]
scores: [0.8209700178227748, 0.8841546549407595, 0.9782517398783803]
