training_data_sizes: [0.1, 0.2, 0.3, 0.4, 0.5, 0.6, 0.7, 0.8, 0.9]
times: [117.72, 228.84, 339.78, 447.09, 563.85, 675.01, 785.39, 894.63, 1003.01]
scores: [0.746303146286698, 0.8455049719617911, 0.8961111206924, 0.8890025965922701, 0.8199025068412906, 1.0, 0.88374920221833, 1.0, 0.999884832484419]
