training_data_sizes: [0.1, 0.2, 0.3, 0.4, 0.5]
times: [49.0, 95.0, 147.0, 195.0, 240.0]
scores: [0.9192526240136484, 1.0, 1.0, 1.0, 0.9921764638916069]
