training_data_sizes: [0.1, 0.2, 0.3, 0.4, 0.5, 0.6]
times: [94.0, 198.0, 292.0, 391.0, 497.0, 598.0]
scores: [0.8671493462603203, 0.9038704560387489, 0.9582043519242394, 0.9945786988293246, 0.8897563847950045, 1.0]
