training_data_sizes: [0.1, 0.2, 0.3, 0.4, 0.5, 0.6, 0.7, 0.8, 0.9, 1.0]
times: [0.44, 0.46, 0.48, 0.51, 0.54, 0.58, 0.62, 0.67, 0.78, 1.04]
scores: [0.7440519105984138, 0.6939275828955545, 0.6517522746112436, 0.6521722018879912, 0.6767195196490849, 0.7061960690316396, 0.7145884846344046, 0.7179175922467516, 0.713980311889324, 0.7071045576407506]
