training_data_sizes: [0.1, 0.2, 0.3, 0.4, 0.5, 0.6, 0.7, 0.8, 0.9]
times: [21.0, 59.0, 87.0, 113.0, 144.0, 179.0, 203.0, 237.0, 266.0]
scores: [0.67475778438996, 0.5325614364724054, 0.731543270095637, 0.7451702999887954, 0.7392776738861122, 0.8987235277158587, 1.0, 0.9394882170157025, 1.0]
