training_data_sizes: [0.1, 0.2, 0.3, 0.4, 0.5, 0.6, 0.7, 0.8]
times: [95.12, 181.47, 266.5, 356.25, 443.05, 525.23, 613.9, 705.83]
scores: [0.8586433077191671, 0.8891230719580123, 0.7928846376711312, 0.865948945840048, 0.8430014345374675, 0.9456607119177103, 0.9014301899414642, 0.9305621443829211]
