training_data_sizes: [0.1, 0.2, 0.3, 0.4, 0.5]
times: [117.0, 234.0, 350.0, 478.0, 593.0]
scores: [0.9042413323771126, 0.8394528865921409, 0.8026012571290063, 0.8779948185623573, 0.7767104012199868]
