training_data_sizes: [0.1, 0.2, 0.3, 0.4, 0.5, 0.6, 0.7]
times: [88.56, 175.34, 266.58, 347.57, 435.3, 517.1, 606.0]
scores: [0.6551276440572451, 0.7613411679715527, 0.7307339956126717, 0.7626942114354259, 0.8417069152691525, 0.9542279952105848, 0.9619705581720013]
