training_data_sizes: [0.1, 0.2, 0.3, 0.4, 0.5, 0.6]
times: [2.0, 13.0, 22.0, 38.0, 43.0, 52.0]
scores: [0.9630880541049476, 1.0, 0.9582607849738666, 0.9854796816249904, 0.957890639002076, 1.0]
