training_data_sizes: [0.1, 0.2, 0.3, 0.4, 0.5, 0.6, 0.7, 0.8, 0.9, 1.0]
times: [99.81, 184.8, 274.79, 365.78, 453.11, 544.34, 630.78, 723.31, 817.57, 909.02]
scores: [0.8920685076914425, 0.9343743022635924, 1.0, 1.0, 1.0, 1.0, 0.9398898928285431, 0.962677892910925, 1.0, 1.0]
