training_data_sizes: [0.1, 0.2, 0.3, 0.4, 0.5, 0.6]
times: [98.0, 198.0, 293.0, 397.0, 498.0, 590.0]
scores: [0.9698777546249274, 1.0, 1.0, 0.9579599536672585, 1.0, 0.9775898718520446]
