training_data_sizes: [0.1, 0.2, 0.3, 0.4, 0.5, 0.6, 0.7, 0.8, 0.9, 1.0]
times: [60.0, 134.0, 203.0, 274.0, 347.0, 413.0, 486.99999999999994, 551.0, 624.0, 698.0]
scores: [0.9047381626388679, 0.9627838927595727, 0.8705792128105021, 1.0, 1.0, 1.0, 1.0, 1.0, 1.0, 1.0]
