training_data_sizes: [0.1, 0.2]
times: [550.65, 1107.31]
scores: [0.9144641475722459, 0.8591486313831105]
