training_data_sizes: [0.1, 0.2, 0.3, 0.4, 0.5, 0.6]
times: [185.75, 373.03, 557.48, 738.49, 921.84, 1106.06]
scores: [0.972151786591233, 0.8215810788058593, 0.8215747037279002, 0.9841137920752538, 0.9235846289002223, 0.973102857216789]
