training_data_sizes: [0.1, 0.2, 0.3, 0.4, 0.5, 0.6, 0.7, 0.8, 0.9, 1.0]
times: [1.03, 2.1, 3.39, 4.79, 6.16, 7.65, 8.94, 10.6, 11.78, 13.2]
scores: [0.4609671870782517, 0.5367828934710452, 0.6692475722715633, 0.7282990655083953, 0.745807933767331, 0.7548148106329805, 0.7528041380188368, 0.7567703518981915, 0.7568673043293194, 0.7561157533355435]
