training_data_sizes: [0.1, 0.2, 0.3, 0.4]
times: [47.0, 93.0, 143.0, 193.0]
scores: [0.9835899238693147, 1.0, 0.9769324733667374, 0.9788059863134912]
