training_data_sizes: [0.1, 0.2, 0.3, 0.4, 0.5, 0.6, 0.7]
times: [51.0, 110.0, 172.0, 234.0, 299.0, 355.0, 414.0]
scores: [0.7438868228947826, 0.6999876706184619, 0.6833610114621657, 0.6622117493423819, 0.8129846861391737, 0.6391743849320337, 0.7680892539668127]
