training_data_sizes: [0.1, 0.2, 0.3]
times: [468.22, 936.16, 1401.15]
scores: [0.8589895069444053, 0.790253366610202, 0.7878175656944617]
