training_data_sizes: [0.1, 0.2, 0.3, 0.4]
times: [31.0, 74.0, 112.0, 159.0]
scores: [0.8001531131499438, 0.7373384838121172, 0.8848521371647631, 0.8538387643381992]
