training_data_sizes: [0.1, 0.2, 0.3, 0.4, 0.5, 0.6, 0.7, 0.8, 0.9, 1.0]
times: [129.78, 240.33, 364.58, 485.9, 605.11, 725.1, 840.5, 962.2, 1085.76, 1202.68]
scores: [0.914332035941684, 0.8843917593089865, 0.8990708543055392, 0.9702055014222692, 1.0, 1.0, 1.0, 1.0, 1.0, 1.0]
