training_data_sizes: [0.1, 0.2, 0.3, 0.4, 0.5, 0.6, 0.7]
times: [121.29, 232.39, 345.77, 457.5, 578.62, 686.5, 802.18]
scores: [0.91695136851839, 0.7659956558792691, 0.8907309175010298, 0.8373809045043668, 0.8140278807075683, 0.9212695705856684, 0.9281031247263205]
