training_data_sizes: [0.1, 0.2, 0.3, 0.4, 0.5]
times: [264.79, 528.73, 783.89, 1040.59, 1309.75]
scores: [0.7587847829071457, 0.8968461947975728, 0.9020655945492791, 0.829681068577311, 0.8547104950676335]
