training_data_sizes: [0.1, 0.2, 0.3, 0.4, 0.5, 0.6]
times: [138.31, 272.74, 401.27, 538.7, 670.92, 802.58]
scores: [0.7087519754891003, 0.5691548217752397, 0.6552751026932261, 0.5365976698369469, 0.48584398953420177, 0.6498968030383574]
