training_data_sizes: [0.1, 0.2, 0.3, 0.4, 0.5, 0.6, 0.7, 0.8, 0.9, 1.0]
times: [36.87, 69.42, 106.41, 127.94, 162.45, 182.19, 194.27, 229.95, 244.74, 268.97]
scores: [0.9925182918788366, 0.9766523963055671, 0.9428387963661056, 0.8966255951808615, 0.884203793193219, 0.842900236213449, 0.8065248450625695, 0.7916374258680103, 0.7650850567572056, 0.7433247925631389]
