training_data_sizes: [0.1, 0.2]
times: [14.0, 39.0]
scores: [0.8184722396022006, 0.8293293871908287]
