training_data_sizes: [0.1, 0.2, 0.3, 0.4]
times: [281.39, 559.66, 833.83, 1107.11]
scores: [0.7877791666511937, 0.8651659750833693, 0.7848622643598152, 0.8974893476381831]
