training_data_sizes: [0.1, 0.2, 0.3, 0.4, 0.5, 0.6, 0.7, 0.8, 0.9]
times: [82.84, 155.95, 237.69, 312.18, 398.05, 468.14, 545.02, 623.23, 705.6]
scores: [0.5989975889903609, 0.5498714499325126, 0.6701538436408917, 0.5602387570285272, 0.5482485119205691, 0.6237766598988113, 0.5642687190505387, 0.572459193982179, 0.4376022608953102]
