training_data_sizes: [0.1, 0.2, 0.3, 0.4, 0.5, 0.6, 0.7, 0.8, 0.9]
times: [150.73, 292.73, 434.98, 586.61, 731.75, 867.57, 1014.22, 1158.76, 1308.45]
scores: [0.6810027920189285, 0.8573953577476785, 0.8000186763947528, 0.7967083221694753, 0.8275478825252047, 0.9286485558148522, 0.8787759272695326, 1.0, 1.0]
