training_data_sizes: [0.1, 0.2, 0.3, 0.4]
times: [229.28, 451.29, 675.29, 908.76]
scores: [0.8551744215220793, 0.7966840674618741, 0.8983417425016822, 0.7551459955185349]
