training_data_sizes: [0.1, 0.2, 0.3, 0.4, 0.5, 0.6, 0.7, 0.8, 0.9, 1.0]
times: [3.19, 7.28, 13.79, 28.0, 47.1, 67.78, 94.17, 116.69, 153.41, 189.84]
scores: [0.11076498678762303, 0.1246013148151901, 0.14486630136458867, 0.1645240172978959, 0.18643464118006525, 0.18487295811682514, 0.19144178616156426, 0.2101383696738327, 0.20386596050039762, 0.21084159732492658]
