training_data_sizes: [0.1, 0.2, 0.3, 0.4]
times: [204.98, 406.51, 603.1, 801.21]
scores: [0.7722972346013163, 0.9318567227527128, 0.8491801898838804, 0.8568544410315957]
