training_data_sizes: [0.1, 0.2, 0.3, 0.4]
times: [105.0, 218.0, 320.0, 435.0]
scores: [0.8768878003096805, 0.9314645747767756, 0.7680927237659942, 0.866203899323686]
