training_data_sizes: [0.1, 0.2, 0.3, 0.4, 0.5, 0.6, 0.7, 0.8, 0.9]
times: [83.13, 164.93, 235.04, 312.04, 394.3, 467.3, 552.75, 627.58, 709.22]
scores: [0.8833942786803953, 0.9640123044738869, 1.0, 1.0, 1.0, 1.0, 1.0, 1.0, 1.0]
