training_data_sizes: [0.1, 0.2, 0.3, 0.4, 0.5, 0.6, 0.7]
times: [114.67, 232.76, 345.7, 464.66, 572.03, 685.95, 807.95]
scores: [0.8225259171819871, 0.8942844850619079, 0.9235818009952449, 0.9145940628047247, 0.9532919012227101, 0.9259989903408754, 1.0]
