training_data_sizes: [0.1, 0.2, 0.3, 0.4]
times: [256.94, 501.33, 753.44, 1002.56]
scores: [0.9030497457522144, 0.9521385887067432, 0.8412925782654931, 0.9505774503896578]
