training_data_sizes: [0.1, 0.2, 0.3, 0.4, 0.5, 0.6, 0.7, 0.8, 0.9]
times: [114.0, 233.0, 352.0, 473.0, 590.0, 716.0, 834.0, 958.0, 1071.0]
scores: [0.8449273316620171, 0.8606729380450506, 0.8654481296538161, 0.924102794151334, 1.0, 0.9807891807097926, 1.0, 1.0, 1.0]
