training_data_sizes: [0.1, 0.2, 0.3, 0.4]
times: [45.0, 98.0, 143.0, 194.0]
scores: [0.8310330748758366, 0.8832956661828706, 0.9395281181926187, 0.8884969706198973]
