training_data_sizes: [0.1, 0.2, 0.3, 0.4, 0.5, 0.6, 0.7]
times: [53.0, 110.0, 173.0, 235.0, 299.0, 356.0, 413.0]
scores: [0.8597952972437164, 0.8060143288392809, 0.8445444279441964, 0.8015321925700438, 0.9056134928683278, 0.9035182675327225, 0.8290872231700481]
