training_data_sizes: [0.1, 0.2]
times: [22.0, 56.0]
scores: [0.8428343856118475, 0.8655661903662266]
