training_data_sizes: [0.1, 0.2, 0.3, 0.4, 0.5, 0.6]
times: [12.0, 37.0, 54.0, 72.0, 90.0, 115.0]
scores: [0.6904535660792439, 0.8094029995215851, 0.7118270933101354, 0.8483364321760382, 0.8439367131138735, 0.8664398963626256]
