training_data_sizes: [0.1, 0.2, 0.3, 0.4]
times: [356.4, 703.66, 1059.93, 1409.87]
scores: [0.8792604061436882, 0.7947569428852272, 0.8641372706459356, 0.8053208888047306]
