training_data_sizes: [0.1, 0.2]
times: [83.0, 170.0]
scores: [0.9631163674466873, 0.8590562421242387]
