training_data_sizes: [0.1, 0.2, 0.3]
times: [53.0, 114.0, 177.0]
scores: [0.9394792709770021, 0.9724578898623202, 0.9327642650710126]
