training_data_sizes: [0.1, 0.2, 0.3, 0.4, 0.5, 0.6]
times: [108.81, 201.29, 309.66, 409.55, 500.8, 604.6]
scores: [0.7535019575494455, 0.6717849932289789, 0.7858407343426028, 0.8776331629038453, 0.9146658502850982, 0.9040080883227475]
