training_data_sizes: [0.1, 0.2, 0.3]
times: [475.74, 937.28, 1408.93]
scores: [0.7468918794702826, 0.7513558332536634, 0.6354073373806229]
