training_data_sizes: [0.1, 0.2, 0.3, 0.4]
times: [253.06, 500.88, 755.9, 1009.45]
scores: [0.7924046686011315, 0.8486433253581636, 0.9359061510702102, 0.8499369647391364]
