training_data_sizes: [0.1, 0.2, 0.3, 0.4, 0.5, 0.6, 0.7]
times: [25.0, 54.0, 86.0, 119.0, 145.0, 171.0, 203.0]
scores: [0.8151619843170501, 0.8833028962480817, 0.928671103174898, 0.8562132355354286, 0.9716360154877031, 1.0, 1.0]
