training_data_sizes: [0.1, 0.2, 0.3, 0.4]
times: [88.0, 176.0, 260.0, 354.0]
scores: [0.712628791070949, 0.8424458497680241, 0.8265423742397882, 0.8249214820777602]
