training_data_sizes: [0.1, 0.2, 0.3, 0.4, 0.5, 0.6, 0.7, 0.8, 0.9]
times: [49.0, 91.0, 140.0, 196.0, 241.0, 292.0, 341.0, 391.0, 443.0]
scores: [0.8306355484896799, 0.8648760583673054, 0.9111017596247866, 0.8652687555158136, 0.8974782593258634, 1.0, 0.9475263487132874, 0.9332753089966134, 0.9187417653758834]
