training_data_sizes: [0.1, 0.2, 0.3, 0.4]
times: [278.09, 556.68, 828.81, 1106.73]
scores: [0.9500972258612218, 1.0, 0.9537506155858797, 1.0]
