training_data_sizes: [0.1, 0.2, 0.3, 0.4]
times: [282.05, 559.67, 828.89, 1102.7]
scores: [0.7811917778288955, 0.7355443605970924, 0.9316182691763807, 0.7807375574722504]
