training_data_sizes: [0.1, 0.2]
times: [609.65, 1208.72]
scores: [0.8698223306494568, 0.8436766779681006]
