training_data_sizes: [0.1, 0.2]
times: [607.69, 1203.02]
scores: [0.84244924132751, 0.9331335952372874]
