training_data_sizes: [0.1, 0.2, 0.3]
times: [276.61, 542.65, 802.3]
scores: [0.8356167430645556, 0.8235901651836399, 0.8225680433665179]
