training_data_sizes: [0.1, 0.2, 0.3]
times: [29.0, 50.0, 83.0]
scores: [0.9373244288150722, 0.9829425639438859, 0.8744730784842469]
