training_data_sizes: [0.1, 0.2, 0.3, 0.4, 0.5, 0.6, 0.7]
times: [19.0, 31.0, 54.0, 76.0, 99.0, 118.0, 133.0]
scores: [0.8026618310482784, 0.8767898223239372, 1.0, 1.0, 0.9502625806351497, 1.0, 1.0]
