training_data_sizes: [0.1, 0.2, 0.3, 0.4, 0.5]
times: [113.0, 239.0, 356.0, 470.0, 592.0]
scores: [0.8681131460412566, 0.923218767623686, 0.8732082671710044, 0.9453638002138836, 0.8742124261303805]
