training_data_sizes: [0.1, 0.2]
times: [38.0, 75.0]
scores: [0.7828377662480287, 0.8312143468422533]
