training_data_sizes: [0.1, 0.2, 0.3, 0.4, 0.5, 0.6, 0.7, 0.8, 0.9]
times: [102.01, 201.92, 309.46, 403.25, 508.46, 606.01, 703.79, 805.22, 909.88]
scores: [0.7644258812351432, 0.670525498582451, 0.6718207710248498, 0.6285449412755942, 0.6211457988561574, 0.6149573105711095, 0.6868465254411179, 0.5576288592264551, 0.6097513086642677]
