training_data_sizes: [0.1, 0.2, 0.3, 0.4, 0.5, 0.6, 0.7, 0.8, 0.9, 1.0]
times: [109.81, 200.26, 306.63, 409.8, 508.07, 602.39, 700.7, 801.26, 902.68, 1002.38]
scores: [0.830062345872206, 0.9671443702687477, 0.8727296701440589, 0.9935498688647812, 0.9849740811941448, 0.8878413557496014, 1.0, 1.0, 1.0, 1.0]
