training_data_sizes: [0.1, 0.2]
times: [602.94, 1202.77]
scores: [0.5605141000572622, 0.5136536884674417]
