training_data_sizes: [0.1, 0.2, 0.3, 0.4, 0.5, 0.6]
times: [36.0, 76.0, 118.0, 151.0, 193.0, 238.0]
scores: [0.7542821730442975, 0.7954066149776409, 0.8334822023496332, 0.9519669957187701, 0.8512828927704359, 0.9069481608970685]
