training_data_sizes: [0.1, 0.2, 0.3]
times: [79.0, 158.0, 232.0]
scores: [0.7250814856824361, 0.8610878260144683, 0.8082297840587691]
