training_data_sizes: [0.1, 0.2, 0.3, 0.4, 0.5, 0.6, 0.7, 0.8, 0.9]
times: [33.0, 74.0, 117.0, 155.0, 199.0, 237.0, 272.0, 317.0, 359.0]
scores: [0.8045404284578725, 0.9148730589530498, 0.8251155736824751, 0.9770159869528946, 0.8938488207147425, 0.7901159564859577, 0.9023149242272063, 0.8413943724952734, 0.8480621570390008]
