training_data_sizes: [0.1, 0.2, 0.3, 0.4, 0.5, 0.6]
times: [174.43, 336.23, 501.13, 675.02, 836.68, 1005.91]
scores: [0.7807731544196405, 0.9311394067485281, 0.9714801167496969, 0.8485872020276437, 0.977291945619468, 0.9299988961499155]
