training_data_sizes: [0.1, 0.2, 0.3]
times: [35.0, 71.0, 118.0]
scores: [0.8013947500548213, 0.8019632328735065, 0.7798496530104952]
