training_data_sizes: [0.1, 0.2, 0.3]
times: [136.0, 276.0, 413.0]
scores: [0.8513976494465632, 0.9374082497151239, 0.88583349299798]
