training_data_sizes: [0.1, 0.2, 0.3, 0.4, 0.5]
times: [18.0, 39.0, 58.0, 73.0, 92.0]
scores: [0.7943351025658176, 0.8028036835353534, 0.8334686163716001, 0.7354910771287245, 0.7122035448815498]
