training_data_sizes: [0.1, 0.2, 0.3, 0.4, 0.5, 0.6, 0.7, 0.8, 0.9]
times: [117.0, 239.0, 351.0, 476.0, 598.0, 714.0, 831.0, 956.0, 1075.0]
scores: [0.8936219775380438, 0.8726646096674402, 0.9213787298856362, 1.0, 1.0, 1.0, 0.9241448709630067, 1.0, 1.0]
