training_data_sizes: [0.1, 0.2, 0.3, 0.4]
times: [92.0, 191.0, 298.0, 393.0]
scores: [0.9925358874873058, 0.9398152054726823, 1.0, 1.0]
