training_data_sizes: [0.1, 0.2, 0.3, 0.4]
times: [326.08, 652.09, 982.18, 1305.13]
scores: [0.9238806783407367, 0.9602795227931253, 0.8909606522463203, 1.0]
