training_data_sizes: [0.1, 0.2, 0.3]
times: [100.0, 219.0, 321.0]
scores: [0.9612273091062924, 1.0, 0.8839182362421372]
