training_data_sizes: [0.1, 0.2, 0.3, 0.4, 0.5, 0.6, 0.7, 0.8]
times: [125.35, 257.25, 384.03, 507.75, 632.17, 752.7, 880.94, 1007.97]
scores: [0.8149936364387385, 0.7476895583372904, 0.830153266426919, 0.9706057488269437, 1.0, 1.0, 0.995303477527529, 1.0]
