training_data_sizes: [0.1, 0.2, 0.3, 0.4, 0.5]
times: [30.0, 70.0, 119.0, 154.0, 193.0]
scores: [0.8299153969092398, 0.724486492863122, 0.7403888515918438, 0.8501443291768844, 0.8979733580634215]
