training_data_sizes: [0.1, 0.2, 0.3, 0.4, 0.5, 0.6, 0.7, 0.8, 0.9]
times: [47.0, 91.0, 149.0, 194.0, 249.0, 290.0, 348.0, 395.0, 444.0]
scores: [0.5196317938892271, 0.5772333425032776, 0.6722010293070799, 0.5117937634823897, 0.6286732580451587, 0.6848030461689278, 0.8432505974504934, 0.9164784569949758, 0.9264281014939406]
