training_data_sizes: [0.1, 0.2]
times: [49.0, 94.0]
scores: [0.6310628761123527, 0.5314152260758256]
