training_data_sizes: [0.1, 0.2, 0.3]
times: [56.0, 111.0, 178.0]
scores: [0.9146365133716059, 1.0, 0.9426689849346293]
