training_data_sizes: [0.1, 0.2, 0.3, 0.4, 0.5, 0.6]
times: [191.03, 375.08, 555.11, 733.79, 922.3, 1104.28]
scores: [0.8479649353903069, 0.9515350848719255, 0.8101119819137463, 0.8039396054003388, 0.9241744485860552, 0.8132109083499526]
