training_data_sizes: [0.1, 0.2]
times: [28.0, 58.0]
scores: [0.5904712028123944, 0.5040775681388492]
