training_data_sizes: [0.1, 0.2, 0.3, 0.4]
times: [90.0, 192.0, 297.0, 396.0]
scores: [0.9586160310410154, 0.8777549654100933, 1.0, 1.0]
