training_data_sizes: [0.1, 0.2, 0.3, 0.4, 0.5, 0.6, 0.7, 0.8, 0.9, 1.0]
times: [61.43, 123.14, 185.91, 243.07, 308.21, 360.39, 423.66, 487.06, 545.79, 608.12]
scores: [0.7205447672087717, 0.6569041785987465, 0.797507113298274, 0.7868995619778152, 0.6727578450451495, 0.6510714238322937, 0.7358813797892121, 0.5970670040716131, 0.6504080156325567, 0.7039049394494037]
