training_data_sizes: [0.1, 0.2, 0.3]
times: [104.0, 216.0, 325.0]
scores: [0.918815731270209, 0.8161097060509379, 0.905145863920967]
