training_data_sizes: [0.1, 0.2, 0.3, 0.4, 0.5, 0.6, 0.7, 0.8]
times: [121.05, 226.3, 342.31, 454.73, 570.78, 677.08, 795.52, 902.02]
scores: [0.9316995635391914, 0.996793413335591, 0.9800667660626279, 0.8863591271577969, 0.9500583605860806, 0.9145910107718915, 0.8884285764248141, 0.8835523162822406]
