training_data_sizes: [0.1, 0.2, 0.3, 0.4]
times: [47.0, 98.0, 142.0, 193.0]
scores: [0.9132021585973908, 0.932971870752752, 0.9862836995810407, 1.0]
