training_data_sizes: [0.1, 0.2, 0.3, 0.4, 0.5, 0.6, 0.7, 0.8, 0.9, 1.0]
times: [56.0, 114.0, 175.0, 230.0, 291.0, 355.0, 414.0, 479.0, 537.0, 597.0]
scores: [1.0, 1.0, 0.8835161341816951, 1.0, 1.0, 0.977783995762841, 0.9844676490196449, 1.0, 1.0, 1.0]
