training_data_sizes: [0.1, 0.2, 0.3, 0.4, 0.5, 0.6, 0.7]
times: [131.66, 259.82, 386.38, 518.87, 645.83, 772.95, 909.89]
scores: [0.9785627681635141, 0.9011551674536258, 0.9456250774550072, 0.9279827060344039, 0.8535845679275289, 1.0, 0.9141472506037029]
