training_data_sizes: [0.1, 0.2, 0.3]
times: [117.0, 238.0, 354.0]
scores: [0.854558353015449, 0.8598670039464942, 0.8756056376829798]
