training_data_sizes: [0.1, 0.2, 0.3, 0.4, 0.5, 0.6]
times: [118.0, 238.0, 352.0, 476.0, 599.0, 715.0]
scores: [0.662831026342357, 0.8197266686877956, 0.716028992097793, 0.7211794518922308, 0.7746792256707802, 0.9373926657428429]
