training_data_sizes: [0.1, 0.2, 0.3, 0.4, 0.5, 0.6, 0.7, 0.8, 0.9, 1.0]
times: [0.27, 0.48, 0.73, 0.76, 0.9, 1.04, 1.22, 1.4, 1.53, 1.67]
scores: [0.06608845580049898, 0.14469734001501997, 0.19814239568848613, 0.2353143995270718, 0.26032943252234425, 0.2717755137534469, 0.28462292755825047, 0.2921180687484199, 0.29824609216816794, 0.3018675217237007]
