training_data_sizes: [0.1, 0.2, 0.3, 0.4, 0.5, 0.6, 0.7]
times: [135.1, 258.81, 385.83, 520.9, 647.95, 776.39, 900.49]
scores: [0.6705570171666319, 0.7764987895441445, 0.8713901507504318, 0.957890946405498, 0.9523143768357263, 0.8931694965935661, 1.0]
