training_data_sizes: [0.1, 0.2, 0.3]
times: [242.02, 648.85, 1156.77]
scores: [0.385142771169423, 0.4375772693291267, 0.44399933981340767]
