training_data_sizes: [0.1, 0.2, 0.3]
times: [53.0, 111.0, 171.0]
scores: [0.7570379564667993, 0.8882966277560207, 0.9161844017157706]
