training_data_sizes: [0.1, 0.2, 0.3, 0.4, 0.5, 0.6, 0.7, 0.8, 0.9, 1.0]
times: [1.45, 2.72, 4.28, 5.63, 7.29, 8.75, 11.7, 11.55, 13.01, 12.96]
scores: [0.9142817639524632, 0.9522515560641129, 0.9666291758621379, 0.9739259655046355, 0.9786413604104294, 0.9817787995342481, 0.9839395410067654, 0.9853741143910889, 0.98657474924817, 0.987571007094304]
