training_data_sizes: [0.1, 0.2, 0.3]
times: [73.0, 159.0, 238.0]
scores: [0.8731225449007698, 0.8633802552362235, 0.9700763408282955]
