training_data_sizes: [0.1, 0.2, 0.3, 0.4, 0.5, 0.6, 0.7, 0.8, 0.9]
times: [90.31, 185.32, 275.23, 356.36, 449.09, 534.42, 627.14, 714.72, 801.62]
scores: [0.7760995606846881, 0.8546186385440633, 0.9066970125222718, 1.0, 1.0, 1.0, 1.0, 1.0, 1.0]
