training_data_sizes: [0.1, 0.2, 0.3, 0.4, 0.5, 0.6]
times: [42.0, 98.0, 142.0, 197.0, 247.0, 290.0]
scores: [0.7063258156273051, 0.7070725628226482, 0.7499733025580548, 0.7909722722069711, 0.7711538717824471, 0.7743781956432336]
