training_data_sizes: [0.1, 0.2, 0.3, 0.4, 0.5, 0.6, 0.7]
times: [200.61, 401.33, 600.76, 808.29, 1005.86, 1200.35, 1403.42]
scores: [0.737386877224379, 0.6468297827427164, 0.693080639103334, 0.8503773011089535, 0.9187416263680143, 0.8590269128803283, 0.9068164791267654]
