training_data_sizes: [0.1, 0.2]
times: [305.04, 603.82]
scores: [0.7772692271010716, 0.8454762380651387]
