training_data_sizes: [0.1, 0.2, 0.3, 0.4, 0.5, 0.6, 0.7, 0.8]
times: [131.1, 252.52, 378.46, 503.44, 630.66, 757.99, 877.77, 1007.7]
scores: [0.837096085519585, 0.7351114657573812, 0.8040331500597585, 0.9009566263507803, 0.8253384869629291, 0.8476642428941812, 0.8852429012896073, 0.8648626891205575]
