training_data_sizes: [0.1, 0.2, 0.3, 0.4, 0.5]
times: [104.0, 217.0, 326.0, 436.0, 541.0]
scores: [1.0, 1.0, 0.9577832592006699, 0.9705639709087768, 1.0]
