training_data_sizes: [0.1, 0.2, 0.3, 0.4, 0.5, 0.6, 0.7, 0.8, 0.9]
times: [47.0, 99.0, 141.0, 194.0, 243.0, 293.0, 344.0, 394.0, 441.0]
scores: [0.6414854725177054, 0.5773464248627687, 0.656915777757305, 0.6281214003378323, 0.6294718101021478, 0.562443430847757, 0.643531872099946, 0.4962406377593997, 0.6097585578752509]
