training_data_sizes: [0.1, 0.2, 0.3, 0.4, 0.5, 0.6, 0.7, 0.8]
times: [179.25, 351.46, 527.3, 709.24, 884.93, 1052.9, 1225.68, 1406.62]
scores: [0.7990680289060932, 0.8890927199610625, 0.9399691599981579, 0.9939757615280063, 0.9581804769908451, 0.9051871472122905, 0.8873912924560281, 0.9994458234690762]
