training_data_sizes: [0.1, 0.2, 0.3, 0.4, 0.5, 0.6, 0.7, 0.8, 0.9]
times: [119.43, 226.52, 337.77, 447.55, 563.5, 667.9, 781.9, 897.64, 1001.07]
scores: [0.9015225045373938, 0.9838634183111028, 1.0, 1.0, 1.0, 1.0, 1.0, 1.0, 1.0]
