training_data_sizes: [0.1, 0.2, 0.3, 0.4, 0.5, 0.6, 0.7]
times: [26.0, 52.0, 89.0, 111.0, 144.0, 177.0, 201.0]
scores: [0.957697777165571, 1.0, 1.0, 0.9343992023531418, 0.8913972617189858, 0.8611708717663116, 0.8886431682526379]
