training_data_sizes: [0.1, 0.2, 0.3, 0.4]
times: [182.72, 352.9, 528.99, 703.52]
scores: [0.8388332942630939, 0.9125021010906218, 0.8732835941717159, 0.799401851368139]
