training_data_sizes: [0.1, 0.2, 0.3]
times: [208.96, 402.97, 609.43]
scores: [0.7774986782464888, 0.7858262154887042, 0.8012586663553141]
