training_data_sizes: [0.1, 0.2, 0.3, 0.4, 0.5, 0.6, 0.7, 0.8]
times: [100.82, 207.61, 305.01, 402.89, 505.67, 601.93, 704.05, 805.24]
scores: [0.6514459307736017, 0.6904263453455142, 0.6693944150656249, 0.8910821249940777, 0.9137033706157855, 1.0, 1.0, 1.0]
