training_data_sizes: [0.1, 0.2, 0.3, 0.4, 0.5, 0.6, 0.7]
times: [143.61, 295.15, 434.08, 576.97, 721.26, 860.52, 1008.79]
scores: [0.9244800781454097, 0.9702819156821667, 0.9064773796950609, 0.9846838554088355, 0.8655497826661078, 0.9025233540591001, 0.9427684763216817]
