training_data_sizes: [0.1, 0.2, 0.3]
times: [409.59, 807.25, 1203.74]
scores: [0.9227991198862823, 0.9792700314719937, 1.0]
