training_data_sizes: [0.1, 0.2, 0.3, 0.4, 0.5, 0.6, 0.7, 0.8, 0.9, 1.0]
times: [2.37, 2.83, 3.24, 3.83, 4.19, 4.8, 5.48, 6.15, 6.6, 7.22]
scores: [0.9738112301648104, 0.9853898634523535, 0.9896757947267738, 0.9919476817502244, 0.9933695682180371, 0.9943381847396493, 0.9950507108040154, 0.9955989610137193, 0.9960303659673782, 0.996382374606992]
