training_data_sizes: [0.1, 0.2, 0.3]
times: [23.0, 50.0, 85.0]
scores: [0.682535139983886, 0.731817524247701, 0.6977184882025428]
