training_data_sizes: [0.1, 0.2]
times: [300.21, 603.58]
scores: [0.9802661080046936, 0.9434720409012487]
