training_data_sizes: [0.1, 0.2, 0.3, 0.4, 0.5, 0.6, 0.7, 0.8, 0.9, 1.0]
times: [29.12, 55.81, 81.54, 98.32, 107.06, 120.46, 133.56, 151.72, 158.98, 170.44]
scores: [1.0, 1.0, 1.0, 0.941080117550706, 0.8381995923507342, 0.7886870280626619, 0.7297937960812564, 0.6799482732390081, 0.6497259187132605, 0.46578836011893765]
