training_data_sizes: [0.1, 0.2, 0.3, 0.4, 0.5, 0.6, 0.7, 0.8, 0.9, 1.0]
times: [136.9, 269.21, 394.5, 521.21, 658.6, 786.79, 919.81, 1047.7, 1175.58, 1307.85]
scores: [0.7761758233819693, 0.9584125778045909, 0.8444550442973355, 1.0, 0.9976435305431717, 0.9505547284001348, 1.0, 1.0, 1.0, 1.0]
