training_data_sizes: [0.1, 0.2, 0.3]
times: [61.0, 133.0, 200.0]
scores: [0.8494898662326299, 0.7983334904403474, 0.7991874696732358]
