training_data_sizes: [0.1, 0.2, 0.3, 0.4, 0.5, 0.6, 0.7]
times: [151.03, 290.5, 437.75, 578.58, 714.7, 865.97, 1003.19]
scores: [0.8506883765104789, 1.0, 0.9854912663868564, 0.954368623773447, 0.9507493015765309, 0.9643785685377411, 0.9591523605293326]
