training_data_sizes: [0.1, 0.2, 0.3, 0.4, 0.5, 0.6, 0.7]
times: [124.0, 254.0, 389.0, 519.0, 641.0, 771.0, 907.9999999999999]
scores: [0.976690063444128, 0.9648780294000457, 1.0, 0.8973005107728205, 1.0, 1.0, 1.0]
