training_data_sizes: [0.1, 0.2, 0.3, 0.4, 0.5, 0.6]
times: [223.45, 442.21, 657.9, 873.6, 1090.6, 1304.71]
scores: [0.8490886174283878, 0.8451067588387191, 0.985443966232243, 0.9510805268934122, 0.9313032209874086, 0.991782367542049]
