training_data_sizes: [0.1, 0.2, 0.3, 0.4, 0.5, 0.6, 0.7]
times: [33.0, 77.0, 111.0, 154.0, 191.0, 237.0, 279.0]
scores: [0.6253580993506731, 0.6743985403599034, 0.6078282470207276, 0.6901743712186847, 0.7451474364971056, 0.9128636475319141, 0.9851017239944345]
