training_data_sizes: [0.1, 0.2]
times: [75.0, 158.0]
scores: [0.7968080250387077, 0.9592738567451082]
