training_data_sizes: [0.1, 0.2, 0.3, 0.4, 0.5, 0.6, 0.7, 0.8, 0.9, 1.0]
times: [0.02, 0.02, 0.02, 0.02, 0.03, 0.03, 0.03, 0.03, 0.03, 0.04]
scores: [1.0, 1.0, 1.0, 0.9997888290571217, 0.9983062992638916, 0.9957764198418404, 0.9949855749416128, 0.9938928777750269, 0.9915644171779141, 0.9910505007457917]
