training_data_sizes: [0.1, 0.2, 0.3, 0.4, 0.5, 0.6]
times: [119.82, 236.78, 351.25, 473.11, 591.56, 700.77]
scores: [0.5518623735930666, 0.6834716780915261, 0.6101148841249298, 0.6617990378056245, 0.6595053023955385, 0.5787164952022629]
