training_data_sizes: [0.1, 0.2, 0.3, 0.4, 0.5, 0.6]
times: [118.2, 242.35, 351.67, 474.21, 590.86, 704.11]
scores: [0.8768813964735668, 0.8504559975412356, 0.959307405785968, 0.9807368819111337, 1.0, 0.9308044413024807]
