training_data_sizes: [0.1, 0.2, 0.3, 0.4, 0.5, 0.6]
times: [237.51, 474.13, 708.56, 939.78, 1173.23, 1404.08]
scores: [0.9368915928244764, 0.9791898038450366, 1.0, 0.9752692693323649, 0.9579148270583899, 1.0]
