training_data_sizes: [0.1, 0.2, 0.3, 0.4, 0.5, 0.6, 0.7]
times: [123.06, 236.63, 343.97, 459.67, 579.46, 690.2, 800.56]
scores: [0.7795725844123669, 0.8378165434433881, 0.8780001066618455, 0.8746273311654658, 1.0, 1.0, 1.0]
