training_data_sizes: [0.1, 0.2, 0.3]
times: [440.26, 870.05, 1307.25]
scores: [0.8428521942559071, 0.9126380292894795, 0.9866634698087382]
