training_data_sizes: [0.1, 0.2, 0.3, 0.4, 0.5, 0.6, 0.7]
times: [77.0, 154.0, 239.0, 316.0, 394.0, 478.0, 558.0]
scores: [0.6018247343354814, 0.7467388920650083, 0.7518646583997441, 0.9790694533773721, 0.9939834192162935, 1.0, 1.0]
