training_data_sizes: [0.1, 0.2, 0.3]
times: [342.66, 669.6, 1002.68]
scores: [0.8642080113545185, 0.8546032634567844, 0.9343199840318568]
