training_data_sizes: [0.1, 0.2, 0.3, 0.4, 0.5]
times: [288.08, 563.57, 846.6, 1120.72, 1400.52]
scores: [0.6614428449534759, 0.677165147360147, 0.6094845115257987, 0.5912496213601706, 0.7189204920471834]
