training_data_sizes: [0.1, 0.2, 0.3, 0.4, 0.5, 0.6, 0.7, 0.8]
times: [70.0, 150.0, 232.0, 318.0, 396.0, 477.0, 557.0, 639.0]
scores: [0.7729591090340606, 0.8163935315292397, 0.913875592454384, 0.904764670970386, 1.0, 1.0, 1.0, 0.9986854939446577]
