training_data_sizes: [0.1, 0.2, 0.3, 0.4, 0.5, 0.6, 0.7, 0.8, 0.9]
times: [82.37, 157.45, 243.23, 313.71, 391.99, 476.08, 546.54, 630.35, 706.17]
scores: [0.8527442747043646, 0.8110766915143743, 0.9009124218517657, 0.8616223250269008, 0.8131285763823282, 0.9101848382213299, 0.9970387859085621, 0.9648733946914384, 0.9983605417282716]
