training_data_sizes: [0.1, 0.2, 0.3, 0.4, 0.5, 0.6, 0.7, 0.8, 0.9, 1.0]
times: [33.72, 61.1, 91.27, 116.85, 140.79, 169.28, 191.98, 222.07, 242.11, 278.03]
scores: [0.6476178076976211, 0.6484819747325408, 0.6535120657006517, 0.6564660424305915, 0.6577488172173258, 0.6580052778822227, 0.6586696591802761, 0.6580021535614891, 0.6586504251823884, 0.6600488888318949]
