training_data_sizes: [0.1, 0.2, 0.3, 0.4, 0.5]
times: [88.0, 171.0, 262.0, 358.0, 440.0]
scores: [0.7339646836135733, 0.7153603061018741, 0.7480219631989282, 0.8812060463845843, 0.7319013691955703]
