training_data_sizes: [0.1, 0.2]
times: [356.49, 709.08]
scores: [0.7981128739345049, 0.8745489732914948]
