training_data_sizes: [0.1, 0.2, 0.3, 0.4, 0.5, 0.6, 0.7]
times: [113.0, 231.0, 350.0, 475.0, 591.0, 716.0, 838.0]
scores: [0.6182244760003981, 0.6250040427756112, 0.6584322805067531, 0.5503959280289109, 0.6057345630557351, 0.48955381695816336, 0.580110939457224]
