training_data_sizes: [0.1, 0.2, 0.3, 0.4, 0.5, 0.6, 0.7, 0.8, 0.9, 1.0]
times: [2.31, 4.38, 6.39, 8.55, 10.66, 12.69, 14.69, 17.01, 19.62, 21.45]
scores: [0.8566507081739729, 0.6511667675920636, 0.5673709748808942, 0.5385913669414389, 0.5274896046943726, 0.4985454925185824, 0.4847171509299277, 0.4778402495451643, 0.46034493963120865, 0.4578250641216523]
