training_data_sizes: [0.1, 0.2]
times: [23.0, 51.0]
scores: [0.9240776630270362, 0.915494140075322]
