training_data_sizes: [0.1, 0.2, 0.3, 0.4, 0.5, 0.6]
times: [218.4, 442.03, 653.26, 868.09, 1086.34, 1306.22]
scores: [0.993969290659275, 0.9246507144165699, 0.9504071583239359, 0.9237097027920803, 0.9020121997440211, 1.0]
