training_data_sizes: [0.1, 0.2, 0.3, 0.4]
times: [47.0, 97.0, 141.0, 194.0]
scores: [0.83021721940243, 0.8969034173497511, 0.812858204092813, 0.8886251343318308]
