training_data_sizes: [0.1, 0.2, 0.3, 0.4, 0.5, 0.6, 0.7, 0.8, 0.9, 1.0]
times: [94.02, 187.92, 274.5, 367.76, 459.78, 548.63, 637.39, 726.22, 810.12, 906.47]
scores: [0.8944533184422336, 0.9568326815964094, 1.0, 1.0, 1.0, 1.0, 1.0, 1.0, 1.0, 1.0]
