training_data_sizes: [0.1, 0.2, 0.3, 0.4, 0.5, 0.6]
times: [140.44, 269.84, 400.36, 542.93, 667.21, 804.61]
scores: [0.7926176934679989, 0.8521096239538934, 0.9887295036198382, 0.9601285195654108, 0.9182147338692433, 1.0]
