training_data_sizes: [0.1, 0.2, 0.3]
times: [302.42, 608.78, 901.27]
scores: [0.6261515849060826, 0.6182705689319126, 0.6874159673625548]
