training_data_sizes: [0.1, 0.2, 0.3, 0.4, 0.5, 0.6, 0.7, 0.8]
times: [89.32, 178.9, 270.77, 357.52, 441.18, 530.47, 616.33, 706.47]
scores: [0.8147487660589761, 0.9346108723486728, 0.9050051639077756, 0.8334960944980401, 0.909752036531184, 0.9347307827344671, 0.9586932986656584, 0.9306995147482132]
