training_data_sizes: [0.1, 0.2, 0.3]
times: [48.0, 93.0, 145.0]
scores: [0.8020982319427477, 0.7261638282818579, 0.7209361002622667]
