training_data_sizes: [0.1, 0.2, 0.3, 0.4]
times: [127.0, 256.0, 381.0, 517.0]
scores: [0.7618097481597446, 0.7500085475261244, 0.9071269970848171, 0.7404010006479816]
