training_data_sizes: [0.1, 0.2, 0.3, 0.4, 0.5, 0.6, 0.7, 0.8]
times: [165.41, 330.16, 494.76, 658.75, 822.15, 984.95, 1139.8, 1309.23]
scores: [0.97157819881595, 0.9712377073261951, 0.9362730530603605, 1.0, 0.9428643497064386, 1.0, 1.0, 1.0]
