training_data_sizes: [0.1, 0.2, 0.3, 0.4, 0.5, 0.6, 0.7, 0.8, 0.9]
times: [73.22, 141.35, 203.74, 275.93, 343.16, 401.25, 471.28, 543.25, 600.86]
scores: [0.8764641539482994, 0.908997708510882, 0.9911797503858929, 1.0, 0.9485313525069918, 0.9605273635274745, 0.9856410753380686, 1.0, 1.0]
