training_data_sizes: [0.1, 0.2, 0.3, 0.4, 0.5, 0.6, 0.7, 0.8, 0.9, 1.0]
times: [25.0, 57.0, 89.0, 115.0, 141.0, 176.0, 204.0, 234.0, 269.0, 299.0]
scores: [0.757893285599605, 0.9054659249320438, 0.8301929081603826, 0.8304490314186024, 0.8139370984825374, 0.8090317219776706, 0.8896455184471406, 0.715572036709152, 0.738618237372917, 0.7437862023087775]
