training_data_sizes: [0.1, 0.2, 0.3, 0.4, 0.5, 0.6, 0.7, 0.8, 0.9]
times: [123.69, 249.97, 367.6, 493.66, 612.03, 739.46, 861.11, 978.19, 1106.64]
scores: [1.0, 0.9715004958075084, 0.9208780433616668, 1.0, 0.9179922956552979, 1.0, 1.0, 1.0, 1.0]
