training_data_sizes: [0.1, 0.2]
times: [113.0, 239.0]
scores: [0.9651956715630965, 0.883196811802037]
