training_data_sizes: [0.1, 0.2]
times: [706.66, 1408.04]
scores: [0.6203769140169787, 0.695981686609825]
