training_data_sizes: [0.1, 0.2, 0.3, 0.4, 0.5, 0.6, 0.7, 0.8, 0.9]
times: [70.0, 154.0, 233.0, 313.0, 394.0, 473.0, 555.0, 633.0, 718.0]
scores: [0.5863804185856837, 0.6019149895795839, 0.7108394628836626, 0.6754377249743576, 0.7056119631626953, 0.8460467796404569, 0.8402587106958402, 0.8672007657755593, 0.8403031203297417]
