training_data_sizes: [0.1, 0.2, 0.3, 0.4, 0.5, 0.6, 0.7, 0.8, 0.9, 1.0]
times: [130.0, 273.0, 419.0, 555.0, 694.0, 831.0, 974.9999999999999, 1110.0, 1253.0, 1398.0]
scores: [0.776697517076272, 0.8012624296805637, 0.798216394022879, 0.8743529915484524, 0.9899553516565665, 1.0, 0.9880636455352267, 1.0, 1.0, 1.0]
