training_data_sizes: [0.1, 0.2, 0.3, 0.4, 0.5, 0.6, 0.7, 0.8]
times: [107.0, 216.0, 320.0, 433.0, 546.0, 650.0, 769.0, 878.0]
scores: [0.7855917445857146, 0.9154468905551307, 1.0, 0.9288104660544909, 0.9977762950140078, 1.0, 1.0, 1.0]
