training_data_sizes: [0.1, 0.2, 0.3]
times: [234.16, 470.25, 701.99]
scores: [0.9858153234277739, 0.9254779008377836, 0.9536179220489651]
