training_data_sizes: [0.1, 0.2, 0.3, 0.4, 0.5, 0.6, 0.7, 0.8]
times: [101.44, 206.98, 306.15, 408.69, 508.99, 604.17, 700.84, 802.27]
scores: [0.9584922847804274, 1.0, 0.9693147501811837, 0.951757162315812, 1.0, 1.0, 1.0, 1.0]
