training_data_sizes: [0.1, 0.2, 0.3, 0.4, 0.5, 0.6, 0.7, 0.8, 0.9, 1.0]
times: [23.0, 50.0, 89.0, 115.0, 143.0, 176.0, 207.0, 233.0, 264.0, 294.0]
scores: [0.5080026080381546, 0.45643701776918316, 0.6079058428605604, 0.5078445781406034, 0.6255552899894549, 0.6685575352183236, 0.7084242282825077, 0.8211974616033457, 0.8499433301398545, 0.8943922740621166]
