training_data_sizes: [0.1, 0.2, 0.3, 0.4, 0.5, 0.6, 0.7, 0.8, 0.9, 1.0]
times: [10.0, 18.25, 27.13, 36.23, 46.18, 55.53, 64.81, 72.96, 83.43, 95.21]
scores: [0.8287232529254855, 0.8127910103455456, 0.8026006930126077, 0.7998976630601491, 0.8007018950174731, 0.7977398521674102, 0.801084777045852, 0.7979927927413946, 0.7975223042235244, 0.8034620766939105]
