training_data_sizes: [0.1, 0.2, 0.3, 0.4, 0.5]
times: [269.22, 521.61, 788.24, 1040.49, 1305.91]
scores: [0.7512560361402854, 0.7297115306325573, 0.8868700892753445, 0.8760454872911665, 0.9984864314872135]
