training_data_sizes: [0.1, 0.2, 0.3, 0.4, 0.5, 0.6, 0.7, 0.8]
times: [143.78, 284.26, 415.0, 553.63, 695.94, 828.87, 972.06, 1100.54]
scores: [0.9638374915424288, 0.8958216246194042, 0.9570701512751856, 1.0, 1.0, 1.0, 1.0, 1.0]
