training_data_sizes: [0.1, 0.2, 0.3, 0.4, 0.5, 0.6, 0.7, 0.8]
times: [103.36, 200.64, 304.02, 402.41, 504.29, 600.74, 701.32, 807.79]
scores: [0.7092805546428534, 0.693130323033418, 0.7916588390473864, 0.707457447271654, 0.8744615857010345, 0.8900911355123995, 1.0, 1.0]
