training_data_sizes: [0.1, 0.2, 0.3]
times: [206.16, 402.9, 602.07]
scores: [0.8983407029049426, 0.9822147307816731, 0.8792913473498977]
