training_data_sizes: [0.1, 0.2, 0.3, 0.4, 0.5]
times: [260.72, 521.38, 786.31, 1041.62, 1301.85]
scores: [0.7767350361533668, 0.7267770282384148, 0.7832166835038188, 0.8822453230414857, 1.0]
