training_data_sizes: [0.1, 0.2, 0.3, 0.4, 0.5]
times: [262.68, 525.06, 789.23, 1049.36, 1305.85]
scores: [0.771897831581189, 0.9712411348750127, 0.8922619141493384, 0.8618452667529846, 1.0]
