training_data_sizes: [0.1, 0.2, 0.3, 0.4, 0.5, 0.6, 0.7, 0.8, 0.9, 1.0]
times: [23.98, 48.09, 71.56, 92.99, 116.37, 139.63, 157.98, 187.04, 206.15, 222.68]
scores: [0.6017231966750105, 0.6043044790937515, 0.613874622406053, 0.6147656519877878, 0.6154136761341029, 0.6123322940020997, 0.611461740335081, 0.6104442295099852, 0.6084097831565787, 0.6069027015386352]
