training_data_sizes: [0.1, 0.2, 0.3]
times: [306.38, 609.27, 909.95]
scores: [0.909776544732606, 0.8980543779792335, 1.0]
