training_data_sizes: [0.1, 0.2, 0.3, 0.4, 0.5, 0.6, 0.7, 0.8]
times: [88.42, 177.51, 271.75, 354.55, 437.7, 525.12, 616.71, 702.05]
scores: [0.8501619190143592, 0.9447665302350932, 0.9290744135405921, 0.9212393136260069, 1.0, 1.0, 1.0, 1.0]
