training_data_sizes: [0.1, 0.2, 0.3, 0.4, 0.5, 0.6, 0.7, 0.8, 0.9, 1.0]
times: [0.62, 0.77, 1.03, 1.39, 1.9, 2.37, 3.01, 3.27, 3.0, 4.5]
scores: [0.368983632955758, 0.43633023723910863, 0.45433737015984393, 0.4718727817355862, 0.47177375696294505, 0.47619290792000923, 0.4849231095803899, 0.48365261914315194, 0.48784630152082503, 0.4887265199574134]
