training_data_sizes: [0.1, 0.2, 0.3, 0.4, 0.5, 0.6, 0.7, 0.8, 0.9]
times: [144.67, 290.63, 434.67, 583.93, 725.11, 872.13, 1014.01, 1158.8, 1309.37]
scores: [0.8029352764084302, 0.9478144101220078, 0.8774142959012231, 0.9058544570733884, 0.9559460801617692, 0.8012087208367163, 0.9550129842633797, 0.9863978402077908, 0.9591093781294071]
