training_data_sizes: [0.1, 0.2, 0.3, 0.4, 0.5, 0.6, 0.7, 0.8]
times: [134.29, 250.12, 376.0, 504.22, 632.81, 753.44, 882.16, 1004.09]
scores: [0.7803720009511297, 0.7734130524780674, 0.7183920572742473, 0.791957092360885, 0.8982784488361727, 0.7972562355392971, 0.8610081915149679, 0.6878741835980737]
