training_data_sizes: [0.1, 0.2, 0.3, 0.4, 0.5, 0.6]
times: [99.0, 191.0, 295.0, 394.0, 494.0, 594.0]
scores: [0.92725846349866, 0.8442785395142365, 0.8866570196411038, 0.8827148724247289, 0.8892499978406196, 1.0]
