training_data_sizes: [0.1, 0.2, 0.3, 0.4, 0.5]
times: [209.65, 403.38, 602.17, 805.19, 1004.91]
scores: [0.9609751798771293, 0.9603737899467053, 0.8295798672723231, 1.0, 0.9674287466986904]
