training_data_sizes: [0.1, 0.2, 0.3, 0.4, 0.5, 0.6, 0.7, 0.8, 0.9, 1.0]
times: [138.0, 273.0, 415.0, 556.0, 692.0, 830.0, 969.9999999999999, 1116.0, 1250.0, 1395.0]
scores: [0.7676850473248882, 0.8605417246538306, 0.8266024309310398, 0.9772837605176453, 0.9376206493998309, 1.0, 1.0, 1.0, 1.0, 1.0]
