training_data_sizes: [0.1, 0.2, 0.3, 0.4, 0.5, 0.6, 0.7, 0.8, 0.9]
times: [131.35, 250.95, 369.9, 492.97, 611.94, 733.48, 864.96, 978.32, 1101.72]
scores: [0.8554306642421835, 1.0, 1.0, 0.9752055681028431, 0.9828247938696553, 1.0, 1.0, 1.0, 1.0]
