training_data_sizes: [0.1, 0.2, 0.3, 0.4, 0.5, 0.6, 0.7, 0.8]
times: [62.0, 134.0, 205.0, 270.0, 346.0, 418.0, 487.99999999999994, 550.0]
scores: [0.8006257697810314, 0.832405100407847, 0.814071930582583, 1.0, 0.9669491358855664, 0.9845199017603277, 0.9527289673350925, 1.0]
