training_data_sizes: [0.1, 0.2, 0.3, 0.4, 0.5, 0.6]
times: [234.86, 472.92, 705.42, 939.76, 1172.33, 1409.27]
scores: [0.8316212356089123, 0.8669530672590794, 0.9859000100802371, 0.9387595246336568, 0.9525621373382692, 0.856178298866968]
