training_data_sizes: [0.1, 0.2, 0.3, 0.4, 0.5, 0.6, 0.7, 0.8, 0.9]
times: [75.0, 157.0, 238.0, 314.0, 390.0, 476.0, 550.0, 632.0, 715.0]
scores: [0.6945399949512918, 0.7458902836687916, 0.9203243657049668, 0.9777119583931702, 0.9857305355204264, 1.0, 1.0, 1.0, 1.0]
