training_data_sizes: [0.1, 0.2]
times: [450.89, 907.62]
scores: [0.5681570015832929, 0.7336148042524075]
