training_data_sizes: [0.1, 0.2, 0.3, 0.4, 0.5, 0.6]
times: [95.0, 197.0, 293.0, 393.0, 495.0, 594.0]
scores: [0.9544875182525778, 0.789788627773756, 0.8885214598191068, 0.777785141735269, 0.8693174507412899, 0.7610763964806699]
