training_data_sizes: [0.1, 0.2, 0.3, 0.4, 0.5, 0.6, 0.7, 0.8]
times: [136.0, 276.0, 410.0, 554.0, 692.0, 831.0, 969.9999999999999, 1118.0]
scores: [0.7829327411403517, 0.9305068330055819, 0.9355917997551806, 0.9722164050874762, 0.8737460368515068, 0.8789519068602869, 1.0, 1.0]
