training_data_sizes: [0.1, 0.2, 0.3, 0.4, 0.5, 0.6, 0.7, 0.8]
times: [82.24, 153.16, 227.47, 301.5, 384.09, 457.91, 528.75, 602.26]
scores: [0.48152850900205274, 0.5948814378202495, 0.6256141609962903, 0.47748676170773896, 0.6352687452028177, 0.6268812867049542, 0.49838751423814237, 0.5533211081701309]
