training_data_sizes: [0.1, 0.2, 0.3, 0.4, 0.5, 0.6, 0.7, 0.8, 0.9]
times: [136.44, 272.56, 409.1, 538.85, 667.69, 800.31, 937.35, 1072.92, 1208.37]
scores: [0.9029916535537774, 0.934409445791037, 0.8367156879428909, 0.8775713858715053, 0.9620132381648384, 1.0, 0.9192078287321768, 0.9554593313309538, 0.9696474146592269]
