training_data_sizes: [0.1, 0.2, 0.3, 0.4]
times: [92.0, 194.0, 291.0, 397.0]
scores: [0.6915053314846391, 0.658495451931689, 0.8703610328827353, 0.8325725337007919]
