training_data_sizes: [0.1, 0.2, 0.3, 0.4]
times: [230.23, 457.12, 683.39, 908.37]
scores: [0.7538959484327014, 0.8368975422224605, 0.9503728451118654, 0.795626636912393]
