training_data_sizes: [0.1, 0.2, 0.3, 0.4]
times: [359.06, 709.13, 1051.54, 1401.75]
scores: [0.8019972745208825, 0.6980802979999279, 0.7373603036792595, 0.7366818745599181]
