training_data_sizes: [0.1, 0.2, 0.3, 0.4, 0.5, 0.6, 0.7, 0.8]
times: [132.02, 255.76, 383.29, 502.24, 628.46, 756.63, 878.71, 1002.19]
scores: [0.8950780824247231, 1.0, 0.8633878369572072, 0.9885380222302984, 0.9257498415593107, 1.0, 1.0, 1.0]
