training_data_sizes: [0.1, 0.2, 0.3, 0.4, 0.5, 0.6]
times: [75.0, 150.0, 236.0, 311.0, 398.0, 479.0]
scores: [0.8692224650868503, 0.9879984904313217, 0.9498854739015348, 0.9325136089132675, 0.9548253799469815, 0.996159099713293]
