training_data_sizes: [0.1, 0.2, 0.3, 0.4, 0.5]
times: [48.0, 93.0, 147.0, 199.0, 248.0]
scores: [0.4599522670028112, 0.5973830672369368, 0.6430005676662954, 0.6531537919883358, 0.609898377606592]
