training_data_sizes: [0.1, 0.2, 0.3, 0.4, 0.5]
times: [141.32, 284.03, 424.92, 566.02, 709.82]
scores: [0.8175293472888464, 0.9219162527571498, 0.952361231486076, 0.9521426485301906, 0.8998924660115042]
