training_data_sizes: [0.1, 0.2, 0.3, 0.4, 0.5, 0.6, 0.7, 0.8, 0.9, 1.0]
times: [3.54, 6.61, 9.24, 12.03, 14.84, 17.59, 20.11, 23.05, 25.36, 28.27]
scores: [1.0, 1.0, 0.9620467133009265, 0.9308096159159989, 0.9299569963773593, 0.8837354803752244, 0.9053406695683119, 0.8966937741380532, 0.8999425803977905, 0.8739266198282591]
