training_data_sizes: [0.1, 0.2, 0.3, 0.4]
times: [48.0, 97.0, 143.0, 196.0]
scores: [0.7408828037060871, 0.8480458198626892, 0.8062096912755858, 0.8331069034655569]
