training_data_sizes: [0.1, 0.2, 0.3, 0.4, 0.5, 0.6, 0.7]
times: [137.77, 258.96, 386.92, 518.39, 645.11, 772.68, 908.79]
scores: [0.8230257151724185, 0.7919479763655815, 0.875116811245195, 0.865823443011737, 0.8474886850429285, 0.9053990562266594, 0.7425056913194277]
