training_data_sizes: [0.1, 0.2, 0.3, 0.4, 0.5, 0.6]
times: [119.54, 241.14, 358.42, 473.78, 592.01, 709.85]
scores: [0.6645309631267198, 0.8206489941490052, 0.8527007390107058, 0.9228921137707974, 0.7883835929248049, 0.8913056872558636]
