training_data_sizes: [0.1, 0.2, 0.3, 0.4, 0.5, 0.6, 0.7, 0.8, 0.9, 1.0]
times: [92.0, 194.0, 291.0, 395.0, 499.0, 598.0, 699.0, 796.0, 892.0, 997.0]
scores: [0.731025631110416, 0.8413957270025865, 0.71112069279449, 0.77405661815515, 0.8430287477847369, 0.7377459918799982, 0.6982166225251967, 0.67518447155726, 0.7181010157103509, 0.6570443431469444]
