training_data_sizes: [0.1, 0.2, 0.3, 0.4, 0.5]
times: [91.0, 199.0, 291.0, 396.0, 493.0]
scores: [0.9252788059785937, 0.775066168248705, 0.785378663353975, 0.818856567296574, 0.93110581662767]
