training_data_sizes: [0.1, 0.2, 0.3, 0.4, 0.5, 0.6, 0.7, 0.8]
times: [26.63, 84.54, 165.65, 276.83, 418.04, 593.98, 796.07, 1015.54]
scores: [0.2127171139901107, 0.24879449446174706, 0.2745288060536698, 0.29004844383254924, 0.30572303252967953, 0.3157971775610369, 0.32598735030009934, 0.33385335468331145]
