training_data_sizes: [0.1, 0.2, 0.3, 0.4, 0.5, 0.6, 0.7, 0.8, 0.9, 1.0]
times: [27.48, 56.94, 94.56, 134.94, 181.09, 227.37, 264.43, 293.41, 336.38, 367.5]
scores: [1.0, 0.9970520388585316, 0.9909914802168182, 0.9854724788306023, 0.9772226352334336, 0.9660148751695126, 0.9567932510550949, 0.9457927383375835, 0.9343663220906037, 0.9222307485200277]
