training_data_sizes: [0.1, 0.2, 0.3]
times: [441.37, 868.29, 1304.33]
scores: [0.9380347191596453, 0.9483665435230151, 0.9792838999546489]
