training_data_sizes: [0.1, 0.2, 0.3, 0.4, 0.5, 0.6, 0.7, 0.8]
times: [150.99, 301.76, 457.03, 602.59, 757.13, 902.11, 1057.22, 1201.59]
scores: [0.945926066911526, 0.8559425919438158, 0.836690916025397, 0.9804136019312486, 0.8319093117785474, 1.0, 0.9478266490471963, 0.8396701058521865]
