training_data_sizes: [0.1, 0.2, 0.3, 0.4, 0.5, 0.6, 0.7, 0.8, 0.9, 1.0]
times: [102.76, 203.57, 309.7, 400.59, 509.11, 609.08, 704.42, 800.28, 909.41, 1004.83]
scores: [0.8150067026724914, 0.9149966894585015, 0.8479691360289182, 0.9413047013558147, 0.8982978655247338, 0.9396004749118059, 1.0, 1.0, 1.0, 1.0]
