training_data_sizes: [0.1, 0.2, 0.3, 0.4]
times: [15.0, 37.0, 59.0, 77.0]
scores: [0.8967083754722995, 0.8698984297109271, 0.8542076827304225, 0.9012607448062486]
