training_data_sizes: [0.1, 0.2, 0.3]
times: [62.0, 139.0, 206.0]
scores: [0.8015422223994273, 0.6950261388923501, 0.6332117411695757]
