training_data_sizes: [0.1, 0.2, 0.3, 0.4]
times: [254.72, 506.3, 758.11, 1006.15]
scores: [0.7078385156211515, 0.874703285131792, 0.9187580940481588, 0.9107888141060487]
