training_data_sizes: [0.1, 0.2, 0.3, 0.4, 0.5, 0.6, 0.7]
times: [13.0, 37.0, 58.0, 70.0, 90.0, 113.0, 138.0]
scores: [0.8447506316335933, 0.8559999217643385, 0.9314014943669695, 1.0, 1.0, 1.0, 1.0]
