training_data_sizes: [0.1, 0.2, 0.3, 0.4, 0.5, 0.6]
times: [127.0, 255.0, 388.0, 512.0, 642.0, 774.0]
scores: [0.8506600828647554, 0.985005890048364, 0.8402224734093, 0.9301604523037624, 0.8993473633240263, 0.9899944678230423]
