training_data_sizes: [0.1, 0.2, 0.3, 0.4, 0.5]
times: [160.33, 325.37, 488.65, 646.92, 805.58]
scores: [0.7106875800672976, 0.9123223463550734, 0.8349700411937466, 0.8098522997261814, 0.8796147596567829]
