training_data_sizes: [0.1, 0.2, 0.3, 0.4, 0.5, 0.6, 0.7, 0.8, 0.9, 1.0]
times: [25.0, 52.0, 84.0, 115.0, 142.0, 178.0, 204.0, 233.0, 269.0, 291.0]
scores: [0.48120613748111457, 0.45847584546996606, 0.4903432589531083, 0.5415034055503016, 0.462967871722638, 0.5454758723290901, 0.594908799750138, 0.4985741177778269, 0.47103401322969496, 0.5756820257867424]
