training_data_sizes: [0.1, 0.2, 0.3, 0.4, 0.5, 0.6, 0.7, 0.8, 0.9]
times: [93.89, 180.16, 272.12, 358.35, 450.23, 538.46, 625.7, 712.67, 807.36]
scores: [0.8489233964507323, 0.9488294049778989, 1.0, 1.0, 1.0, 1.0, 1.0, 1.0, 1.0]
