training_data_sizes: [0.1, 0.2, 0.3, 0.4, 0.5, 0.6, 0.7, 0.8]
times: [7.0, 19.0, 26.0, 33.0, 44.0, 55.0, 67.0, 75.0]
scores: [0.6916349253863688, 0.7021322337163871, 0.5750097885962565, 0.7707071841985209, 0.820465558476391, 0.8260042860559527, 0.9316535618781585, 0.8449101953089934]
