training_data_sizes: [0.1, 0.2, 0.3]
times: [125.0, 253.0, 387.0]
scores: [0.683377521424857, 0.8433270473282625, 0.8462072209461545]
