training_data_sizes: [0.1, 0.2, 0.3, 0.4]
times: [4.0, 12.0, 26.0, 37.0]
scores: [0.9875890030883977, 0.9611714186750837, 0.8409092748500793, 0.972581024168245]
