training_data_sizes: [0.1, 0.2, 0.3, 0.4, 0.5, 0.6]
times: [221.8, 441.87, 653.33, 872.49, 1084.99, 1301.83]
scores: [0.5739549318917849, 0.5297194069375808, 0.5931343278027372, 0.634715148622296, 0.45353938251192577, 0.5732761972900574]
