training_data_sizes: [0.1, 0.2]
times: [105.0, 210.0]
scores: [0.6843388333001821, 0.7860991903026937]
