training_data_sizes: [0.1, 0.2, 0.3, 0.4]
times: [183.1, 359.84, 526.06, 704.45]
scores: [0.742113134773024, 0.8042473368669336, 0.8382600470051536, 0.8960425061685433]
