training_data_sizes: [0.1, 0.2, 0.3]
times: [340.92, 675.66, 1002.44]
scores: [0.7880194395474833, 0.9184685373616717, 0.8248251587886447]
