training_data_sizes: [0.1, 0.2, 0.3, 0.4, 0.5, 0.6, 0.7, 0.8, 0.9]
times: [132.04, 253.81, 366.85, 494.78, 620.32, 741.5, 862.72, 985.15, 1107.12]
scores: [0.6270874107858394, 0.6490227588613667, 0.7360778592164787, 0.5655793751582828, 0.6670413529809733, 0.6941923039585025, 0.6234078330897537, 0.511217308805411, 0.6845097053913838]
