training_data_sizes: [0.1, 0.2, 0.3, 0.4, 0.5, 0.6]
times: [90.0, 197.0, 298.0, 396.0, 499.0, 597.0]
scores: [0.9424619030709567, 0.9788664770773255, 1.0, 0.9201578656876401, 0.972709971299034, 1.0]
