training_data_sizes: [0.1, 0.2, 0.3, 0.4, 0.5, 0.6, 0.7, 0.8, 0.9, 1.0]
times: [107.86, 137.93, 146.31, 144.88, 154.31, 156.56, 168.37, 172.87, 186.79, 185.19]
scores: [0.22949426503560644, 0.23479751337904553, 0.23861320264497754, 0.23816530876717712, 0.23753709039182502, 0.236913659112153, 0.2375943559992113, 0.23658405156604656, 0.23649656419434262, 0.2365246882163543]
