training_data_sizes: [0.1, 0.2, 0.3, 0.4, 0.5, 0.6, 0.7, 0.8, 0.9, 1.0]
times: [142.02, 285.05, 424.58, 563.54, 702.5, 842.31, 989.34, 1125.75, 1260.68, 1405.04]
scores: [0.6476974045964796, 0.7556454055058839, 0.6450740739096616, 0.6150013754519378, 0.5750179768411345, 0.7175588972070697, 0.637953735579234, 0.5532981264013437, 0.6930303971468875, 0.583340294527731]
