training_data_sizes: [0.1, 0.2, 0.3, 0.4]
times: [31.0, 72.0, 116.0, 157.0]
scores: [0.7979221010808051, 0.9236911582706914, 0.9210721731781264, 1.0]
