training_data_sizes: [0.1, 0.2, 0.3, 0.4, 0.5, 0.6, 0.7, 0.8, 0.9, 1.0]
times: [11.21, 16.13, 23.29, 27.56, 33.15, 37.45, 43.68, 47.55, 52.06, 55.95]
scores: [0.7680290485762138, 0.7678789377547949, 0.7842890927600129, 0.7757945976523175, 0.7805413299308551, 0.7806064987856396, 0.7924561076710056, 0.7927486976963721, 0.7934896008966006, 0.7936837247104459]
