training_data_sizes: [0.1, 0.2, 0.3]
times: [120.89, 444.92, 956.93]
scores: [0.9992024537751661, 0.9991519589048246, 0.9991496425484814]
