training_data_sizes: [0.1, 0.2, 0.3, 0.4]
times: [253.61, 509.08, 756.52, 1005.19]
scores: [0.9735418283853359, 0.966405721439087, 1.0, 0.9535115176962413]
