training_data_sizes: [0.1, 0.2, 0.3, 0.4, 0.5, 0.6]
times: [119.0, 232.0, 352.0, 477.0, 595.0, 712.0]
scores: [0.8354631527919614, 0.9973405609642887, 0.9391321466002818, 0.9416852608078219, 1.0, 1.0]
