training_data_sizes: [0.1, 0.2, 0.3, 0.4, 0.5, 0.6, 0.7, 0.8]
times: [41.0, 90.0, 149.0, 191.0, 246.0, 296.0, 348.0, 396.0]
scores: [0.6907101205349842, 0.7138957532537102, 0.7567802581494437, 0.9174339049629345, 0.862373959250089, 0.9541018067488996, 1.0, 1.0]
