training_data_sizes: [0.1, 0.2, 0.3, 0.4, 0.5, 0.6, 0.7, 0.8, 0.9, 1.0]
times: [100.15, 203.16, 303.68, 408.59, 506.83, 602.26, 708.65, 803.96, 904.76, 1001.22]
scores: [0.5722171268645847, 0.5350873771172349, 0.6426109227187695, 0.587118212464941, 0.45191949932081227, 0.5722515309009596, 0.5019690651717286, 0.4846417123670708, 0.4912720593718647, 0.5075536805264218]
