training_data_sizes: [0.1, 0.2, 0.3, 0.4]
times: [334.37, 654.59, 978.98, 1307.42]
scores: [0.8871893024783004, 0.8855739535058538, 0.858160748454702, 1.0]
