training_data_sizes: [0.1, 0.2, 0.3, 0.4, 0.5, 0.6, 0.7]
times: [136.31, 259.1, 388.56, 524.13, 644.99, 776.29, 900.62]
scores: [0.899984334003316, 0.7861922682509737, 0.8741783737463771, 0.7802862898907572, 0.8778720675026066, 0.8817159311512429, 0.9245691887613399]
