training_data_sizes: [0.1, 0.2, 0.3, 0.4]
times: [151.13, 305.8, 459.88, 609.95]
scores: [0.8108813125009731, 0.7851876765436556, 0.9471235910334233, 0.9471535547467667]
