training_data_sizes: [0.1, 0.2, 0.3, 0.4, 0.5]
times: [124.55, 240.99, 368.55, 486.21, 603.06]
scores: [0.6843556395045451, 0.7137164178458333, 0.7315365041619595, 0.7352000024041279, 0.8376131214290214]
