training_data_sizes: [0.1, 0.2, 0.3, 0.4, 0.5, 0.6, 0.7, 0.8, 0.9, 1.0]
times: [24.72, 52.74, 73.07, 92.07, 112.25, 132.69, 150.05, 172.6, 197.5, 216.25]
scores: [0.9378192065414206, 0.7778377280683167, 0.6184313743041917, 0.46852067177216844, 0.3565911083506858, 0.30707494122166984, 0.26485007878091243, 0.24285614453882534, 0.22685053136190125, 0.20766822236103386]
