training_data_sizes: [0.1, 0.2, 0.3, 0.4, 0.5, 0.6]
times: [73.0, 156.0, 237.0, 311.0, 390.0, 475.0]
scores: [0.8600032676889058, 0.9369885509831626, 0.8378354719774403, 0.9416217951127949, 1.0, 0.9985634907468546]
