training_data_sizes: [0.1, 0.2, 0.3, 0.4]
times: [110.0, 237.0, 359.0, 478.0]
scores: [0.871085879539073, 0.9843953223994765, 0.8973280891390385, 1.0]
