training_data_sizes: [0.1, 0.2, 0.3]
times: [241.45, 476.26, 706.01]
scores: [0.9476217800415097, 0.8824181879877506, 0.826843945227602]
