training_data_sizes: [0.1, 0.2]
times: [703.87, 1403.43]
scores: [0.8728347013115341, 0.8470456784507198]
