training_data_sizes: [0.1, 0.2, 0.3, 0.4, 0.5, 0.6, 0.7]
times: [129.0, 250.0, 382.0, 519.0, 642.0, 773.0, 907.9999999999999]
scores: [0.8154754102890456, 0.8954766233091971, 0.9978097172419982, 1.0, 0.9445289494188285, 0.903004848153679, 0.9501066518387784]
