training_data_sizes: [0.1, 0.2, 0.3, 0.4]
times: [208.18, 408.47, 609.88, 809.61]
scores: [0.6668256257730851, 0.6790154741103782, 0.740803797884639, 0.6507282580089686]
