training_data_sizes: [0.1, 0.2, 0.3, 0.4, 0.5, 0.6, 0.7]
times: [73.0, 151.0, 238.0, 319.0, 390.0, 472.0, 552.0]
scores: [0.7407933896445658, 0.873475821018248, 0.7591683992443352, 0.9139324440722145, 0.8580629657467167, 0.9635579801077835, 0.9755185490768703]
