training_data_sizes: [0.1, 0.2, 0.3, 0.4, 0.5, 0.6]
times: [186.43, 374.25, 555.9, 738.42, 920.28, 1109.41]
scores: [0.829787766407034, 0.7938454577391869, 0.8520827392864874, 0.8941087262568277, 1.0, 0.9020878350652031]
