training_data_sizes: [0.1, 0.2, 0.3, 0.4, 0.5, 0.6]
times: [77.0, 159.0, 237.0, 310.0, 397.0, 476.0]
scores: [0.7294465720001264, 0.6567620732462891, 0.82699346868308, 0.7865856431187628, 0.8005701038081849, 0.8748782337432841]
