training_data_sizes: [0.1, 0.2, 0.3, 0.4, 0.5, 0.6, 0.7, 0.8, 0.9, 1.0]
times: [53.0, 116.0, 179.0, 233.0, 298.0, 356.0, 417.0, 471.0, 535.0, 590.0]
scores: [0.7442030843173982, 0.8994509977483051, 0.9392754568384154, 0.8609349395617882, 0.8611103999214658, 0.7673335182220256, 0.9606490301381054, 0.969863351620381, 0.8424224235438007, 0.9217175087254178]
