training_data_sizes: [0.1, 0.2, 0.3, 0.4]
times: [175.83, 357.76, 525.31, 704.99]
scores: [0.7511074339720025, 0.7608499760114908, 0.6869971851270109, 0.7650958945470249]
