training_data_sizes: [0.1, 0.2, 0.3, 0.4, 0.5, 0.6]
times: [14.0, 33.0, 59.0, 76.0, 95.0, 119.0]
scores: [0.9460903705629556, 0.7951248565589468, 0.8018736051919906, 0.846062526103092, 0.8284730809567885, 0.8837026247045677]
