training_data_sizes: [0.1, 0.2, 0.3, 0.4, 0.5, 0.6, 0.7, 0.8, 0.9, 1.0]
times: [1.91, 3.63, 5.26, 7.25, 9.48, 11.15, 13.32, 15.13, 16.71, 19.69]
scores: [0.2976681358466012, 0.29723572179776253, 0.31336214216607033, 0.3143185799821171, 0.31587881713191496, 0.3256605915731568, 0.32820732483048065, 0.33119324112038867, 0.3322127569921281, 0.33329268761426906]
