training_data_sizes: [0.1, 0.2, 0.3]
times: [405.89, 809.05, 1205.52]
scores: [0.6310827411121043, 0.6607963440099162, 0.5354413522450047]
