training_data_sizes: [0.1, 0.2, 0.3, 0.4, 0.5, 0.6]
times: [115.0, 230.0, 356.0, 475.0, 594.0, 712.0]
scores: [0.8007443974752554, 0.6885563358744314, 0.7710562369880881, 0.9436815416461286, 0.8658153224417997, 0.9330788677803985]
