training_data_sizes: [0.1, 0.2, 0.3, 0.4, 0.5, 0.6, 0.7, 0.8, 0.9, 1.0]
times: [138.27, 265.82, 397.15, 528.16, 658.52, 782.57, 912.22, 1041.06, 1177.27, 1309.55]
scores: [0.8751039415405819, 0.9348430449468319, 0.9462517105078774, 0.9071223944549065, 1.0, 0.9400981008797413, 1.0, 0.9631788338388596, 1.0, 1.0]
