training_data_sizes: [0.1, 0.2, 0.3]
times: [46.0, 93.0, 143.0]
scores: [0.8594893221005746, 0.8215040980533217, 0.7155296389761565]
