training_data_sizes: [0.1, 0.2, 0.3, 0.4]
times: [227.29, 451.58, 679.99, 903.03]
scores: [0.9764987490045254, 0.9418561273361814, 1.0, 1.0]
