training_data_sizes: [0.1, 0.2]
times: [213.97, 611.92]
scores: [0.9336052737562759, 0.9232861109365438]
