training_data_sizes: [0.1, 0.2, 0.3, 0.4, 0.5, 0.6, 0.7, 0.8, 0.9, 1.0]
times: [99.84, 183.84, 274.8, 364.17, 457.69, 549.65, 639.2, 727.75, 813.02, 908.04]
scores: [0.9125497632291858, 0.8247823452077785, 0.8799424508870859, 1.0, 1.0, 1.0, 1.0, 1.0, 0.9645380832100673, 0.9969792044667499]
