training_data_sizes: [0.1, 0.2, 0.3, 0.4]
times: [82.0, 173.0, 260.0, 350.0]
scores: [0.5119491081706342, 0.5286034940477708, 0.5719295952966378, 0.6912395009224448]
