training_data_sizes: [0.1, 0.2, 0.3, 0.4, 0.5, 0.6, 0.7, 0.8]
times: [126.0, 258.0, 388.0, 511.0, 642.0, 776.0, 901.9999999999999, 1038.0]
scores: [0.6843370820811902, 0.6924780377252264, 0.7813442526258446, 0.7397812544105682, 0.8819939479707616, 0.8402291998935935, 0.9205839315377015, 0.9366225112875697]
