training_data_sizes: [0.1, 0.2, 0.3]
times: [343.09, 671.79, 1005.37]
scores: [0.753741132878953, 0.775427442435766, 0.8336671573967707]
