training_data_sizes: [0.1, 0.2, 0.3, 0.4, 0.5]
times: [87.0, 176.0, 267.0, 359.0, 443.0]
scores: [1.0, 0.9869527923728078, 0.9784378408176575, 0.8619800828744899, 0.8917087755646715]
