training_data_sizes: [0.1, 0.2, 0.3]
times: [301.85, 604.19, 909.02]
scores: [0.5909895749868848, 0.7631260683577231, 0.7261407488621023]
