training_data_sizes: [0.1, 0.2, 0.3, 0.4, 0.5, 0.6]
times: [135.37, 272.61, 408.73, 537.91, 666.96, 804.97]
scores: [0.7820212087583012, 0.9212979169131181, 0.8779009401128954, 0.8607432108354509, 0.7674601976466235, 0.7924234739758391]
