training_data_sizes: [0.1, 0.2, 0.3, 0.4, 0.5]
times: [16.0, 30.0, 59.0, 73.0, 90.0]
scores: [0.7665664614997918, 0.9339759321844496, 0.9287525005791204, 0.7638210194572572, 0.9504219931074747]
