training_data_sizes: [0.1, 0.2, 0.3, 0.4, 0.5, 0.6, 0.7, 0.8, 0.9, 1.0]
times: [0.92, 1.54, 2.46, 3.38, 4.72, 6.5, 8.37, 10.43, 10.67, 13.68]
scores: [0.3331960241814076, 0.4646478413435182, 0.5206930736308814, 0.5278225418413766, 0.5241197389109877, 0.5101172473782429, 0.5245602845172072, 0.5341374151508248, 0.5493921603311591, 0.5634609380990737]
