training_data_sizes: [0.1, 0.2, 0.3, 0.4, 0.5, 0.6, 0.7, 0.8, 0.9, 1.0]
times: [121.0, 257.0, 387.0, 514.0, 647.0, 771.0, 908.9999999999999, 1035.0, 1164.0, 1296.0]
scores: [0.7127374399628278, 0.841426040774953, 0.718119285562024, 0.8901471716251264, 0.9317527283056497, 1.0, 1.0, 1.0, 1.0, 1.0]
