training_data_sizes: [0.1, 0.2, 0.3, 0.4, 0.5, 0.6, 0.7, 0.8, 0.9]
times: [39.0, 71.0, 118.0, 152.0, 194.0, 233.0, 277.0, 313.0, 352.0]
scores: [0.9212866394500978, 1.0, 1.0, 1.0, 1.0, 1.0, 0.9429033219560858, 0.986729891899613, 0.9828334840991793]
