training_data_sizes: [0.1, 0.2, 0.3, 0.4, 0.5, 0.6]
times: [51.0, 119.0, 175.0, 233.0, 295.0, 355.0]
scores: [0.5359233028569341, 0.5465740487357168, 0.5850042489092057, 0.5142038492616344, 0.6241074603679384, 0.6062162068436292]
