training_data_sizes: [0.1, 0.2, 0.3, 0.4, 0.5]
times: [263.73, 529.4, 788.11, 1047.99, 1308.41]
scores: [0.8810635853703372, 0.9844373804104776, 0.9752605766987765, 1.0, 0.9431412961003569]
