training_data_sizes: [0.1, 0.2, 0.3, 0.4]
times: [254.02, 501.98, 755.03, 1005.38]
scores: [0.7975283719666155, 0.7959808207313638, 0.6628804587201896, 0.6148312466567126]
