training_data_sizes: [0.1, 0.2, 0.3, 0.4, 0.5, 0.6, 0.7, 0.8, 0.9, 1.0]
times: [134.27, 268.18, 396.51, 521.53, 655.54, 789.93, 915.75, 1042.13, 1172.0, 1306.87]
scores: [0.9525402918699364, 0.8742158123066047, 0.9346824729129133, 1.0, 1.0, 1.0, 0.9925044480245525, 1.0, 0.9429312475895151, 1.0]
