training_data_sizes: [0.1, 0.2, 0.3, 0.4, 0.5, 0.6, 0.7, 0.8, 0.9, 1.0]
times: [74.52, 147.17, 215.65, 283.03, 357.91, 421.66, 494.01, 569.01, 633.99, 703.15]
scores: [0.8881610221065528, 0.9155005084900112, 0.9631196290210251, 0.9762048895797317, 1.0, 1.0, 1.0, 1.0, 1.0, 1.0]
