training_data_sizes: [0.1, 0.2, 0.3, 0.4, 0.5, 0.6, 0.7, 0.8, 0.9, 1.0]
times: [2.27, 3.43, 4.62, 5.83, 7.2, 8.51, 9.59, 10.89, 11.98, 13.24]
scores: [0.3056458995436271, 0.30837059778668496, 0.31677779847896936, 0.333878617399305, 0.31922710259984755, 0.3151082359881528, 0.3021789398547886, 0.3047280858078331, 0.2981359644544189, 0.29940131273616516]
