training_data_sizes: [0.1, 0.2, 0.3]
times: [43.0, 95.0, 145.0]
scores: [0.6900823397516934, 0.7848805918998508, 0.7482579887011864]
