training_data_sizes: [0.1, 0.2, 0.3, 0.4, 0.5, 0.6, 0.7, 0.8]
times: [125.12, 254.17, 379.13, 501.64, 634.72, 759.13, 882.16, 1008.95]
scores: [0.7927975513096195, 0.7709688643277195, 0.9045284145487146, 0.7739519417888173, 0.9956505998366318, 1.0, 0.9409424900525575, 0.9394848595841092]
