training_data_sizes: [0.1, 0.2, 0.3]
times: [440.67, 874.89, 1307.16]
scores: [0.7800570593170049, 0.7314762151982004, 0.8610822791264443]
