training_data_sizes: [0.1, 0.2, 0.3, 0.4, 0.5, 0.6, 0.7, 0.8, 0.9, 1.0]
times: [12.07, 15.19, 20.95, 23.25, 22.2, 27.57, 27.58, 33.01, 32.65, 38.75]
scores: [0.9222442516331366, 0.9060967422881452, 0.892667483047839, 0.8917874910319246, 0.8924667679953727, 0.8931359117913467, 0.8927471398875254, 0.8925558572181402, 0.8908297110105384, 0.8896330003697801]
