training_data_sizes: [0.1, 0.2]
times: [453.71, 903.81]
scores: [0.8962157929761394, 0.9523003567389683]
