training_data_sizes: [0.1, 0.2, 0.3, 0.4, 0.5, 0.6]
times: [25.0, 50.0, 85.0, 112.0, 149.0, 178.0]
scores: [0.8119986201500354, 0.9178984402727052, 1.0, 0.88455747702409, 1.0, 0.9360681928858448]
