training_data_sizes: [0.1, 0.2, 0.3, 0.4, 0.5, 0.6, 0.7, 0.8]
times: [54.0, 119.0, 178.0, 231.0, 299.0, 359.0, 416.0, 477.0]
scores: [0.5711532809797993, 0.6657283646842748, 0.5436993459394308, 0.62188733111297, 0.6588951251247852, 0.5560988245809624, 0.5195295738869489, 0.5647671029316426]
