training_data_sizes: [0.1, 0.2, 0.3]
times: [99.0, 194.0, 290.0]
scores: [0.9620400325905158, 0.8132153587531553, 0.8981963452383874]
