training_data_sizes: [0.1, 0.2, 0.3, 0.4, 0.5]
times: [241.56, 484.89, 721.55, 969.18, 1202.14]
scores: [0.7424616166248151, 0.8534555309734334, 0.8220598841068791, 0.9084164441348377, 0.9071494876375567]
