training_data_sizes: [0.1, 0.2, 0.3, 0.4, 0.5, 0.6, 0.7, 0.8]
times: [83.18, 158.04, 232.36, 308.55, 375.47, 459.1, 527.95, 607.63]
scores: [0.5555524237699869, 0.6517177931040151, 0.7094919535039457, 0.6674604551830746, 0.7747813627209594, 0.733736972141886, 0.8644976442089447, 0.8872249804495789]
