training_data_sizes: [0.1, 0.2, 0.3, 0.4, 0.5, 0.6, 0.7]
times: [79.0, 153.0, 238.0, 319.0, 397.0, 478.0, 553.0]
scores: [0.9070994585594878, 0.84643934206402, 0.9163728759456129, 0.8951966587381845, 0.8396592819643586, 0.9294179588852708, 0.8529850805455688]
