training_data_sizes: [0.1, 0.2, 0.3, 0.4, 0.5, 0.6, 0.7, 0.8, 0.9, 1.0]
times: [116.0, 237.0, 351.0, 479.0, 594.0, 711.0, 836.0, 959.0, 1076.0, 1198.0]
scores: [0.7528195235401967, 0.7624663604745554, 0.6937130224518953, 0.9140794864407125, 0.9173976768699692, 0.9462426160448539, 0.9649381911510473, 0.9731124635097852, 0.9922292781670559, 1.0]
