training_data_sizes: [0.1, 0.2, 0.3, 0.4, 0.5, 0.6, 0.7, 0.8]
times: [95.87, 184.2, 271.03, 350.5, 440.88, 525.71, 621.86, 705.62]
scores: [0.6483323875059332, 0.7442168827610769, 0.9088127881700043, 0.9323711289614554, 0.9592021600911761, 1.0, 0.9955750964606309, 1.0]
