training_data_sizes: [0.1, 0.2, 0.3, 0.4, 0.5, 0.6, 0.7, 0.8, 0.9]
times: [126.1, 253.47, 372.93, 494.19, 618.61, 738.15, 856.49, 980.08, 1103.54]
scores: [0.7636847150317353, 0.839231668281929, 0.8804064174046464, 0.8818358463476427, 0.9227154124823311, 1.0, 1.0, 1.0, 1.0]
