training_data_sizes: [0.1, 0.2, 0.3, 0.4, 0.5, 0.6, 0.7, 0.8, 0.9, 1.0]
times: [0.16, 0.27, 0.38, 0.48, 0.63, 0.73, 0.93, 1.01, 1.04, 1.14]
scores: [0.7335511082058657, 0.7406892504396181, 0.7427600178291027, 0.7390554592282386, 0.7400177798305574, 0.7416468289108484, 0.7411392156586396, 0.7431922218136913, 0.742250142952819, 0.7418758179401828]
