training_data_sizes: [0.1, 0.2, 0.3, 0.4, 0.5, 0.6, 0.7, 0.8, 0.9, 1.0]
times: [18.75, 35.1, 50.89, 68.88, 91.64, 109.64, 136.33, 137.21, 154.08, 174.05]
scores: [0.6665987941879092, 0.6670654310502244, 0.6726234814447727, 0.6764568507123603, 0.6774731757883701, 0.6790191598255162, 0.6796214573334136, 0.6797180959952445, 0.6801505307605913, 0.6822986351613869]
