training_data_sizes: [0.1, 0.2, 0.3, 0.4]
times: [117.0, 231.0, 354.0, 473.0]
scores: [0.5007476312295563, 0.5487008679927934, 0.6273608773070812, 0.6126324590609389]
