training_data_sizes: [0.1, 0.2, 0.3, 0.4, 0.5, 0.6]
times: [14.0, 31.0, 56.0, 79.0, 90.0, 118.0]
scores: [1.0, 0.8700332197501338, 0.945475967608622, 1.0, 1.0, 1.0]
