training_data_sizes: [0.1, 0.2, 0.3, 0.4, 0.5, 0.6, 0.7, 0.8, 0.9, 1.0]
times: [137.34, 267.56, 398.56, 526.62, 657.34, 785.93, 910.63, 1041.64, 1170.56, 1304.98]
scores: [0.6149316956332558, 0.6797919486519001, 0.6199638925828346, 0.5236353959544346, 0.5510570151009815, 0.4996019545087216, 0.5508551630898042, 0.5618810284854446, 0.5881253012371492, 0.4545504810223522]
