training_data_sizes: [0.1, 0.2]
times: [355.62, 707.66]
scores: [0.8789625620057537, 0.9545685476047625]
