training_data_sizes: [0.1, 0.2, 0.3, 0.4, 0.5]
times: [42.0, 94.0, 145.0, 197.0, 244.0]
scores: [0.8592987560358156, 0.7446716994658666, 0.7880059281760997, 0.9248608787726584, 0.8867639304701729]
