training_data_sizes: [0.1, 0.2, 0.3, 0.4, 0.5]
times: [57.0, 112.0, 177.0, 232.0, 294.0]
scores: [0.808826007030264, 0.8352040190277679, 0.817921843331128, 0.76397907109487, 0.7988898746754403]
