training_data_sizes: [0.1, 0.2, 0.3, 0.4, 0.5]
times: [164.98, 325.0, 484.49, 640.29, 808.78]
scores: [0.6488010686319278, 0.618123602884657, 0.741313310275304, 0.6546425770463019, 0.7263597498314482]
