training_data_sizes: [0.1, 0.2, 0.3, 0.4]
times: [19.0, 36.0, 51.0, 71.0]
scores: [0.7406514200520176, 0.807093087128449, 0.7486132897320144, 0.9200261029969621]
