training_data_sizes: [0.1, 0.2, 0.3, 0.4, 0.5, 0.6, 0.7, 0.8]
times: [143.07, 269.19, 406.47, 537.08, 676.83, 810.76, 950.45, 1088.92]
scores: [0.6451398914500219, 0.6623390946392355, 0.6705795445264704, 0.6766488281719781, 0.6805909551817697, 0.684382120992479, 0.6881483038885045, 0.6904681364579646]
