training_data_sizes: [0.1, 0.2, 0.3, 0.4, 0.5]
times: [262.95, 527.22, 787.19, 1048.54, 1306.6]
scores: [0.728650678500221, 0.7873417205194153, 0.7882189256165055, 0.8399280937360927, 0.8759743294729223]
