training_data_sizes: [0.1, 0.2, 0.3, 0.4, 0.5, 0.6]
times: [28.0, 53.0, 89.0, 110.0, 148.0, 175.0]
scores: [0.7590929438033629, 0.791225019981739, 0.9092577293235489, 0.9712931297735136, 0.8779740668199165, 1.0]
