training_data_sizes: [0.1, 0.2, 0.3, 0.4, 0.5, 0.6, 0.7, 0.8, 0.9, 1.0]
times: [74.31, 144.52, 215.98, 280.66, 358.14, 423.59, 493.39, 561.46, 633.09, 706.77]
scores: [0.7840954116310089, 0.8411619825202551, 0.8323047228004739, 1.0, 0.9087655494473605, 0.9288965025908043, 0.9261098503592472, 1.0, 1.0, 0.9680908444382997]
