training_data_sizes: [0.1, 0.2, 0.3, 0.4, 0.5, 0.6, 0.7, 0.8]
times: [179.83, 357.85, 529.71, 706.97, 875.66, 1053.42, 1234.7, 1409.8]
scores: [0.9120544836196447, 1.0, 0.9666602062810876, 0.9688391623124477, 1.0, 1.0, 1.0, 1.0]
