training_data_sizes: [0.1, 0.2, 0.3, 0.4, 0.5, 0.6, 0.7, 0.8, 0.9]
times: [21.0, 53.0, 89.0, 116.0, 142.0, 177.0, 200.0, 231.0, 269.0]
scores: [0.7749819158447973, 0.7665403117955829, 0.7452996267903478, 0.6799027743725089, 0.6475394154263528, 0.6957011924463107, 0.6127059603698269, 0.6898188968122867, 0.6268759401166061]
