training_data_sizes: [0.1, 0.2, 0.3, 0.4]
times: [154.5, 304.22, 454.25, 602.38]
scores: [0.9135013926441351, 0.9082584037811663, 1.0, 0.9773406998089642]
