training_data_sizes: [0.1, 0.2, 0.3, 0.4]
times: [279.93, 555.2, 825.11, 1105.92]
scores: [0.8516749932592658, 0.9456094567503948, 0.9701512885853556, 0.8560710423726426]
