training_data_sizes: [0.1, 0.2, 0.3, 0.4, 0.5, 0.6, 0.7, 0.8, 0.9, 1.0]
times: [0.7, 1.03, 1.33, 2.09, 2.39, 2.62, 3.15, 3.0, 3.77, 4.16]
scores: [0.7153751537515376, 0.6639746807814033, 0.6169972607056713, 0.6400623525303031, 0.6316039340173458, 0.6196746467437406, 0.610761285986583, 0.5773230080957314, 0.5890216531789962, 0.5754891103728312]
