training_data_sizes: [0.1, 0.2, 0.3, 0.4]
times: [31.0, 75.0, 113.0, 157.0]
scores: [0.7372646682881722, 0.8872659531775402, 0.6946570724875061, 0.7406278455158568]
