training_data_sizes: [0.1, 0.2]
times: [553.94, 1102.74]
scores: [0.9804193519469426, 0.8575188615018721]
