training_data_sizes: [0.1, 0.2, 0.3, 0.4]
times: [84.0, 179.0, 266.0, 353.0]
scores: [0.7862534626835809, 0.921490792028782, 0.8515541034695204, 0.9617755613523218]
