training_data_sizes: [0.1, 0.2, 0.3, 0.4, 0.5, 0.6, 0.7]
times: [13.0, 31.0, 50.0, 79.0, 92.0, 116.0, 138.0]
scores: [0.9722660132986582, 0.9741957845335152, 0.9252214487910906, 0.9159710116199592, 0.9797843346372574, 1.0, 0.8848843472041328]
