training_data_sizes: [0.1, 0.2]
times: [307.61, 602.74]
scores: [0.9085749005303876, 0.9148943908993515]
