training_data_sizes: [0.1, 0.2, 0.3, 0.4, 0.5, 0.6, 0.7, 0.8]
times: [106.89, 201.69, 305.42, 405.55, 505.79, 603.75, 703.5, 803.69]
scores: [0.8995865052157859, 1.0, 0.8708654827254354, 1.0, 0.9569448302373788, 1.0, 1.0, 1.0]
