training_data_sizes: [0.1, 0.2, 0.3, 0.4, 0.5, 0.6]
times: [2.0, 14.0, 22.0, 38.0, 44.0, 57.0]
scores: [0.9382359297922105, 0.827170927679546, 0.9624233593001323, 0.9777974416266861, 1.0, 0.9741824772021319]
