training_data_sizes: [0.1, 0.2, 0.3, 0.4, 0.5, 0.6, 0.7]
times: [88.01, 180.86, 266.61, 349.9, 430.16, 516.71, 607.11]
scores: [0.6284502107654111, 0.6018630981026303, 0.5854943250972278, 0.7004503442089023, 0.7129556995329978, 0.7495509714791679, 0.7767521662312337]
