training_data_sizes: [0.1, 0.2, 0.3, 0.4, 0.5, 0.6, 0.7, 0.8, 0.9, 1.0]
times: [4.33, 67.35, 99.06, 133.8, 161.25, 182.98, 204.41, 245.13, 284.76, 334.68]
scores: [1.0, 1.0, 1.0, 1.0, 1.0, 1.0, 1.0, 1.0, 0.9998737373737372, 0.9997743853116363]
