training_data_sizes: [0.1, 0.2, 0.3, 0.4, 0.5, 0.6, 0.7]
times: [49.0, 94.0, 143.0, 194.0, 244.0, 298.0, 342.0]
scores: [0.6426804243228441, 0.5250052223721784, 0.7091175798968816, 0.7278699041310253, 0.7632977709685465, 0.7293255209232545, 0.8077942211139253]
