training_data_sizes: [0.1, 0.2, 0.3]
times: [12.0, 39.0, 52.0]
scores: [0.7489488592896972, 0.8061750186364489, 0.817230131844855]
