training_data_sizes: [0.1, 0.2]
times: [54.0, 112.0]
scores: [0.4660906917786004, 0.5220650222341109]
