training_data_sizes: [0.1, 0.2, 0.3, 0.4, 0.5, 0.6]
times: [124.35, 237.44, 355.15, 470.78, 587.09, 707.45]
scores: [0.8326266306990242, 0.9164038047401842, 0.8409815637850876, 0.90997470170292, 1.0, 1.0]
