training_data_sizes: [0.1, 0.2, 0.3, 0.4, 0.5]
times: [163.54, 321.81, 481.43, 640.81, 808.7]
scores: [0.7905460766422918, 0.9629144439179648, 1.0, 0.962458761945761, 1.0]
