training_data_sizes: [0.1, 0.2, 0.3, 0.4, 0.5, 0.6]
times: [221.75, 441.64, 653.91, 872.42, 1085.64, 1304.32]
scores: [0.8336131085084458, 0.9579863217656979, 0.8033398553383477, 0.8129801721101322, 0.9187132126951961, 0.9562224044937608]
