training_data_sizes: [0.1, 0.2, 0.3, 0.4, 0.5, 0.6, 0.7]
times: [145.81, 290.7, 430.81, 573.19, 716.76, 861.37, 1009.36]
scores: [0.9564414464508704, 0.8842931905729199, 1.0, 0.9730487756688235, 1.0, 1.0, 1.0]
