training_data_sizes: [0.1, 0.2, 0.3, 0.4]
times: [182.98, 354.34, 528.47, 703.34]
scores: [0.872227466181023, 0.733694472209924, 0.9396325234170202, 0.9552607255026275]
