training_data_sizes: [0.1, 0.2]
times: [308.17, 600.27]
scores: [0.8687641146494453, 0.8437703980962887]
