training_data_sizes: [0.1, 0.2, 0.3, 0.4, 0.5, 0.6]
times: [125.69, 239.49, 350.39, 474.2, 584.5, 706.5]
scores: [0.911059370605735, 0.8025109617338237, 0.7582462712084848, 0.7795900922917127, 0.8216318659245452, 0.8418942413752026]
