training_data_sizes: [0.1, 0.2, 0.3, 0.4, 0.5, 0.6, 0.7]
times: [64.67, 178.75, 337.3, 549.45, 724.95, 972.56, 1092.76]
scores: [0.9990284305087374, 0.9996071396061528, 0.99944948113648, 0.9998390410173201, 0.9979788475886987, 0.9974566234694721, 0.9991585009308299]
