training_data_sizes: [0.1, 0.2, 0.3, 0.4]
times: [78.0, 153.0, 236.0, 319.0]
scores: [0.8053746658001905, 0.9035641486815855, 0.8680292507243987, 0.783799715757186]
