training_data_sizes: [0.1, 0.2, 0.3, 0.4, 0.5, 0.6, 0.7]
times: [34.0, 75.0, 119.0, 150.0, 196.0, 235.0, 278.0]
scores: [0.7545701484773981, 0.7845329159028056, 0.7746776250973681, 0.7707557485415494, 0.6263136202053945, 0.6364422436021226, 0.5544138253579719]
