training_data_sizes: [0.1, 0.2, 0.3, 0.4, 0.5, 0.6, 0.7]
times: [7.0, 18.0, 26.0, 38.0, 45.0, 56.0, 68.0]
scores: [0.6053648212215308, 0.6076003811656538, 0.7251514616944723, 0.8061192997820492, 0.8330684181027812, 0.8573194874007858, 0.8315499059539138]
