training_data_sizes: [0.1, 0.2, 0.3]
times: [437.96, 868.98, 1302.94]
scores: [0.5609105920000954, 0.4374938671179058, 0.43959126377982494]
