training_data_sizes: [0.1, 0.2, 0.3]
times: [434.11, 870.98, 1308.77]
scores: [0.9627028485075784, 1.0, 0.8928042612448621]
