training_data_sizes: [0.1, 0.2, 0.3, 0.4, 0.5, 0.6, 0.7, 0.8, 0.9]
times: [19.0, 35.0, 51.0, 71.0, 94.0, 118.0, 130.0, 154.0, 177.0]
scores: [0.6575987308190343, 0.7994888667530056, 0.7446641196851955, 0.8512269827396759, 0.7603364611132435, 0.9310238844773728, 0.9339856173194765, 0.8854926354037052, 0.9296092020669134]
