training_data_sizes: [0.1, 0.2, 0.3, 0.4, 0.5]
times: [107.12, 251.74, 446.02, 671.04, 957.89]
scores: [0.7817173162930015, 0.789420715162249, 0.7872130354181172, 0.795757358927131, 0.7946665847818639]
