training_data_sizes: [0.1, 0.2, 0.3, 0.4, 0.5]
times: [208.52, 409.46, 601.35, 800.3, 1003.1]
scores: [0.6488450326692055, 0.6614275711919435, 0.5831463094405827, 0.5027074868018402, 0.6362485884732747]
