training_data_sizes: [0.1, 0.2]
times: [93.0, 197.0]
scores: [0.5968307852136782, 0.6830904820630487]
