training_data_sizes: [0.1, 0.2, 0.3, 0.4, 0.5]
times: [61.0, 133.0, 201.0, 277.0, 340.0]
scores: [0.7260261839541134, 0.6847102323730635, 0.7905177150953235, 0.6849642347567733, 0.7732269203530031]
