training_data_sizes: [0.1, 0.2, 0.3, 0.4, 0.5, 0.6, 0.7, 0.8]
times: [112.96, 228.09, 346.74, 454.85, 571.32, 676.23, 796.52, 901.83]
scores: [1.0, 0.999796898729381, 0.9148715324979712, 0.9199750897503155, 1.0, 0.9209503190370549, 1.0, 0.9484362079156157]
