training_data_sizes: [0.1, 0.2, 0.3, 0.4, 0.5, 0.6, 0.7, 0.8, 0.9]
times: [98.41, 178.15, 267.5, 355.92, 449.58, 535.37, 627.98, 712.35, 807.06]
scores: [0.9693791052236183, 0.9058529079072244, 0.9588735367589508, 1.0, 1.0, 1.0, 1.0, 1.0, 1.0]
