training_data_sizes: [0.1, 0.2]
times: [48.0, 94.0]
scores: [0.6148547491479879, 0.5552222465461243]
