training_data_sizes: [0.1, 0.2, 0.3, 0.4, 0.5, 0.6, 0.7, 0.8, 0.9, 1.0]
times: [117.43, 227.85, 336.5, 445.52, 552.39, 669.51, 779.79, 885.77, 999.34, 1103.57]
scores: [0.8489981486256111, 0.774829609366744, 0.7523142089180577, 0.7470764815522906, 0.7367343015593776, 0.8676548824482033, 0.7035539811913374, 0.7870273357769086, 0.6577978068161623, 0.7150131997176592]
