training_data_sizes: [0.1, 0.2, 0.3, 0.4]
times: [72.0, 153.0, 231.0, 310.0]
scores: [0.8824409940506989, 0.9245279269872522, 0.7932046033623985, 0.8718937401857256]
