training_data_sizes: [0.1, 0.2, 0.3, 0.4]
times: [118.0, 236.0, 353.0, 473.0]
scores: [0.9185501938833118, 0.7280026951006962, 0.885723731183798, 0.8970027791957904]
