training_data_sizes: [0.1, 0.2, 0.3, 0.4, 0.5, 0.6, 0.7]
times: [48.0, 93.0, 144.0, 191.0, 244.0, 291.0, 347.0]
scores: [0.9340490776025774, 0.928766927089616, 1.0, 1.0, 1.0, 1.0, 1.0]
