training_data_sizes: [0.1, 0.2, 0.3, 0.4, 0.5, 0.6, 0.7, 0.8, 0.9, 1.0]
times: [0.17, 0.31, 0.47, 0.56, 0.7, 0.76, 0.88, 0.98, 1.1, 1.13]
scores: [0.9853757747933884, 0.908871548995644, 0.8548474141089866, 0.8067838051814804, 0.7933882641476095, 0.7763393702891785, 0.7625722636631052, 0.7599843014858185, 0.7414545278263274, 0.7278367373173069]
