training_data_sizes: [0.1, 0.2, 0.3, 0.4, 0.5, 0.6]
times: [151.68, 301.76, 450.19, 606.88, 750.63, 906.2]
scores: [0.9829154324661501, 0.9373152322786338, 0.9032597744752497, 1.0, 0.9373030686749766, 0.9511080916298796]
