training_data_sizes: [0.1, 0.2, 0.3, 0.4, 0.5, 0.6, 0.7]
times: [43.0, 92.0, 145.0, 198.0, 245.0, 297.0, 348.0]
scores: [0.7406184708971275, 0.7699075937639465, 0.9116432500666725, 0.7935177644245509, 1.0, 0.8771024056111872, 0.9445445288668277]
