training_data_sizes: [0.1, 0.2, 0.3]
times: [235.37, 472.26, 707.6]
scores: [0.8760973722200152, 0.8246119925638797, 0.8177296998392795]
