training_data_sizes: [0.1, 0.2]
times: [103.0, 214.0]
scores: [0.8710307161613833, 0.8709426888098235]
