training_data_sizes: [0.1, 0.2, 0.3]
times: [333.49, 668.23, 1007.93]
scores: [0.6951519933075321, 0.8943928232163799, 0.8796015728344658]
