training_data_sizes: [0.1, 0.2, 0.3, 0.4, 0.5, 0.6, 0.7, 0.8, 0.9, 1.0]
times: [2.37, 21.4, 27.96, 34.32, 40.87, 50.64, 57.44, 67.73, 75.41, 83.05]
scores: [0.9738112301648104, 0.9853898634523535, 0.9896757947071628, 0.9919476776841756, 0.9933695540256559, 0.9943381062035157, 0.9950504012341989, 0.9955983841564833, 0.9960293901357289, 0.9963789937719055]
