training_data_sizes: [0.1, 0.2]
times: [604.87, 1202.41]
scores: [0.8710590924371892, 0.9171353250657495]
