training_data_sizes: [0.1, 0.2, 0.3, 0.4, 0.5, 0.6]
times: [105.02, 204.01, 305.78, 407.2, 509.38, 600.79]
scores: [0.7466610531170192, 0.741769153939392, 0.7261487071100614, 0.7647059977806093, 0.8552189232050214, 0.7822967452708844]
