training_data_sizes: [0.1, 0.2, 0.3, 0.4, 0.5, 0.6, 0.7, 0.8]
times: [18.0, 37.0, 50.0, 75.0, 91.0, 119.0, 139.0, 153.0]
scores: [0.801180267240487, 0.8265599259105879, 0.9573019280748631, 0.9059081366639079, 0.8030498992284243, 0.9197073272991473, 0.9310725583683855, 0.9230158545226927]
