training_data_sizes: [0.1, 0.2, 0.3, 0.4]
times: [303.72, 601.85, 908.48, 1208.71]
scores: [0.5688986275501843, 0.42267857094682343, 0.568154280637557, 0.568314918002895]
