training_data_sizes: [0.1, 0.2, 0.3, 0.4, 0.5, 0.6, 0.7]
times: [33.35, 102.97, 206.86, 348.06, 540.31, 744.48, 1045.75]
scores: [0.47801806762628285, 0.4712379796521007, 0.4780285569455742, 0.4777085004006449, 0.4740801226573659, 0.48469339900443237, 0.4805023834183017]
