training_data_sizes: [0.1, 0.2, 0.3]
times: [268.59, 543.3, 800.81]
scores: [0.9015901349615705, 0.8168682755930418, 0.9684543770304839]
