training_data_sizes: [0.1, 0.2, 0.3]
times: [95.0, 192.0, 290.0]
scores: [0.7427032887722377, 0.7754341803455117, 0.8603096423469339]
