training_data_sizes: [0.1, 0.2]
times: [44.0, 97.0]
scores: [0.9232722901563549, 0.8654872626870377]
