training_data_sizes: [0.1, 0.2, 0.3]
times: [38.0, 79.0, 111.0]
scores: [0.5081300230750454, 0.7135319971311865, 0.6375850478693099]
