training_data_sizes: [0.1, 0.2, 0.3, 0.4]
times: [180.37, 354.16, 533.27, 703.78]
scores: [0.7611822663978849, 0.8228262338373948, 0.8616950339955528, 0.9008667404127377]
