training_data_sizes: [0.1, 0.2, 0.3, 0.4]
times: [30.0, 78.0, 110.0, 159.0]
scores: [0.8603103573268545, 0.8224921512286341, 0.8802286791640408, 0.8622899754298676]
