training_data_sizes: [0.1, 0.2, 0.3, 0.4, 0.5, 0.6, 0.7]
times: [107.39, 207.44, 303.27, 404.42, 500.65, 607.85, 700.71]
scores: [0.882547446134047, 1.0, 0.8783883182726078, 0.9161096782977299, 0.8505870918261489, 0.9422045892179112, 0.903312828428762]
