training_data_sizes: [0.1, 0.2, 0.3, 0.4, 0.5, 0.6, 0.7, 0.8, 0.9, 1.0]
times: [100.91, 207.96, 308.35, 408.41, 502.16, 600.56, 702.99, 801.45, 909.09, 1009.44]
scores: [0.866833832215351, 0.8857081924930181, 1.0, 1.0, 1.0, 0.9496838370011953, 1.0, 0.9904912837032009, 1.0, 1.0]
