training_data_sizes: [0.1, 0.2]
times: [255.5, 633.32]
scores: [0.3306122781016976, 0.34846131109714507]
