training_data_sizes: [0.1, 0.2, 0.3, 0.4]
times: [42.0, 90.0, 143.0, 198.0]
scores: [0.8124492834059919, 0.7638156341600242, 0.6584142033317663, 0.7478654478541161]
