training_data_sizes: [0.1, 0.2, 0.3, 0.4, 0.5, 0.6, 0.7, 0.8, 0.9, 1.0]
times: [124.66, 246.92, 367.07, 486.96, 606.15, 725.27, 843.22, 964.33, 1086.93, 1209.44]
scores: [0.9574157970095736, 1.0, 1.0, 0.9571071737717523, 0.9705975116367931, 1.0, 1.0, 1.0, 1.0, 1.0]
