training_data_sizes: [0.1, 0.2, 0.3, 0.4, 0.5, 0.6, 0.7, 0.8, 0.9]
times: [107.0, 214.0, 320.0, 437.0, 541.0, 655.0, 767.0, 879.0, 983.0]
scores: [0.8312378658191716, 0.9096033651919835, 0.9686279324142968, 1.0, 1.0, 1.0, 1.0, 1.0, 1.0]
