training_data_sizes: [0.1, 0.2, 0.3, 0.4]
times: [228.81, 451.2, 683.17, 906.95]
scores: [0.841561742598067, 0.8791730162504942, 0.9142605988909395, 0.7798010021875673]
