training_data_sizes: [0.1, 0.2, 0.3, 0.4]
times: [184.75, 358.85, 529.75, 704.15]
scores: [0.8006123261092584, 0.9190820431977322, 0.9753923742815979, 0.9561014138390505]
