training_data_sizes: [0.1, 0.2, 0.3, 0.4, 0.5, 0.6, 0.7]
times: [114.0, 231.0, 354.0, 478.0, 596.0, 711.0, 830.0]
scores: [0.877769150746581, 1.0, 0.8903873734530472, 0.9496133968128821, 1.0, 1.0, 0.9402343875304959]
