training_data_sizes: [0.1, 0.2, 0.3, 0.4, 0.5, 0.6, 0.7, 0.8, 0.9]
times: [15.0, 39.0, 55.0, 71.0, 98.0, 114.0, 138.0, 150.0, 178.0]
scores: [0.6343667071372205, 0.76904126087179, 0.8525851083120263, 0.8225420541037395, 0.9730894410994203, 0.9242050762555084, 1.0, 1.0, 1.0]
