training_data_sizes: [0.1, 0.2, 0.3, 0.4]
times: [333.32, 652.87, 975.9, 1304.98]
scores: [0.8709309707089479, 0.851320184434003, 0.8315482273855825, 0.9531225436090873]
