training_data_sizes: [0.1, 0.2, 0.3, 0.4, 0.5, 0.6, 0.7, 0.8, 0.9, 1.0]
times: [15.99, 54.57, 98.73, 154.49, 226.75, 271.76, 340.23, 369.63, 373.6, 557.78]
scores: [0.9987037931209218, 0.998984768143741, 0.9998969382377775, 0.999828133210648, 0.9999224522604001, 0.9985950749818333, 0.9977275089711338, 0.998182300862741, 0.9995045771907303, 0.9987268411409792]
