training_data_sizes: [0.1, 0.2, 0.3, 0.4, 0.5, 0.6, 0.7, 0.8, 0.9, 1.0]
times: [38.0, 73.0, 116.0, 150.0, 197.0, 232.0, 273.0, 314.0, 358.0, 393.0]
scores: [0.8310473607240512, 0.9406060800733809, 0.841803198139355, 0.949737021749796, 0.922859484358146, 0.8563344070746908, 0.9351654761001934, 0.9238844853046269, 0.9333495337038833, 0.802869614380326]
