training_data_sizes: [0.1, 0.2, 0.3, 0.4, 0.5, 0.6, 0.7, 0.8, 0.9, 1.0]
times: [1.95, 3.47, 5.09, 6.29, 7.7, 9.25, 11.14, 12.24, 14.45, 16.12]
scores: [0.6128997158622762, 0.5847268422643486, 0.5758154544016179, 0.5716358364394147, 0.565091212560314, 0.5646067822934921, 0.5591412312983512, 0.5582267020440825, 0.5595381541800495, 0.5579203798787857]
