training_data_sizes: [0.1, 0.2, 0.3]
times: [55.0, 118.0, 172.0]
scores: [0.7732626580199415, 0.872119127194406, 0.9448335577685396]
