training_data_sizes: [0.1, 0.2, 0.3, 0.4, 0.5, 0.6, 0.7, 0.8]
times: [164.79, 329.57, 493.9, 655.73, 813.3, 983.26, 1143.75, 1309.77]
scores: [0.8997207272465082, 0.8205955840090842, 0.891556698991708, 0.9429456570571477, 0.9492132726576112, 1.0, 1.0, 1.0]
