training_data_sizes: [0.1, 0.2, 0.3, 0.4, 0.5]
times: [161.45, 328.32, 481.63, 640.94, 807.77]
scores: [0.829878757622688, 0.818150852899334, 0.8716500682910786, 0.8815513836344958, 1.0]
