training_data_sizes: [0.1, 0.2, 0.3, 0.4, 0.5, 0.6, 0.7, 0.8, 0.9, 1.0]
times: [130.6, 263.78, 395.4, 529.03, 656.12, 786.17, 914.99, 1048.88, 1177.94, 1301.47]
scores: [0.8204972311354609, 0.9254534059438198, 0.9627500136690944, 1.0, 0.9319567559542032, 0.9690252237711183, 0.9413858338030895, 0.9445607686690991, 1.0, 1.0]
