training_data_sizes: [0.1, 0.2, 0.3, 0.4]
times: [152.15, 300.17, 455.04, 604.59]
scores: [0.9860187249040273, 0.9105728645153432, 1.0, 0.8471588864872666]
