training_data_sizes: [0.1, 0.2, 0.3, 0.4]
times: [138.0, 271.0, 413.0, 551.0]
scores: [0.8470053743191643, 0.9883875922684515, 0.9718196758302713, 1.0]
