training_data_sizes: [0.1, 0.2, 0.3, 0.4, 0.5, 0.6, 0.7]
times: [122.85, 233.31, 350.32, 464.59, 579.87, 691.59, 803.22]
scores: [0.6401568561080749, 0.6000814413746107, 0.6635390370978059, 0.5912820520513015, 0.7497899524524568, 0.6866121972688863, 0.8927484316211322]
