training_data_sizes: [0.1, 0.2, 0.3, 0.4, 0.5, 0.6, 0.7, 0.8]
times: [109.0, 211.0, 321.0, 439.0, 544.0, 658.0, 768.0, 876.0]
scores: [0.8377728373327827, 1.0, 0.9430736307842347, 1.0, 1.0, 1.0, 1.0, 1.0]
