training_data_sizes: [0.1, 0.2, 0.3, 0.4, 0.5, 0.6, 0.7, 0.8, 0.9, 1.0]
times: [147.21, 282.6, 421.04, 566.74, 707.73, 847.71, 981.33, 1123.48, 1261.81, 1400.31]
scores: [0.8795561667520562, 0.8910874542509071, 0.8919139865636612, 0.8457212006114767, 0.9103579193867757, 0.9342241236302804, 0.8070219143964756, 0.8811716052735602, 0.7796083398813883, 0.8949102133762531]
