training_data_sizes: [0.1, 0.2, 0.3, 0.4, 0.5, 0.6, 0.7, 0.8, 0.9]
times: [95.64, 182.8, 268.09, 362.39, 445.47, 541.69, 627.69, 719.7, 800.91]
scores: [0.8604660569035614, 0.893320601450048, 0.93931605670369, 0.8386674540653706, 1.0, 0.9194134632224362, 0.9643766584148795, 1.0, 1.0]
