training_data_sizes: [0.1, 0.2, 0.3, 0.4, 0.5, 0.6, 0.7]
times: [15.0, 35.0, 52.0, 77.0, 90.0, 118.0, 131.0]
scores: [0.8629596157570282, 0.9899529583941588, 1.0, 0.9328501285866421, 0.9829582808729762, 1.0, 1.0]
