training_data_sizes: [0.1, 0.2, 0.3, 0.4, 0.5, 0.6, 0.7, 0.8, 0.9, 1.0]
times: [29.0, 55.0, 83.0, 114.0, 148.0, 174.0, 209.0, 235.0, 268.0, 293.0]
scores: [0.8024553708840121, 0.7578294366728215, 0.7277014690321386, 0.758341968420673, 0.7925465987453072, 0.8492703995026686, 0.8500051551051663, 1.0, 1.0, 1.0]
