training_data_sizes: [0.1, 0.2, 0.3]
times: [336.95, 676.19, 1000.43]
scores: [0.8771058545674492, 0.8627889382744001, 0.9965883785804013]
