training_data_sizes: [0.1, 0.2]
times: [508.57, 1005.46]
scores: [0.9190829442001918, 0.8747751899697239]
