training_data_sizes: [0.1, 0.2, 0.3, 0.4, 0.5]
times: [30.0, 74.0, 117.0, 158.0, 192.0]
scores: [0.7453345807455186, 0.7460672448753819, 0.717027970065216, 0.7524731962130184, 0.7381776976186697]
