training_data_sizes: [0.1, 0.2, 0.3, 0.4, 0.5, 0.6, 0.7, 0.8, 0.9]
times: [159.36, 316.02, 468.62, 625.18, 779.42, 935.5, 1096.05, 1252.5, 1402.98]
scores: [0.8826375853871833, 0.9612144798404065, 0.8558948034451823, 0.890206824587541, 1.0, 0.9730727786006006, 0.8802011366913223, 0.9391585313852775, 0.9952529681215443]
