training_data_sizes: [0.1, 0.2, 0.3]
times: [73.0, 153.0, 232.0]
scores: [0.8922847999713176, 0.9023083390719119, 1.0]
