training_data_sizes: [0.1, 0.2, 0.3, 0.4, 0.5, 0.6, 0.7, 0.8, 0.9]
times: [2.0, 16.0, 22.0, 37.0, 47.0, 51.0, 68.0, 72.0, 86.0]
scores: [0.9061842232319989, 0.8794443482386516, 0.7829062579625782, 0.8767156471967572, 0.9034493038388711, 0.9254400980785824, 0.928741200350688, 0.9836772318397269, 0.8931128923546974]
