training_data_sizes: [0.1, 0.2, 0.3, 0.4]
times: [29.0, 57.0, 86.0, 119.0]
scores: [0.9786979137458958, 1.0, 0.9820502412007024, 1.0]
