training_data_sizes: [0.1, 0.2, 0.3]
times: [269.72, 534.09, 809.95]
scores: [0.9412259339458718, 0.9596496245581172, 0.8154365875523231]
