training_data_sizes: [0.1, 0.2, 0.3, 0.4, 0.5, 0.6, 0.7, 0.8, 0.9, 1.0]
times: [68.64, 124.03, 221.47, 276.22, 351.15, 489.75, 494.11, 521.64, 552.69, 743.21]
scores: [0.998382771991047, 0.9992022297319162, 0.9993982273865423, 0.9994522675000701, 0.9994666046756607, 0.9995755088225681, 0.999501368520168, 0.9995853036331618, 0.9995106779296244, 0.9995171543735736]
