training_data_sizes: [0.1, 0.2, 0.3, 0.4, 0.5, 0.6, 0.7, 0.8, 0.9, 1.0]
times: [4.29, 11.82, 22.78, 38.04, 57.05, 78.26, 105.97, 134.42, 168.18, 203.9]
scores: [0.4439887871511263, 0.4788461165420224, 0.469160916440599, 0.4807147798919811, 0.4760758203877063, 0.48562161713938795, 0.48925588047291235, 0.49476106926739866, 0.49705320946757975, 0.49852231249264917]
