training_data_sizes: [0.1, 0.2, 0.3, 0.4, 0.5, 0.6, 0.7, 0.8, 0.9]
times: [160.35, 313.69, 470.9, 629.07, 780.46, 936.38, 1093.59, 1254.14, 1405.57]
scores: [0.8058806607456681, 0.7868054853644599, 0.8061468185094139, 0.960168833774603, 0.8869467616115871, 0.910611667685538, 0.8070384873438795, 0.9524348862193652, 0.9628725014277482]
