training_data_sizes: [0.1, 0.2, 0.3, 0.4, 0.5, 0.6, 0.7, 0.8, 0.9]
times: [113.29, 228.66, 335.24, 450.59, 560.27, 667.99, 780.67, 895.03, 1004.23]
scores: [0.528747151519613, 0.42903723660493115, 0.5003193868125372, 0.5679265196968902, 0.5634326298274815, 0.5214893033615242, 0.5919559855556811, 0.804295549526197, 0.74879676842368]
