training_data_sizes: [0.1, 0.2, 0.3, 0.4, 0.5]
times: [205.88, 409.18, 608.31, 805.06, 1006.1]
scores: [0.7021772302606167, 0.7115786234779802, 0.7415924854648391, 0.8884792898873992, 0.9188372384537447]
