training_data_sizes: [0.1, 0.2, 0.3, 0.4, 0.5, 0.6, 0.7, 0.8, 0.9]
times: [93.45, 180.43, 275.96, 360.8, 448.84, 533.84, 630.81, 719.34, 806.3]
scores: [0.826878084941, 0.814430909289702, 0.8785956220469706, 0.9139683488631904, 0.9182583551399036, 0.7469957368140154, 0.8855496098538571, 0.903345324560271, 0.8515117878600289]
