training_data_sizes: [0.1, 0.2, 0.3, 0.4]
times: [282.49, 552.97, 834.97, 1109.38]
scores: [0.7955758786754572, 0.8426867402255123, 0.865821127676119, 0.8864428794080088]
