training_data_sizes: [0.1, 0.2, 0.3, 0.4, 0.5, 0.6]
times: [52.0, 110.0, 177.0, 237.0, 293.0, 351.0]
scores: [0.9542389891126046, 0.9544393231222692, 1.0, 0.9170916169822578, 1.0, 0.9695834989236318]
