training_data_sizes: [0.1, 0.2, 0.3, 0.4, 0.5, 0.6, 0.7]
times: [17.0, 38.0, 55.0, 77.0, 90.0, 117.0, 134.0]
scores: [0.7724356289366815, 0.8269885284469608, 0.8619185054228506, 0.9664597968408751, 0.9365669837949957, 1.0, 1.0]
