training_data_sizes: [0.1, 0.2, 0.3, 0.4, 0.5]
times: [10.0, 37.0, 59.0, 75.0, 91.0]
scores: [0.7274695189237645, 0.8053219197444954, 0.8301759381101945, 0.8688094285058644, 0.8999240994540545]
