training_data_sizes: [0.1, 0.2, 0.3, 0.4]
times: [308.59, 603.06, 900.18, 1209.52]
scores: [0.8049833385242904, 0.8404755116609797, 0.8198513324727346, 0.862770196831988]
