training_data_sizes: [0.1, 0.2, 0.3, 0.4, 0.5, 0.6, 0.7, 0.8, 0.9, 1.0]
times: [67.27, 125.5, 189.58, 240.34, 307.35, 363.26, 424.24, 480.22, 541.33, 606.05]
scores: [0.869739721639355, 0.803453862583656, 0.8350722861154274, 1.0, 1.0, 1.0, 1.0, 1.0, 1.0, 1.0]
