training_data_sizes: [0.1, 0.2, 0.3]
times: [303.94, 605.98, 904.88]
scores: [0.5869205157257465, 0.6395565194051974, 0.7576483818985275]
