training_data_sizes: [0.1, 0.2, 0.3, 0.4]
times: [119.77, 320.71, 606.12, 950.48]
scores: [0.5173876269103519, 0.5148553240598575, 0.5420088796864979, 0.5747805029241256]
