training_data_sizes: [0.1, 0.2, 0.3, 0.4, 0.5, 0.6, 0.7]
times: [147.62, 290.3, 438.35, 579.89, 720.73, 862.09, 1006.89]
scores: [0.5622284450134865, 0.4252112249956286, 0.49774686694762454, 0.5813921105846599, 0.5988732263969168, 0.6104710107401199, 0.6175033032843994]
