training_data_sizes: [0.1, 0.2, 0.3]
times: [441.41, 869.07, 1300.45]
scores: [0.791109342793438, 0.9674803217600741, 0.997312344961922]
