training_data_sizes: [0.1, 0.2, 0.3, 0.4, 0.5, 0.6, 0.7, 0.8, 0.9]
times: [111.0, 233.0, 359.0, 476.0, 596.0, 716.0, 833.0, 957.0, 1075.0]
scores: [0.7955410755569188, 0.7242527554394951, 0.8540618416767658, 1.0, 1.0, 0.9047069348156342, 0.9919348531094405, 0.9895889375180917, 1.0]
