training_data_sizes: [0.1, 0.2, 0.3]
times: [8.0, 10.0, 25.0]
scores: [0.7740999546507705, 0.7958672712334748, 0.7833935955482616]
