training_data_sizes: [0.1, 0.2, 0.3, 0.4, 0.5, 0.6, 0.7, 0.8, 0.9]
times: [160.85, 313.47, 468.54, 623.86, 786.19, 935.78, 1094.01, 1245.4, 1400.82]
scores: [0.519614942721468, 0.712226511573634, 0.7151340886451439, 0.6709673448698872, 0.7030645402151154, 0.8346168630450705, 0.9749188024148912, 0.8867144551160047, 0.9330349986869281]
