training_data_sizes: [0.1, 0.2, 0.3, 0.4, 0.5]
times: [129.0, 256.0, 384.0, 510.0, 649.0]
scores: [0.8088176270123528, 0.8681870046527635, 0.8430367093756401, 0.8347120984647425, 0.8648356294372049]
