training_data_sizes: [0.1, 0.2, 0.3, 0.4, 0.5]
times: [62.0, 132.0, 204.0, 274.0, 347.0]
scores: [0.9018542876689323, 0.78584945444214, 0.9388353817106525, 1.0, 0.8822974633944192]
