training_data_sizes: [0.1, 0.2, 0.3]
times: [60.0, 138.0, 209.0]
scores: [0.6971687601832149, 0.8359342291907328, 0.8427844325478878]
