training_data_sizes: [0.1, 0.2, 0.3, 0.4, 0.5, 0.6, 0.7, 0.8, 0.9, 1.0]
times: [4.19, 7.85, 11.05, 19.42, 23.75, 30.66, 36.77, 40.61, 50.53, 55.96]
scores: [0.6687541469763754, 0.6839610154788431, 0.6949579607128296, 0.7050968321944451, 0.7104722319907777, 0.7156805058348787, 0.7201851825688841, 0.7227261679387778, 0.7264992800783319, 0.7292971285484711]
