training_data_sizes: [0.1, 0.2, 0.3, 0.4, 0.5]
times: [95.0, 197.0, 295.0, 396.0, 498.0]
scores: [0.9111187272272234, 0.9360408488493861, 0.9739482693865025, 0.8832335291413076, 0.9670007720895055]
