training_data_sizes: [0.1, 0.2]
times: [95.0, 193.0]
scores: [0.9351282165963621, 0.900985617887502]
