training_data_sizes: [0.1, 0.2, 0.3, 0.4]
times: [332.75, 652.96, 983.39, 1308.68]
scores: [0.8996441352788014, 0.9888180426570539, 0.8693436908136418, 0.9715077348446792]
