training_data_sizes: [0.1, 0.2, 0.3]
times: [12.0, 33.0, 51.0]
scores: [0.7490317048172311, 0.90465710248628, 0.7719060954201726]
