training_data_sizes: [0.1, 0.2, 0.3, 0.4, 0.5, 0.6, 0.7, 0.8]
times: [71.0, 156.0, 233.0, 315.0, 397.0, 470.0, 551.0, 634.0]
scores: [0.6663475293865962, 0.8391224837844371, 0.8415481300535855, 0.7866791813673819, 0.8795015993437113, 0.8572067755295945, 0.9270520567142986, 0.941072874431993]
