training_data_sizes: [0.1, 0.2, 0.3, 0.4, 0.5, 0.6, 0.7, 0.8, 0.9]
times: [103.0, 215.0, 324.0, 430.0, 543.0, 652.0, 760.0, 877.0, 981.0]
scores: [0.7675603641700515, 0.7462064189593577, 0.8783303785154807, 0.8987733432781508, 1.0, 1.0, 1.0, 1.0, 1.0]
