training_data_sizes: [0.1, 0.2, 0.3, 0.4, 0.5, 0.6, 0.7, 0.8]
times: [89.0, 171.0, 268.0, 353.0, 442.0, 537.0, 629.0, 717.0]
scores: [0.9552977015877693, 0.8100833532760786, 0.9326386059764933, 0.8898359093190513, 0.8110441332148735, 0.9474445103503863, 0.8483138608975749, 0.9206111441504998]
