training_data_sizes: [0.1, 0.2]
times: [26.0, 51.0]
scores: [0.5222738733450294, 0.5824324188991323]
