training_data_sizes: [0.1, 0.2]
times: [27.0, 55.0]
scores: [0.5751100957965232, 0.6021634869064616]
