training_data_sizes: [0.1, 0.2]
times: [309.31, 603.85]
scores: [0.7479947795116311, 0.8909903609138767]
