training_data_sizes: [0.1, 0.2, 0.3, 0.4, 0.5, 0.6, 0.7, 0.8, 0.9, 1.0]
times: [1.73, 2.97, 4.82, 7.12, 9.69, 12.28, 15.75, 19.04, 23.69, 31.81]
scores: [0.4343672602901285, 0.4217918843854447, 0.43844785877737813, 0.4571531130745896, 0.4588451588531095, 0.47269585991215113, 0.4937004530181244, 0.4935769971800106, 0.47977583982002114, 0.4701646090534979]
