training_data_sizes: [0.1, 0.2, 0.3]
times: [88.0, 174.0, 269.0]
scores: [0.8398101530570594, 0.9853081576943137, 0.9122391874621576]
