training_data_sizes: [0.1, 0.2]
times: [502.4, 1008.55]
scores: [0.779311764297788, 0.8197686168482061]
