training_data_sizes: [0.1, 0.2, 0.3, 0.4, 0.5, 0.6, 0.7]
times: [25.0, 54.0, 88.0, 113.0, 143.0, 173.0, 203.0]
scores: [0.7823119033019359, 0.8454655122970307, 0.9097075615358601, 0.8958815240868259, 0.8966772582312188, 0.9205334472065756, 0.9350759409223284]
