training_data_sizes: [0.1, 0.2]
times: [16.0, 30.0]
scores: [0.6153887561047838, 0.5877468257941627]
