training_data_sizes: [0.1, 0.2, 0.3, 0.4, 0.5, 0.6, 0.7, 0.8, 0.9, 1.0]
times: [3.75, 5.25, 7.18, 8.55, 9.94, 11.02, 12.51, 13.95, 15.26, 16.69]
scores: [0.938102099719011, 0.9277490427465271, 0.916311714857333, 0.9119643102978383, 0.9092428509547579, 0.9116254646250901, 0.9090978075115732, 0.9073478793653131, 0.9071689874663214, 0.9078117170819358]
