training_data_sizes: [0.1, 0.2, 0.3, 0.4, 0.5, 0.6, 0.7, 0.8, 0.9, 1.0]
times: [1.31, 2.25, 3.31, 4.38, 5.24, 7.35, 7.67, 10.65, 11.47, 12.48]
scores: [1.0, 0.899713109139014, 0.8987706473131984, 0.8495541679494611, 0.8511891757758994, 0.8183617722249799, 0.8194401576544703, 0.7975089546979799, 0.7987874446602268, 0.7786116915750039]
