training_data_sizes: [0.1, 0.2, 0.3, 0.4, 0.5, 0.6, 0.7, 0.8]
times: [133.42, 253.39, 384.87, 507.92, 633.17, 750.78, 878.5, 1000.92]
scores: [0.938541667455474, 0.9341983929582369, 0.9422560710730798, 1.0, 1.0, 0.9739246664450889, 1.0, 1.0]
