training_data_sizes: [0.1, 0.2, 0.3, 0.4, 0.5, 0.6, 0.7, 0.8]
times: [51.0, 114.0, 174.0, 234.0, 295.0, 359.0, 419.0, 470.0]
scores: [0.8267365554956847, 0.7537043409153477, 0.9405979710505941, 0.9299815995217992, 0.9106362155190872, 1.0, 0.954216541067735, 1.0]
