training_data_sizes: [0.1, 0.2, 0.3, 0.4, 0.5]
times: [246.65, 487.07, 728.33, 967.98, 1201.82]
scores: [0.8367702644090669, 0.9052578229572086, 0.8543830033146044, 0.9066352361262333, 1.0]
