training_data_sizes: [0.1, 0.2, 0.3, 0.4, 0.5]
times: [148.84, 284.23, 424.29, 564.53, 701.91]
scores: [0.49449392649004636, 0.6599238481740575, 0.5852526247000899, 0.7149560191900806, 0.6797394204091988]
