training_data_sizes: [0.1, 0.2, 0.3, 0.4, 0.5, 0.6, 0.7, 0.8, 0.9, 1.0]
times: [118.0, 238.0, 350.0, 477.0, 593.0, 711.0, 834.0, 952.0, 1070.0, 1191.0]
scores: [1.0, 0.8661092236701594, 0.9163983166709391, 0.9375329371022474, 1.0, 1.0, 1.0, 1.0, 1.0, 1.0]
