training_data_sizes: [0.1, 0.2, 0.3, 0.4]
times: [284.34, 555.27, 831.88, 1100.46]
scores: [0.9147690061467202, 1.0, 1.0, 0.9806472595074122]
