training_data_sizes: [0.1, 0.2, 0.3, 0.4, 0.5, 0.6, 0.7, 0.8, 0.9, 1.0]
times: [52.0, 112.0, 175.0, 232.0, 293.0, 356.0, 411.0, 477.0, 531.0, 590.0]
scores: [0.691288236046182, 0.8013474295006701, 0.7243530091257266, 0.8182093341653838, 0.8842460560476579, 0.997076522775104, 0.986135604043674, 1.0, 0.9027029800752427, 0.9965089098669073]
