training_data_sizes: [0.1, 0.2, 0.3, 0.4, 0.5, 0.6, 0.7, 0.8, 0.9]
times: [54.0, 114.0, 176.0, 233.0, 298.0, 352.0, 419.0, 479.0, 533.0]
scores: [0.6862935657011725, 0.7613196282830653, 0.8716736954912051, 0.7769849967565459, 0.8287959578878117, 0.8142559863899597, 0.8757444894246851, 0.9472558839867304, 0.9157091445062324]
