training_data_sizes: [0.1, 0.2, 0.3, 0.4, 0.5]
times: [127.27, 249.45, 367.1, 485.72, 602.44]
scores: [0.6474868845833949, 0.5985558287972088, 0.747633630971453, 0.7718396047579139, 0.8885553967753826]
