training_data_sizes: [0.1, 0.2, 0.3]
times: [40.0, 92.0, 143.0]
scores: [0.897500877908787, 0.8598020433825173, 0.9139338516978648]
