training_data_sizes: [0.1, 0.2, 0.3, 0.4, 0.5, 0.6, 0.7, 0.8, 0.9]
times: [107.66, 207.16, 301.14, 409.74, 505.37, 601.78, 705.24, 805.2, 908.97]
scores: [0.7642285196911311, 0.6833287463043, 0.7644301790086744, 0.957504483113135, 0.9545360771795997, 1.0, 1.0, 1.0, 1.0]
