training_data_sizes: [0.1, 0.2, 0.3, 0.4, 0.5, 0.6, 0.7, 0.8, 0.9]
times: [95.1, 186.85, 273.91, 360.3, 452.76, 542.3, 623.92, 711.5, 804.77]
scores: [1.0, 0.9145410834053069, 0.9369916081538118, 1.0, 0.9554117940865527, 1.0, 1.0, 0.9680220139025543, 0.9835060462795314]
