training_data_sizes: [0.1, 0.2, 0.3]
times: [442.78, 875.67, 1308.92]
scores: [0.672762929774757, 0.6099102249916998, 0.6887896844920249]
