training_data_sizes: [0.1, 0.2, 0.3, 0.4, 0.5]
times: [98.0, 191.0, 296.0, 397.0, 495.0]
scores: [0.6830368655154813, 0.7893255066990109, 0.7567870036822467, 0.8097611194442854, 1.0]
