training_data_sizes: [0.1, 0.2, 0.3, 0.4, 0.5, 0.6, 0.7]
times: [120.73, 238.18, 344.17, 458.19, 572.35, 694.71, 800.96]
scores: [0.7770897454544731, 0.939255568264358, 0.9418854875586504, 1.0, 1.0, 1.0, 1.0]
