training_data_sizes: [0.1, 0.2, 0.3]
times: [269.3, 592.03, 1010.91]
scores: [0.9990917111133061, 0.9986543058277103, 0.9980706313641964]
