training_data_sizes: [0.1, 0.2, 0.3, 0.4, 0.5, 0.6, 0.7, 0.8]
times: [50.0, 116.0, 171.0, 236.0, 297.0, 357.0, 412.0, 473.0]
scores: [0.7668026657146376, 0.7089834262093179, 0.606127925531521, 0.5854193640182533, 0.5987770668998992, 0.6928954486000809, 0.6268177292058497, 0.6674395454994595]
