training_data_sizes: [0.1, 0.2, 0.3, 0.4]
times: [331.49, 658.7, 978.67, 1304.3]
scores: [0.7406168927504261, 0.9002118649395565, 0.8834320754187138, 0.8831933297028582]
