training_data_sizes: [0.1, 0.2, 0.3, 0.4, 0.5, 0.6, 0.7, 0.8, 0.9]
times: [149.79, 290.17, 438.23, 584.57, 729.92, 868.68, 1011.29, 1157.41, 1300.7]
scores: [0.6704260607091372, 0.6912214662237999, 0.8463524950528398, 0.8350364646152924, 0.9468093248379452, 1.0, 1.0, 1.0, 1.0]
