training_data_sizes: [0.1, 0.2, 0.3, 0.4, 0.5, 0.6, 0.7, 0.8, 0.9]
times: [114.21, 222.5, 341.68, 444.57, 563.01, 676.55, 787.11, 891.04, 1008.28]
scores: [0.8391972115285475, 0.8816452196152813, 0.9111021650774451, 1.0, 1.0, 1.0, 1.0, 1.0, 1.0]
