training_data_sizes: [0.1, 0.2, 0.3, 0.4, 0.5, 0.6, 0.7]
times: [143.9, 295.2, 429.83, 571.85, 724.06, 866.19, 1001.81]
scores: [0.8347094312068732, 0.7871902335421224, 0.9924730599827534, 0.9442103911029436, 1.0, 1.0, 1.0]
