training_data_sizes: [0.1, 0.2, 0.3, 0.4]
times: [48.0, 90.0, 143.0, 193.0]
scores: [0.9351245517080307, 0.9932233083645527, 0.9217949061538446, 0.8451305918342885]
