training_data_sizes: [0.1, 0.2, 0.3, 0.4, 0.5]
times: [5.0, 15.0, 20.0, 39.0, 47.0]
scores: [0.6532323221160543, 0.7811217450457673, 0.8057498590734802, 0.9584823179363133, 0.9731765435920865]
