training_data_sizes: [0.1, 0.2, 0.3, 0.4, 0.5, 0.6, 0.7]
times: [145.11, 288.01, 437.69, 573.27, 723.15, 860.79, 1008.32]
scores: [0.6987075274954451, 0.82660460612145, 0.719713266816014, 0.8110275480641117, 0.9123364883050054, 0.847652414974752, 0.9687104104982113]
