training_data_sizes: [0.1, 0.2, 0.3, 0.4, 0.5, 0.6]
times: [224.55, 440.12, 652.58, 868.89, 1089.2, 1309.49]
scores: [0.9474127788151876, 0.8960824160178236, 0.9203835066393078, 0.8589410818236163, 0.9670975341649342, 0.9576714602770249]
