training_data_sizes: [0.1, 0.2, 0.3, 0.4]
times: [154.25, 303.8, 456.24, 607.96]
scores: [0.8310274667731516, 0.7623760900179651, 0.9503603148770502, 0.8436252884893336]
