training_data_sizes: [0.1, 0.2, 0.3, 0.4, 0.5, 0.6, 0.7, 0.8, 0.9, 1.0]
times: [96.62, 180.3, 279.66, 362.19, 459.53, 546.94, 635.56, 720.19, 813.34, 907.04]
scores: [0.8755691873242494, 0.8276441958567051, 0.9199203829447, 1.0, 1.0, 1.0, 1.0, 1.0, 1.0, 1.0]
