training_data_sizes: [0.1, 0.2, 0.3, 0.4, 0.5, 0.6, 0.7, 0.8, 0.9, 1.0]
times: [148.88, 282.3, 429.3, 562.22, 708.9, 845.23, 983.28, 1129.34, 1260.7, 1409.24]
scores: [0.8629415275747543, 0.8789307739209251, 0.8690088401962488, 0.9535237266724998, 0.9241898988384828, 0.9642737963274882, 1.0, 1.0, 1.0, 1.0]
