training_data_sizes: [0.1, 0.2, 0.3, 0.4, 0.5, 0.6, 0.7]
times: [18.0, 34.0, 53.0, 74.0, 98.0, 118.0, 131.0]
scores: [0.8125773393778035, 0.7964597205338475, 0.8501884381687288, 0.9862091439596617, 0.979810525128497, 0.9879792397712599, 0.9379341643176626]
