training_data_sizes: [0.1, 0.2, 0.3, 0.4, 0.5, 0.6, 0.7, 0.8, 0.9]
times: [124.0, 251.0, 381.0, 510.0, 641.0, 774.0, 907.9999999999999, 1032.0, 1162.0]
scores: [0.9322662639857606, 0.87300522290386, 0.9382754628279351, 0.9243268454162359, 0.979398302576038, 1.0, 0.9573870781178638, 0.9430757713331235, 1.0]
