training_data_sizes: [0.1, 0.2, 0.3, 0.4, 0.5]
times: [269.24, 526.55, 782.55, 1044.42, 1300.97]
scores: [0.6260280034629631, 0.7790292362392741, 0.7330893446667079, 0.9150964961139125, 0.8539152391359743]
