training_data_sizes: [0.1, 0.2, 0.3, 0.4, 0.5]
times: [103.0, 218.0, 329.0, 430.0, 548.0]
scores: [0.9112719964780835, 0.8722624213309784, 0.9983507423876254, 0.98781755687099, 0.9250919510263252]
