training_data_sizes: [0.1, 0.2, 0.3, 0.4]
times: [179.26, 357.99, 525.23, 704.44]
scores: [0.8910647506158624, 0.8126982432786491, 0.791439976618892, 0.9407639969819692]
