training_data_sizes: [0.1, 0.2, 0.3, 0.4, 0.5, 0.6, 0.7, 0.8, 0.9, 1.0]
times: [25.69, 49.91, 75.81, 104.37, 133.09, 172.16, 194.54, 221.35, 253.32, 287.36]
scores: [0.937236750548978, 0.8911294621558494, 0.8741062757790072, 0.8650453168585648, 0.8475687843470907, 0.8341815280300129, 0.8318740400538231, 0.8322345562494271, 0.8253578315179648, 0.8295869140255743]
