training_data_sizes: [0.1, 0.2, 0.3, 0.4, 0.5]
times: [146.59, 283.24, 429.61, 561.98, 703.32]
scores: [1.0, 0.9217764805985185, 0.9824056354351536, 1.0, 1.0]
