training_data_sizes: [0.1, 0.2, 0.3, 0.4]
times: [53.0, 116.0, 175.0, 232.0]
scores: [0.8426066202571485, 0.8414563348508708, 0.8619352847128593, 0.7609609494072167]
