training_data_sizes: [0.1, 0.2, 0.3, 0.4, 0.5, 0.6, 0.7, 0.8]
times: [132.72, 251.55, 377.39, 504.27, 629.59, 759.93, 876.61, 1001.51]
scores: [0.9089789148644025, 0.9889207973941385, 0.995900528226505, 0.9453456788154282, 1.0, 1.0, 0.9194982018772906, 1.0]
