training_data_sizes: [0.1, 0.2]
times: [96.0, 194.0]
scores: [0.9497667044330835, 0.9141460338497485]
