training_data_sizes: [0.1, 0.2, 0.3, 0.4, 0.5, 0.6, 0.7, 0.8, 0.9, 1.0]
times: [30.65, 51.0, 72.24, 99.71, 121.78, 140.25, 146.19, 164.61, 179.17, 196.75]
scores: [0.6456028961861062, 0.6339923335354538, 0.6407381331616062, 0.6440111457452706, 0.6447377494388349, 0.6447357473991897, 0.6452680788603631, 0.6448969816584587, 0.6447195958205292, 0.6452948568314185]
