training_data_sizes: [0.1, 0.2, 0.3, 0.4, 0.5]
times: [126.0, 253.0, 384.0, 511.0, 641.0]
scores: [0.9129544568043799, 0.9663437311049667, 0.9898916353455504, 0.9737472850815392, 0.9147629139603983]
