training_data_sizes: [0.1, 0.2, 0.3, 0.4, 0.5, 0.6]
times: [240.49, 472.72, 705.44, 937.93, 1175.79, 1409.63]
scores: [0.8713338108806092, 1.0, 0.9999498553781299, 1.0, 1.0, 1.0]
