training_data_sizes: [0.1, 0.2, 0.3, 0.4, 0.5, 0.6, 0.7, 0.8]
times: [90.78, 178.98, 270.94, 353.07, 445.13, 531.8, 613.21, 702.34]
scores: [0.5600622015314829, 0.5270198290708559, 0.5626259009934123, 0.6859821920833946, 0.754244514224601, 0.7073005529764009, 0.7941691372781738, 0.8427948763111501]
