training_data_sizes: [0.1, 0.2, 0.3, 0.4, 0.5]
times: [249.7, 488.01, 720.66, 968.92, 1206.68]
scores: [0.8126720590772, 0.8111250125265768, 0.9664743919128598, 1.0, 0.8843294713947851]
