training_data_sizes: [0.1, 0.2, 0.3, 0.4, 0.5, 0.6]
times: [208.19, 403.35, 609.24, 807.78, 1002.97, 1204.88]
scores: [0.7718019096453462, 0.7712346971526939, 0.7732560789859888, 0.8451564653291566, 0.8284430689938085, 0.7164454356605188]
