training_data_sizes: [0.1, 0.2, 0.3]
times: [14.0, 32.0, 59.0]
scores: [0.6150819150697561, 0.6132336841346262, 0.6830360460088598]
