training_data_sizes: [0.1, 0.2, 0.3, 0.4]
times: [123.0, 257.0, 389.0, 511.0]
scores: [0.5928290465099152, 0.5661183861099105, 0.6057615364470464, 0.5220390345681529]
