training_data_sizes: [0.1, 0.2, 0.3, 0.4, 0.5, 0.6, 0.7, 0.8]
times: [70.0, 152.0, 234.0, 318.0, 396.0, 474.0, 551.0, 630.0]
scores: [0.9498344403045075, 0.9653782764731282, 1.0, 1.0, 0.9996569711656771, 1.0, 1.0, 1.0]
