training_data_sizes: [0.1, 0.2, 0.3, 0.4, 0.5, 0.6, 0.7, 0.8, 0.9, 1.0]
times: [128.27, 248.56, 364.45, 483.57, 607.9, 724.15, 841.95, 964.68, 1082.55, 1200.35]
scores: [0.8942857151570527, 0.901748630961767, 0.91969871072646, 0.8946263185410079, 1.0, 0.9321607450161786, 1.0, 1.0, 1.0, 1.0]
