training_data_sizes: [0.1, 0.2, 0.3, 0.4]
times: [56.0, 113.0, 176.0, 233.0]
scores: [0.8378922944119185, 0.7773022707443222, 0.8983770680058094, 0.909398472898881]
