training_data_sizes: [0.1, 0.2, 0.3, 0.4, 0.5, 0.6, 0.7]
times: [10.0, 38.0, 58.0, 70.0, 97.0, 112.0, 135.0]
scores: [1.0, 0.9424970633355558, 0.9224005053922026, 0.9509408360924996, 0.9328088749167976, 0.9716394903747492, 1.0]
