training_data_sizes: [0.1, 0.2, 0.3, 0.4]
times: [204.08, 402.47, 608.06, 804.3]
scores: [0.8506347495818343, 0.7623878208365683, 0.9120031957954631, 0.8904860330318511]
