training_data_sizes: [0.1, 0.2, 0.3, 0.4, 0.5, 0.6, 0.7, 0.8]
times: [13.0, 39.0, 53.0, 78.0, 98.0, 113.0, 134.0, 159.0]
scores: [0.7260977153315649, 0.7835776271210134, 0.9218388435727701, 1.0, 1.0, 1.0, 1.0, 1.0]
