training_data_sizes: [0.1, 0.2, 0.3, 0.4, 0.5, 0.6, 0.7, 0.8, 0.9]
times: [115.0, 238.0, 354.0, 472.0, 596.0, 714.0, 839.0, 954.0, 1079.0]
scores: [0.7318390317408916, 0.7590997486434079, 0.8727477932856672, 0.7623805390979653, 0.964174953495806, 1.0, 0.8638693328873532, 1.0, 1.0]
