training_data_sizes: [0.1, 0.2, 0.3, 0.4, 0.5]
times: [204.35, 400.32, 606.92, 804.89, 1003.22]
scores: [0.7057615588126654, 0.7313089803954359, 0.7780778004163068, 0.8818346966025791, 0.7765279872187836]
