training_data_sizes: [0.1, 0.2, 0.3, 0.4, 0.5, 0.6, 0.7, 0.8]
times: [18.0, 39.0, 58.0, 79.0, 91.0, 111.0, 132.0, 155.0]
scores: [0.8609949620908681, 0.8743317919531266, 0.9837018122040799, 0.9333019794339291, 0.9772055617042859, 0.9868973958389887, 1.0, 1.0]
