training_data_sizes: [0.1, 0.2, 0.3]
times: [20.0, 56.0, 89.0]
scores: [0.5517218560824388, 0.7316999007456922, 0.7433818244846299]
