training_data_sizes: [0.1, 0.2]
times: [53.0, 117.0]
scores: [0.74876558959391, 0.8749172323102966]
