training_data_sizes: [0.1, 0.2, 0.3, 0.4, 0.5, 0.6, 0.7, 0.8, 0.9, 1.0]
times: [128.0, 257.0, 382.0, 511.0, 646.0, 770.0, 899.9999999999999, 1039.0, 1164.0, 1294.0]
scores: [0.904854847319829, 0.8611643131124658, 0.9946106893103581, 0.9358535869306581, 0.9930355233451327, 1.0, 1.0, 1.0, 1.0, 1.0]
