training_data_sizes: [0.1, 0.2, 0.3]
times: [122.0, 254.0, 386.0]
scores: [0.8888710642042837, 0.9299237478293525, 0.8169169751678904]
