training_data_sizes: [0.1, 0.2, 0.3, 0.4, 0.5, 0.6]
times: [102.0, 216.0, 328.0, 434.0, 541.0, 657.0]
scores: [0.8839423391235459, 0.9968892761381074, 0.9642473957809097, 1.0, 1.0, 0.9784241288231981]
