training_data_sizes: [0.1, 0.2, 0.3, 0.4, 0.5, 0.6, 0.7, 0.8, 0.9]
times: [130.17, 250.93, 370.39, 489.63, 618.77, 741.96, 861.87, 980.79, 1102.59]
scores: [0.8613093184353471, 0.8898704820263734, 1.0, 1.0, 1.0, 0.9336300932071548, 0.9429490860254021, 1.0, 1.0]
