training_data_sizes: [0.1, 0.2, 0.3, 0.4, 0.5]
times: [102.0, 219.0, 320.0, 436.0, 544.0]
scores: [0.8204053244848855, 0.9074214286694222, 0.9278769619676197, 0.9585908980588805, 0.9397072744370998]
