training_data_sizes: [0.1, 0.2, 0.3, 0.4, 0.5, 0.6, 0.7, 0.8, 0.9]
times: [25.0, 55.0, 81.0, 112.0, 148.0, 175.0, 201.0, 237.0, 268.0]
scores: [0.7677150875856288, 0.7647981230261449, 0.9601901837652694, 0.8848182606995756, 1.0, 0.9379247703699645, 0.9134381466353274, 1.0, 1.0]
