training_data_sizes: [0.1, 0.2, 0.3, 0.4, 0.5, 0.6, 0.7, 0.8, 0.9, 1.0]
times: [113.63, 228.0, 338.29, 447.25, 551.07, 666.75, 774.45, 887.77, 993.09, 1104.38]
scores: [0.9111564973481288, 0.8438828705270969, 0.953939084222252, 1.0, 0.9879558905334622, 1.0, 1.0, 1.0, 1.0, 1.0]
