training_data_sizes: [0.1, 0.2, 0.3, 0.4, 0.5, 0.6, 0.7, 0.8, 0.9, 1.0]
times: [106.99, 201.7, 303.38, 405.13, 507.56, 600.69, 708.56, 805.38, 905.92, 1004.38]
scores: [0.9044949360833598, 0.9036049600039924, 0.7745150029851093, 0.8580660734476719, 0.9300830498411019, 0.7589560282715642, 0.7853741522501227, 0.8060364801539319, 0.9223018171745523, 0.8468067095635695]
