training_data_sizes: [0.1, 0.2, 0.3, 0.4, 0.5, 0.6]
times: [27.0, 58.0, 83.0, 112.0, 140.0, 177.0]
scores: [0.9001800982634678, 0.9113643623152645, 0.8439412758821345, 0.9462877164787902, 0.8384532291445971, 0.907319493119014]
