training_data_sizes: [0.1, 0.2, 0.3, 0.4, 0.5, 0.6, 0.7, 0.8, 0.9, 1.0]
times: [69.0, 131.0, 200.0, 270.0, 341.0, 411.0, 486.99999999999994, 559.0, 625.0, 699.0]
scores: [0.7854344171363465, 0.7931790556404171, 0.8972478603763459, 0.7838171089082409, 0.7690851173114133, 0.8768172466109596, 0.8126951762981716, 0.8004747722083241, 0.7804172726016408, 0.8758115996488416]
