training_data_sizes: [0.1, 0.2, 0.3, 0.4, 0.5, 0.6, 0.7, 0.8, 0.9, 1.0]
times: [2.64, 4.81, 6.28, 8.63, 10.3, 13.09, 14.53, 16.67, 18.7, 20.61]
scores: [0.4390144316832741, 0.44009141633421917, 0.43378635439996227, 0.43508787965698376, 0.4292841108628706, 0.4318053809558349, 0.43093824123769436, 0.4341884084746705, 0.4351365640897611, 0.4351369237672551]
