training_data_sizes: [0.1, 0.2, 0.3, 0.4, 0.5, 0.6, 0.7, 0.8]
times: [180.93, 359.31, 530.38, 704.8, 878.34, 1053.45, 1227.39, 1406.79]
scores: [0.980385644630761, 0.8376281465729947, 1.0, 1.0, 0.8683371928076681, 0.9506709141386351, 0.8986974564526844, 1.0]
