training_data_sizes: [0.1, 0.2, 0.3]
times: [39.0, 77.0, 112.0]
scores: [0.808450731333062, 0.8954057359962706, 0.8990554082502811]
