training_data_sizes: [0.1, 0.2, 0.3]
times: [438.45, 870.84, 1309.33]
scores: [0.8603067565209442, 0.8409415293855054, 0.8052729473898107]
