training_data_sizes: [0.1, 0.2]
times: [506.98, 1005.6]
scores: [0.8988669634288071, 0.8943409565087832]
