training_data_sizes: [0.1, 0.2]
times: [352.25, 709.46]
scores: [0.9762625959128957, 0.9510440726008709]
