training_data_sizes: [0.1, 0.2, 0.3, 0.4, 0.5, 0.6, 0.7]
times: [188.14, 378.12, 565.61, 751.61, 936.17, 1117.9, 1302.43]
scores: [0.7716679191297444, 0.8428029080562278, 0.7954959117574637, 0.8126141321859645, 0.9880157464619955, 1.0, 1.0]
