training_data_sizes: [0.1, 0.2, 0.3, 0.4, 0.5, 0.6, 0.7, 0.8, 0.9]
times: [21.0, 56.0, 89.0, 114.0, 143.0, 176.0, 208.0, 232.0, 269.0]
scores: [0.9017610847262651, 0.7583024530786988, 0.8957702127147438, 1.0, 0.9213223521031396, 1.0, 0.9692783779606988, 1.0, 0.9848758366900815]
