training_data_sizes: [0.1, 0.2, 0.3]
times: [401.82, 804.3, 1209.73]
scores: [0.9574493050754465, 0.8905732852718931, 0.9916393699977197]
