training_data_sizes: [0.1, 0.2, 0.3, 0.4]
times: [52.0, 112.0, 175.0, 234.0]
scores: [0.8874503012517296, 0.7858060338476871, 0.8230983275634183, 0.8107203998741728]
