training_data_sizes: [0.1, 0.2, 0.3, 0.4, 0.5, 0.6, 0.7, 0.8]
times: [8.0, 17.0, 27.0, 38.0, 43.0, 58.0, 60.0, 70.0]
scores: [0.9246084226374252, 0.8752990970938213, 0.981366265029381, 0.9839441772133779, 1.0, 0.8865271440473981, 0.9273555894455491, 1.0]
