training_data_sizes: [0.1, 0.2, 0.3, 0.4]
times: [256.99, 501.4, 751.65, 1002.54]
scores: [0.7098723186108432, 0.6868429382521734, 0.7762468446898245, 0.9525991146298296]
