training_data_sizes: [0.1, 0.2, 0.3, 0.4, 0.5, 0.6]
times: [74.0, 153.0, 239.0, 314.0, 392.0, 470.0]
scores: [0.9117819679114328, 0.9212953247830432, 0.871192251448603, 0.9310847121221952, 1.0, 1.0]
