training_data_sizes: [0.1, 0.2, 0.3, 0.4, 0.5, 0.6]
times: [241.01, 470.88, 706.2, 933.93, 1170.62, 1400.38]
scores: [0.8362072852086322, 0.9483112458413383, 0.9290650942470119, 0.9252614783431066, 0.8353543191216408, 1.0]
