training_data_sizes: [0.1, 0.2, 0.3, 0.4, 0.5, 0.6, 0.7, 0.8]
times: [113.12, 232.39, 346.59, 457.54, 568.17, 676.07, 788.02, 901.16]
scores: [0.6570715412659968, 0.7154039169167463, 0.7107245198576557, 0.6732305839788203, 0.6198030644979269, 0.6161405455234051, 0.5680270278753163, 0.5842899878008472]
