training_data_sizes: [0.1, 0.2, 0.3, 0.4, 0.5, 0.6]
times: [43.0, 95.0, 144.0, 195.0, 248.0, 299.0]
scores: [0.5281129797721665, 0.6502515086894941, 0.5315369840194423, 0.7283063434114072, 0.6831607720543559, 0.7823641601065872]
