training_data_sizes: [0.1, 0.2, 0.3, 0.4, 0.5, 0.6, 0.7, 0.8, 0.9, 1.0]
times: [53.0, 115.0, 178.0, 233.0, 291.0, 355.0, 417.0, 472.0, 537.0, 595.0]
scores: [0.7088772909634652, 0.8206077205827271, 0.8119923500392663, 0.7689966035292454, 0.8676439076656595, 0.8433770165723342, 0.8975842814473993, 0.8360548325148179, 0.8362801897175731, 0.7509699727790375]
