training_data_sizes: [0.1, 0.2]
times: [501.08, 1005.97]
scores: [0.5397051965281606, 0.6335405195663286]
