training_data_sizes: [0.1, 0.2, 0.3, 0.4, 0.5, 0.6, 0.7, 0.8, 0.9]
times: [57.0, 114.0, 174.0, 231.0, 298.0, 356.0, 419.0, 471.0, 532.0]
scores: [0.8993486423322182, 0.9635664388125218, 1.0, 0.9548464449204859, 1.0, 0.9882054820457916, 1.0, 1.0, 1.0]
