training_data_sizes: [0.1, 0.2, 0.3, 0.4, 0.5, 0.6, 0.7, 0.8, 0.9]
times: [68.25, 137.34, 205.48, 275.52, 340.72, 404.95, 473.24, 535.65, 602.74]
scores: [0.7147447183324811, 0.7317468530780752, 0.6004022800686395, 0.555656072762084, 0.707119713486577, 0.6338851224738324, 0.6245353716386288, 0.5371231052083394, 0.5817848674695253]
