training_data_sizes: [0.1, 0.2]
times: [106.0, 214.0]
scores: [0.8780361712805806, 0.899013815675473]
