training_data_sizes: [0.1, 0.2]
times: [509.31, 1006.86]
scores: [0.7186354050165807, 0.6348751060271755]
