training_data_sizes: [0.1, 0.2]
times: [509.54, 1006.99]
scores: [0.7940324292951473, 0.8620255786594317]
