training_data_sizes: [0.1, 0.2, 0.3, 0.4, 0.5, 0.6, 0.7, 0.8, 0.9]
times: [112.09, 225.78, 336.92, 450.9, 562.27, 668.17, 784.13, 892.34, 1005.9]
scores: [0.892742549313535, 0.775584126534379, 0.9100469943148772, 0.8041889801358455, 0.9209480303664381, 0.835014864143234, 0.8412387033329684, 0.9479303244132725, 0.8596811400968073]
