training_data_sizes: [0.1, 0.2, 0.3, 0.4, 0.5, 0.6, 0.7, 0.8, 0.9, 1.0]
times: [100.62, 204.11, 300.7, 409.79, 506.06, 600.61, 701.0, 803.9, 902.59, 1007.48]
scores: [0.9261008755407552, 1.0, 1.0, 0.9093064988932756, 0.8891712932678484, 1.0, 1.0, 1.0, 1.0, 0.9670943434188949]
