training_data_sizes: [0.1, 0.2, 0.3, 0.4, 0.5, 0.6, 0.7]
times: [105.56, 202.41, 305.73, 407.83, 506.96, 606.72, 703.44]
scores: [0.7753552595675854, 0.808774839671083, 0.9522612707629143, 0.8217499992323172, 0.879336091969491, 1.0, 0.9892998539754703]
