training_data_sizes: [0.1, 0.2, 0.3, 0.4, 0.5, 0.6, 0.7, 0.8, 0.9, 1.0]
times: [110.0, 232.0, 354.0, 475.0, 599.0, 710.0, 834.0, 957.0, 1071.0, 1197.0]
scores: [0.8006485014026776, 0.871312656960147, 0.9676046193247545, 0.8209445855727548, 0.8838792050726999, 0.9464036886002929, 0.8486122094861128, 0.9977062788616303, 0.9174620243603089, 0.8984182801756219]
