training_data_sizes: [0.1, 0.2, 0.3, 0.4]
times: [176.24, 351.78, 529.58, 708.69]
scores: [0.7611393223015597, 0.8756680314154242, 0.7762350601686809, 0.8531596437810214]
