training_data_sizes: [0.1, 0.2, 0.3, 0.4, 0.5, 0.6, 0.7, 0.8]
times: [134.81, 252.57, 382.38, 507.17, 634.72, 757.15, 878.81, 1009.2]
scores: [0.5292302149171941, 0.6416558285436531, 0.6344449104274299, 0.5524572068135307, 0.5881224398350974, 0.5612649012733769, 0.5467180893112276, 0.48472412887630134]
