training_data_sizes: [0.1, 0.2, 0.3, 0.4, 0.5, 0.6, 0.7]
times: [101.0, 216.0, 329.0, 432.0, 540.0, 654.0, 767.0]
scores: [0.9197083109669556, 0.8465611964320741, 0.9423438455516808, 0.8962717517292675, 0.8822034745387612, 0.9061082010083805, 0.9633241886037527]
