training_data_sizes: [0.1, 0.2]
times: [409.47, 800.59]
scores: [0.8248114600745724, 0.916112109022684]
