training_data_sizes: [0.1, 0.2, 0.3, 0.4, 0.5, 0.6, 0.7, 0.8, 0.9, 1.0]
times: [0.03, 0.03, 0.03, 0.04, 0.05, 0.05, 0.06, 0.06, 0.06, 0.07]
scores: [0.6519466474405191, 0.5708862904592442, 0.5459816033637281, 0.5903570765935195, 0.5695142559234889, 0.5797529162671782, 0.5870496864491919, 0.5773604749454482, 0.5746293914573886, 0.5690348525469169]
