training_data_sizes: [0.1, 0.2, 0.3, 0.4, 0.5, 0.6, 0.7]
times: [90.12, 175.6, 266.67, 350.24, 428.86, 523.18, 605.7]
scores: [0.9608015334804447, 0.8258904779951266, 0.8024409604850746, 0.8688204050476371, 0.8313072766080628, 0.908252778418195, 0.9581214656686899]
