training_data_sizes: [0.1, 0.2, 0.3, 0.4, 0.5, 0.6, 0.7, 0.8, 0.9]
times: [115.17, 230.6, 338.89, 450.83, 563.36, 676.42, 781.77, 889.22, 1006.08]
scores: [0.5533761984166283, 0.6452039538787082, 0.7085915304036771, 0.6737516427840229, 0.5856221149850064, 0.6502040581759292, 0.6492116652494481, 0.5855039332115107, 0.5147619350499695]
