training_data_sizes: [0.1, 0.2, 0.3, 0.4, 0.5]
times: [114.0, 239.0, 356.0, 471.0, 595.0]
scores: [0.7464512613736092, 0.8961712759983109, 0.9107852861573824, 0.9135177451070046, 0.7490964350778497]
