training_data_sizes: [0.1, 0.2, 0.3, 0.4]
times: [252.31, 502.16, 755.36, 1003.96]
scores: [0.8792769727665151, 0.881051024193511, 0.906749775342759, 1.0]
