training_data_sizes: [0.1, 0.2, 0.3, 0.4, 0.5, 0.6, 0.7, 0.8, 0.9, 1.0]
times: [4.56, 9.12, 11.33, 15.33, 16.11, 17.04, 20.27, 22.83, 26.98, 24.42]
scores: [0.2469186504091081, 0.25311959153611885, 0.25465981291279227, 0.255203523724165, 0.25508248260751487, 0.2557308033600063, 0.2551866418495671, 0.2547497448752214, 0.25364345188387727, 0.2535380575773055]
