training_data_sizes: [0.1, 0.2, 0.3, 0.4, 0.5, 0.6, 0.7, 0.8, 0.9, 1.0]
times: [120.69, 247.25, 362.51, 489.94, 600.12, 729.51, 849.89, 966.6, 1084.37, 1205.74]
scores: [0.9127351076716205, 0.8124136147719621, 0.8593743978237228, 0.8463745401888811, 0.9502192984365045, 0.9427263876843303, 0.9298429554309465, 0.9426533350217773, 1.0, 1.0]
