training_data_sizes: [0.1, 0.2, 0.3, 0.4, 0.5, 0.6, 0.7, 0.8, 0.9]
times: [120.16, 231.71, 337.74, 449.09, 562.28, 673.87, 781.71, 897.54, 1005.12]
scores: [0.768964963405429, 0.8387531596213715, 0.9916777132037267, 0.848867849568304, 0.9766129835213286, 1.0, 1.0, 1.0, 1.0]
