training_data_sizes: [0.1, 0.2]
times: [284.43, 1008.83]
scores: [0.31737939950239735, 0.33234670215150486]
