training_data_sizes: [0.1, 0.2, 0.3, 0.4, 0.5, 0.6, 0.7, 0.8, 0.9]
times: [55.0, 119.0, 171.0, 238.0, 290.0, 357.0, 415.0, 477.0, 537.0]
scores: [0.8502396098018096, 0.8767552519596846, 0.9732647994867085, 1.0, 1.0, 0.9966727181604471, 1.0, 1.0, 1.0]
