training_data_sizes: [0.1, 0.2, 0.3, 0.4, 0.5, 0.6]
times: [241.44, 469.5, 709.61, 939.8, 1167.19, 1401.15]
scores: [0.7639284681977676, 0.9047576425481749, 0.8335821185774713, 0.9311426822786719, 0.8976318721633354, 1.0]
