training_data_sizes: [0.1, 0.2, 0.3, 0.4, 0.5, 0.6]
times: [49.0, 90.0, 141.0, 190.0, 241.0, 292.0]
scores: [0.9064209087456069, 0.9894024880765175, 1.0, 0.8530967887171365, 0.8494873633920978, 0.922892338246669]
