training_data_sizes: [0.1, 0.2]
times: [600.85, 1202.26]
scores: [0.7813746420500459, 0.8530196809531599]
