training_data_sizes: [0.1, 0.2, 0.3, 0.4, 0.5, 0.6, 0.7]
times: [146.59, 291.53, 430.11, 578.3, 715.58, 859.82, 1009.34]
scores: [0.8115609218759112, 0.8319667028736791, 0.8608991776829058, 0.983783187268805, 0.9534607532169934, 0.8579775712483484, 0.9237129263964337]
