training_data_sizes: [0.1, 0.2]
times: [8.0, 13.0]
scores: [0.4279739005055488, 0.599486550340475]
