training_data_sizes: [0.1, 0.2, 0.3, 0.4, 0.5, 0.6, 0.7, 0.8, 0.9, 1.0]
times: [105.46, 207.86, 303.32, 404.62, 509.9, 606.19, 702.07, 808.37, 901.89, 1008.79]
scores: [0.7744721591474878, 0.8626856553291509, 0.8828625922384234, 0.9426690819338555, 1.0, 1.0, 1.0, 0.9388379558140825, 1.0, 1.0]
