training_data_sizes: [0.1, 0.2, 0.3, 0.4, 0.5, 0.6, 0.7]
times: [103.16, 205.96, 302.2, 403.69, 504.45, 608.26, 703.29]
scores: [0.8320673886903972, 0.7825959957287651, 0.7706634811225284, 0.954335796173257, 0.9791269776335048, 0.866163255292159, 1.0]
