training_data_sizes: [0.1, 0.2, 0.3, 0.4, 0.5, 0.6, 0.7, 0.8]
times: [29.0, 57.0, 88.0, 119.0, 145.0, 175.0, 203.0, 237.0]
scores: [0.6089023015815317, 0.6919345028867768, 0.6821881759647822, 0.7550090935166052, 0.8065420842331963, 0.7789786407787069, 0.859607068230573, 0.9526490128326268]
