training_data_sizes: [0.1, 0.2, 0.3, 0.4]
times: [39.0, 71.0, 112.0, 155.0]
scores: [0.787067543989931, 0.748064269037765, 0.7216872809785286, 0.881634824034252]
