training_data_sizes: [0.1, 0.2, 0.3]
times: [334.13, 670.07, 1003.85]
scores: [0.8549493572248597, 0.891761540317505, 0.9974538195880399]
