training_data_sizes: [0.1, 0.2, 0.3]
times: [334.0, 673.39, 1008.58]
scores: [0.9487186771777686, 0.9117308168032559, 0.8081339262432174]
