training_data_sizes: [0.1, 0.2]
times: [20.0, 50.0]
scores: [0.6056083648790819, 0.4727366720700423]
