training_data_sizes: [0.1, 0.2, 0.3, 0.4, 0.5, 0.6, 0.7, 0.8, 0.9, 1.0]
times: [16.0, 39.0, 59.0, 70.0, 99.0, 119.0, 133.0, 156.0, 177.0, 192.0]
scores: [0.85145408682144, 0.8893404192150328, 0.8510189568236571, 0.9014060473520034, 0.936927423340078, 0.8335654587487737, 0.9547138651601176, 0.8238346147229954, 0.9565509611087666, 0.8715012187608284]
