training_data_sizes: [0.1, 0.2, 0.3, 0.4, 0.5, 0.6]
times: [168.67, 343.25, 508.38, 669.43, 841.47, 1000.97]
scores: [0.9873250843212584, 0.8692609176177943, 0.9903373158955435, 0.9051307949956802, 0.9089780500472406, 0.9517138336555162]
