training_data_sizes: [0.1, 0.2, 0.3, 0.4, 0.5, 0.6]
times: [6.0, 19.0, 25.0, 38.0, 44.0, 51.0]
scores: [0.49167657451290153, 0.49512123111613304, 0.6176400204983873, 0.6037319099137457, 0.4373411394291268, 0.4945004685696179]
