training_data_sizes: [0.1, 0.2, 0.3, 0.4, 0.5]
times: [83.0, 176.0, 268.0, 359.0, 448.0]
scores: [0.9571106884303044, 0.9754200319408186, 0.8600378453576292, 0.9569870661571771, 0.9462828683000799]
