training_data_sizes: [0.1, 0.2]
times: [604.79, 1200.82]
scores: [0.8674812570313197, 0.9536506512757221]
