training_data_sizes: [0.1, 0.2, 0.3, 0.4, 0.5, 0.6, 0.7, 0.8, 0.9]
times: [55.0, 110.0, 170.0, 235.0, 298.0, 350.0, 418.0, 473.0, 530.0]
scores: [0.8387228559063603, 0.8921302571360661, 0.9566858507695765, 0.9133921234669492, 1.0, 0.9332007662382342, 0.9709418015334635, 0.9573087300991254, 1.0]
