training_data_sizes: [0.1, 0.2, 0.3, 0.4, 0.5]
times: [228.8, 449.53, 664.93, 887.07, 1100.74]
scores: [0.8451053392384367, 0.8347102993039792, 0.7137231127219879, 0.8241428014233454, 0.7069418486257621]
