training_data_sizes: [0.1, 0.2, 0.3, 0.4, 0.5, 0.6, 0.7, 0.8, 0.9]
times: [107.92, 206.16, 307.58, 400.33, 509.2, 600.76, 706.11, 802.76, 909.78]
scores: [0.8218418558532734, 0.9468300541496533, 0.8653805567071573, 0.9924750321359924, 0.8731313373301581, 0.8767812559276732, 0.9980458350751619, 0.9994537288035239, 0.996123653517994]
