training_data_sizes: [0.1, 0.2]
times: [450.93, 906.05]
scores: [0.7298530933863508, 0.6735662479523549]
