training_data_sizes: [0.1, 0.2, 0.3]
times: [473.26, 936.86, 1408.73]
scores: [0.9681811532270626, 0.8606493588572652, 1.0]
