training_data_sizes: [0.1, 0.2, 0.3, 0.4, 0.5, 0.6, 0.7, 0.8, 0.9, 1.0]
times: [1.21, 2.02, 3.25, 4.57, 6.51, 8.01, 11.23, 13.41, 17.32, 20.85]
scores: [0.6075765201885097, 0.634007759552057, 0.637739717190743, 0.6448078070938783, 0.6575890066499599, 0.6649937547752396, 0.6740950512667511, 0.6684574965917409, 0.6687475416447248, 0.6757768097869276]
