training_data_sizes: [0.1, 0.2, 0.3, 0.4, 0.5]
times: [148.55, 284.19, 429.11, 568.82, 703.18]
scores: [0.9457939570281964, 0.9912296404442987, 0.9158836310756837, 0.8512535081699373, 0.9540347841027518]
