training_data_sizes: [0.1, 0.2, 0.3, 0.4, 0.5, 0.6, 0.7, 0.8, 0.9, 1.0]
times: [109.18, 209.0, 303.88, 405.4, 501.8, 606.47, 702.25, 801.53, 908.6, 1007.38]
scores: [0.9583529420198125, 0.975789892121523, 0.932055990184171, 1.0, 1.0, 1.0, 1.0, 1.0, 1.0, 1.0]
