training_data_sizes: [0.1, 0.2, 0.3, 0.4, 0.5]
times: [127.6, 243.92, 361.34, 484.65, 607.81]
scores: [0.9239369998231539, 0.8568141354579986, 0.9236174048320174, 0.8834937002631811, 0.8860412634369397]
