training_data_sizes: [0.1, 0.2, 0.3, 0.4, 0.5, 0.6, 0.7, 0.8]
times: [79.0, 152.0, 232.0, 311.0, 398.0, 479.0, 558.0, 630.0]
scores: [0.9962571182928622, 0.9806630800121361, 0.983593559645445, 1.0, 1.0, 1.0, 1.0, 1.0]
