training_data_sizes: [0.1, 0.2, 0.3, 0.4, 0.5, 0.6, 0.7, 0.8, 0.9]
times: [136.9, 270.81, 406.79, 537.84, 675.42, 808.6, 942.89, 1072.88, 1209.5]
scores: [0.9642026081503111, 1.0, 0.8968523984531765, 1.0, 0.9505632583966492, 0.9954749432239578, 0.984212180444167, 1.0, 1.0]
