training_data_sizes: [0.1, 0.2, 0.3, 0.4, 0.5, 0.6, 0.7, 0.8, 0.9]
times: [164.63, 314.35, 473.26, 629.66, 779.37, 937.55, 1094.05, 1244.85, 1406.48]
scores: [0.8988205697331811, 1.0, 0.8890009005260322, 0.997195168846808, 1.0, 1.0, 1.0, 1.0, 1.0]
