training_data_sizes: [0.1, 0.2, 0.3, 0.4, 0.5, 0.6]
times: [138.0, 278.0, 412.0, 554.0, 692.0, 838.0]
scores: [0.634173536290904, 0.651836482263277, 0.6121325020828478, 0.734168805457448, 0.8261367920453664, 0.8998718018146963]
