training_data_sizes: [0.1, 0.2, 0.3, 0.4, 0.5, 0.6, 0.7, 0.8, 0.9, 1.0]
times: [0.03, 0.02, 0.02, 0.03, 0.03, 0.04, 0.04, 0.05, 0.05, 0.05]
scores: [1.0, 1.0, 1.0, 0.9997888290571217, 0.9985668686079083, 0.9962257368799425, 0.9958098639923065, 0.9945531072047538, 0.9930079393720679, 0.99232900063925]
