training_data_sizes: [0.1, 0.2, 0.3, 0.4, 0.5]
times: [248.18, 483.38, 720.7, 962.36, 1201.68]
scores: [0.7185879326759784, 0.7363326324768477, 0.7519712146475621, 0.7360986657234423, 0.636904503772413]
