training_data_sizes: [0.1, 0.2, 0.3, 0.4]
times: [253.83, 501.35, 751.9, 1002.56]
scores: [0.924634150469443, 0.9188286780468977, 0.896445993298655, 0.8201463944666969]
