training_data_sizes: [0.1, 0.2, 0.3, 0.4, 0.5, 0.6, 0.7, 0.8, 0.9, 1.0]
times: [148.78, 280.65, 422.81, 566.2, 706.92, 846.07, 984.39, 1122.05, 1269.49, 1407.0]
scores: [0.8083557144070256, 0.8963282083577739, 0.9080719588295467, 0.7562645069846601, 0.9485767243947698, 0.8772744513465582, 0.8313524408931812, 0.8955830331306285, 0.8080734983118215, 0.9227247745097573]
