training_data_sizes: [0.1, 0.2, 0.3, 0.4, 0.5, 0.6, 0.7, 0.8]
times: [109.87, 208.81, 306.69, 401.63, 507.21, 608.47, 705.58, 805.55]
scores: [0.7610229106322408, 0.9134648860288599, 0.8377161334544837, 0.8571336974347288, 1.0, 0.9570515915668605, 1.0, 1.0]
