training_data_sizes: [0.1, 0.2, 0.3]
times: [237.37, 475.89, 704.53]
scores: [0.634071591475455, 0.6020126695502885, 0.6358078381616664]
