training_data_sizes: [0.1, 0.2, 0.3, 0.4, 0.5, 0.6, 0.7, 0.8]
times: [26.0, 58.0, 86.0, 117.0, 141.0, 177.0, 204.0, 237.0]
scores: [0.8517043990292614, 0.8746118263624527, 0.8353003845476745, 0.9866265858952554, 0.9749145676079563, 0.9657039119651928, 0.9524614691169562, 1.0]
