training_data_sizes: [0.1, 0.2, 0.3, 0.4, 0.5, 0.6, 0.7]
times: [102.11, 200.45, 304.5, 401.15, 503.4, 605.02, 702.12]
scores: [0.8375399236506272, 0.7541316349420406, 0.8853733569173607, 0.8697380287264407, 0.8222534534808706, 0.7258156622051293, 0.7688312600671536]
