training_data_sizes: [0.1, 0.2, 0.3, 0.4]
times: [59.0, 115.0, 177.0, 239.0]
scores: [0.8365903864596915, 0.8125249648507682, 0.9489496541473054, 0.8425754370738909]
