training_data_sizes: [0.1, 0.2, 0.3, 0.4, 0.5, 0.6, 0.7, 0.8, 0.9]
times: [50.0, 119.0, 174.0, 230.0, 295.0, 359.0, 419.0, 471.0, 533.0]
scores: [0.7916194020913712, 0.8053303566404997, 0.8737903493311723, 0.8146986029389354, 0.852152904452774, 0.9982194513863963, 1.0, 0.9876434887491319, 1.0]
