training_data_sizes: [0.1, 0.2, 0.3, 0.4, 0.5, 0.6, 0.7]
times: [115.0, 233.0, 355.0, 475.0, 594.0, 717.0, 838.0]
scores: [0.8553991569431375, 0.8736300855592202, 0.930086714124589, 0.7458112012277074, 0.9113195801160472, 0.8789567594873902, 0.7566570784421439]
