training_data_sizes: [0.1, 0.2, 0.3]
times: [62.0, 135.0, 207.0]
scores: [0.8430528130350903, 0.6678888259046811, 0.6792199379419531]
