training_data_sizes: [0.1, 0.2, 0.3, 0.4]
times: [8.0, 14.0, 29.0, 36.0]
scores: [0.6149157309741105, 0.5743430301196403, 0.621617179143188, 0.8433248052084242]
