training_data_sizes: [0.1, 0.2, 0.3]
times: [123.0, 253.0, 389.0]
scores: [0.732355947477335, 0.7293797791607896, 0.8005076515502302]
