training_data_sizes: [0.1, 0.2, 0.3, 0.4, 0.5, 0.6, 0.7, 0.8, 0.9]
times: [36.0, 74.0, 118.0, 152.0, 190.0, 233.0, 271.0, 314.0, 352.0]
scores: [0.9810174744679222, 0.8205762443408355, 0.902381113627513, 0.8680102681989355, 0.9871525872367735, 1.0, 1.0, 1.0, 1.0]
