training_data_sizes: [0.1, 0.2, 0.3, 0.4, 0.5, 0.6, 0.7, 0.8, 0.9, 1.0]
times: [110.0, 233.0, 353.0, 470.0, 596.0, 712.0, 830.0, 955.0, 1079.0, 1196.0]
scores: [0.9263069116089281, 0.8165022153266436, 0.8676189898228137, 0.899404930660916, 1.0, 1.0, 1.0, 1.0, 1.0, 1.0]
