training_data_sizes: [0.1, 0.2]
times: [115.0, 234.0]
scores: [0.7079323389135231, 0.6907300347684707]
