training_data_sizes: [0.1, 0.2, 0.3, 0.4, 0.5, 0.6]
times: [153.39, 305.39, 452.95, 602.31, 752.79, 908.17]
scores: [1.0, 0.9255946075947388, 1.0, 1.0, 1.0, 0.9418376001098782]
