training_data_sizes: [0.1, 0.2, 0.3, 0.4, 0.5, 0.6, 0.7, 0.8, 0.9]
times: [23.0, 59.0, 83.0, 119.0, 142.0, 171.0, 202.0, 234.0, 262.0]
scores: [0.6210202507917059, 0.5711238629974096, 0.48950037478204084, 0.6647011054903367, 0.6148905122935457, 0.7771966157944509, 0.7610476101473544, 0.8993754681060868, 0.9188296811449055]
