training_data_sizes: [0.1, 0.2, 0.3, 0.4, 0.5, 0.6, 0.7]
times: [93.53, 181.17, 258.94, 344.79, 431.28, 523.47, 607.85]
scores: [0.8486418216708465, 0.9354381226584141, 0.9872035482675539, 0.9494597081841668, 1.0, 0.9402944311740646, 1.0]
