training_data_sizes: [0.1, 0.2, 0.3]
times: [12.0, 34.0, 58.0]
scores: [0.89741498427455, 0.9967411408337177, 1.0]
