training_data_sizes: [0.1, 0.2, 0.3, 0.4, 0.5, 0.6, 0.7, 0.8, 0.9]
times: [112.13, 230.2, 337.68, 453.86, 563.72, 673.47, 782.39, 898.36, 1001.04]
scores: [0.7881019802622404, 0.8392745995776063, 0.9286799548926958, 1.0, 1.0, 1.0, 1.0, 1.0, 1.0]
