training_data_sizes: [0.1, 0.2]
times: [604.63, 1208.3]
scores: [0.9300861502745812, 0.9836242983394947]
