training_data_sizes: [0.1, 0.2, 0.3, 0.4, 0.5, 0.6, 0.7]
times: [6.0, 19.0, 21.0, 37.0, 44.0, 52.0, 64.0]
scores: [0.7634611861084235, 0.7066903942512577, 0.8576324947324723, 0.7240011550457754, 0.7407494491765785, 0.8045758654354949, 0.816196738538598]
