training_data_sizes: [0.1, 0.2, 0.3, 0.4, 0.5, 0.6, 0.7, 0.8, 0.9, 1.0]
times: [0.56, 1.0, 1.78, 2.48, 3.03, 3.69, 4.4, 5.05, 5.78, 6.67]
scores: [0.49330544720767233, 0.5610581657265463, 0.5712976226541961, 0.5908977795243255, 0.6021725753769994, 0.6023722703260295, 0.6048015950512468, 0.6060695258739905, 0.6204635532220375, 0.621751581188615]
