training_data_sizes: [0.1, 0.2, 0.3, 0.4, 0.5, 0.6, 0.7]
times: [25.0, 50.0, 86.0, 118.0, 142.0, 170.0, 203.0]
scores: [0.6116139986719451, 0.6483604395040503, 0.6079351163724805, 0.6711184745113495, 0.6410271949117567, 0.5445777764330965, 0.6412533097842837]
