training_data_sizes: [0.1, 0.2, 0.3, 0.4]
times: [253.07, 502.33, 750.98, 1009.05]
scores: [0.8762561512982251, 0.8582317702741624, 0.9774480682624302, 0.9658856595611287]
