training_data_sizes: [0.1, 0.2, 0.3, 0.4]
times: [80.0, 172.0, 262.0, 358.0]
scores: [0.9838131731847642, 0.947060003231183, 0.9697303935259264, 0.9901385568135213]
