training_data_sizes: [0.1, 0.2]
times: [28.0, 52.0]
scores: [0.828591488651419, 0.8794411694397755]
