training_data_sizes: [0.1, 0.2, 0.3]
times: [84.0, 175.0, 263.0]
scores: [0.745450061549063, 0.9091310815610261, 0.9243125669134613]
