training_data_sizes: [0.1, 0.2, 0.3, 0.4, 0.5, 0.6, 0.7, 0.8, 0.9, 1.0]
times: [85.99, 172.46, 262.42, 357.61, 427.26, 520.04, 600.55, 687.46, 769.19, 864.57]
scores: [0.7855827690430015, 0.6392753047159717, 0.6117223363990204, 0.5836555557120434, 0.5783222708068108, 0.5733275747317738, 0.5697095836619631, 0.5689898630418727, 0.5563245122929917, 0.5559609022280894]
