training_data_sizes: [0.1, 0.2, 0.3]
times: [335.54, 672.01, 1003.8]
scores: [0.8706892411117875, 0.9945550186127925, 0.9607258661658602]
