training_data_sizes: [0.1, 0.2, 0.3, 0.4, 0.5, 0.6, 0.7, 0.8, 0.9, 1.0]
times: [132.74, 266.08, 391.13, 523.17, 652.11, 786.41, 913.79, 1042.07, 1172.63, 1305.76]
scores: [0.7497013255696408, 0.6324810676085154, 0.7314200843594036, 0.910500450545612, 0.7769755862213048, 0.8452010747553835, 0.9301084656015738, 1.0, 1.0, 0.996219429541281]
