training_data_sizes: [0.1, 0.2, 0.3, 0.4, 0.5, 0.6, 0.7]
times: [130.53, 261.53, 385.86, 517.04, 646.94, 774.95, 907.14]
scores: [0.6169138717880728, 0.7163253018920608, 0.7429171104158406, 0.7964645565279049, 0.8235617296603519, 0.8268193722790955, 0.8977505798773572]
