training_data_sizes: [0.1, 0.2, 0.3, 0.4, 0.5, 0.6, 0.7, 0.8, 0.9]
times: [53.0, 113.0, 171.0, 234.0, 295.0, 350.0, 411.0, 475.0, 535.0]
scores: [0.9252718680650758, 0.9701389467282855, 1.0, 0.9040060990867065, 0.9332251264942478, 0.9979368532963921, 1.0, 1.0, 1.0]
