training_data_sizes: [0.1, 0.2, 0.3, 0.4, 0.5, 0.6, 0.7, 0.8]
times: [122.37, 227.9, 347.02, 450.72, 566.9, 682.46, 793.02, 902.62]
scores: [0.7034991219185283, 0.8670140639060886, 0.7294046121605113, 0.7523907310656999, 0.829407708343974, 0.6857990350095511, 0.8031331813414555, 0.6715501976369838]
