training_data_sizes: [0.1, 0.2, 0.3, 0.4, 0.5, 0.6, 0.7, 0.8, 0.9, 1.0]
times: [37.0, 71.0, 116.0, 154.0, 192.0, 236.0, 273.0, 318.0, 354.0, 395.0]
scores: [0.8766577958137336, 1.0, 0.911965920149977, 0.959214472141964, 0.9899713644448378, 1.0, 1.0, 1.0, 1.0, 1.0]
