training_data_sizes: [0.1, 0.2, 0.3, 0.4, 0.5, 0.6, 0.7, 0.8, 0.9]
times: [135.92, 267.94, 408.03, 539.06, 676.13, 809.07, 933.6, 1076.26, 1206.66]
scores: [0.6282113639230095, 0.6511194766638576, 0.8721885502957074, 0.7601260645922981, 0.9062517169109408, 0.9774234622767178, 1.0, 1.0, 1.0]
