training_data_sizes: [0.1, 0.2, 0.3, 0.4, 0.5, 0.6]
times: [186.0, 376.44, 554.13, 742.8, 920.27, 1104.4]
scores: [0.5039472768712723, 0.534665920158555, 0.5597646306193529, 0.5960096315996574, 0.8016333893350771, 0.8602631481812104]
