training_data_sizes: [0.1, 0.2, 0.3]
times: [91.0, 194.0, 299.0]
scores: [0.7894863249870063, 0.9542672153816514, 0.9265379237346202]
