training_data_sizes: [0.1, 0.2, 0.3, 0.4]
times: [280.08, 554.22, 832.0, 1104.21]
scores: [0.8636374831919537, 0.7653774764549381, 0.7270733673959471, 0.8678460695084853]
