training_data_sizes: [0.1, 0.2, 0.3, 0.4, 0.5, 0.6, 0.7, 0.8, 0.9, 1.0]
times: [2.47, 3.04, 3.58, 4.1, 4.67, 5.06, 5.62, 6.19, 6.83, 7.43]
scores: [0.8768785144776998, 0.8398231707461274, 0.8342514977399502, 0.8243381234439273, 0.820219914174517, 0.8051262795447789, 0.7963465325871348, 0.7848159019869785, 0.782580670512308, 0.7741139559571433]
