training_data_sizes: [0.1, 0.2, 0.3, 0.4, 0.5, 0.6, 0.7, 0.8, 0.9, 1.0]
times: [113.0, 228.78, 331.88, 442.93, 554.63, 664.75, 771.91, 885.88, 997.77, 1107.92]
scores: [0.5543543501598721, 0.5834319247819723, 0.5359372612085471, 0.7596178261024995, 0.7752468926914682, 0.8279929653256686, 0.9322558499222011, 0.960855192599597, 1.0, 1.0]
