training_data_sizes: [0.1, 0.2, 0.3, 0.4, 0.5, 0.6, 0.7, 0.8, 0.9, 1.0]
times: [127.0, 250.0, 389.0, 518.0, 646.0, 777.0, 900.9999999999999, 1034.0, 1166.0, 1291.0]
scores: [0.8981543550145772, 0.9186669012976288, 1.0, 1.0, 0.9730880367768329, 1.0, 0.977916201833088, 1.0, 0.9851856687370475, 1.0]
