training_data_sizes: [0.1, 0.2, 0.3, 0.4, 0.5, 0.6]
times: [240.68, 470.67, 702.31, 935.0, 1169.68, 1406.86]
scores: [0.9573590302556142, 0.9618718323422135, 0.997089235374374, 1.0, 0.9516853587794366, 1.0]
