training_data_sizes: [0.1, 0.2, 0.3, 0.4]
times: [200.99, 409.64, 601.15, 802.82]
scores: [0.9309597047115437, 0.8584513320796854, 0.8897777371815727, 0.9840724873565929]
