training_data_sizes: [0.1, 0.2, 0.3, 0.4, 0.5, 0.6, 0.7]
times: [203.38, 406.68, 604.1, 803.33, 1001.01, 1201.65, 1400.95]
scores: [0.6632784686790449, 0.6676465880318725, 0.785674747284728, 0.8254859589599254, 0.9520049430544442, 0.8902336716178897, 1.0]
