training_data_sizes: [0.1, 0.2, 0.3, 0.4, 0.5, 0.6, 0.7, 0.8, 0.9]
times: [158.36, 314.65, 472.98, 625.31, 784.96, 943.26, 1097.71, 1253.22, 1401.08]
scores: [0.8731610848715186, 0.9929557351111935, 0.9894278205714255, 0.9913185700146612, 0.9888886971947888, 1.0, 1.0, 1.0, 1.0]
