training_data_sizes: [0.1, 0.2, 0.3, 0.4, 0.5, 0.6, 0.7, 0.8, 0.9, 1.0]
times: [36.0, 77.0, 113.0, 157.0, 191.0, 231.0, 275.0, 317.0, 358.0, 394.0]
scores: [0.8112851813571499, 0.8985436126742705, 0.8942335589875522, 0.832101732085064, 0.853917532936147, 0.9051162801363049, 0.8982595251570308, 0.8094234772549365, 0.9229130627412367, 0.7588121802289572]
