training_data_sizes: [0.1, 0.2, 0.3, 0.4, 0.5, 0.6]
times: [54.0, 111.0, 171.0, 232.0, 296.0, 356.0]
scores: [0.7010099914916041, 0.7107863728900994, 0.5389661751688536, 0.658089546236802, 0.6269297870354854, 0.5991325795311699]
