training_data_sizes: [0.1, 0.2, 0.3, 0.4, 0.5, 0.6, 0.7, 0.8, 0.9]
times: [79.43, 161.72, 242.78, 312.76, 392.52, 472.7, 546.99, 631.4, 705.87]
scores: [0.6315026035778382, 0.6614229816667496, 0.752371444214128, 0.812139018687305, 0.9771478090440118, 0.908940287830447, 0.9752277097925093, 1.0, 1.0]
