training_data_sizes: [0.1, 0.2, 0.3, 0.4, 0.5, 0.6, 0.7, 0.8]
times: [12.0, 36.0, 54.0, 71.0, 92.0, 119.0, 138.0, 153.0]
scores: [0.7932818077947535, 0.8434584793800145, 0.9122307326118315, 1.0, 0.9594427651854817, 1.0, 1.0, 1.0]
