training_data_sizes: [0.1, 0.2, 0.3, 0.4, 0.5, 0.6, 0.7, 0.8, 0.9, 1.0]
times: [13.13, 15.66, 17.44, 19.49, 21.75, 22.86, 24.71, 26.31, 28.02, 29.81]
scores: [0.15900519011968217, 0.15782575447547809, 0.1584929022972128, 0.15762918658299208, 0.15507343831748088, 0.15453778252793193, 0.15187407860612978, 0.1505871251294939, 0.14908229310983057, 0.1483101409215467]
