training_data_sizes: [0.1, 0.2, 0.3, 0.4, 0.5, 0.6]
times: [219.82, 440.08, 651.5, 873.57, 1092.66, 1309.8]
scores: [0.754611791773121, 0.8920895174786054, 0.8736563006834812, 0.7742412750734993, 0.8239141597791324, 0.8604048938362938]
