training_data_sizes: [0.1, 0.2, 0.3, 0.4, 0.5, 0.6, 0.7]
times: [147.27, 285.87, 437.28, 579.29, 718.38, 865.34, 1008.68]
scores: [0.9907434337625292, 1.0, 0.9630112953853824, 0.9536830232035414, 0.9420912634532616, 1.0, 1.0]
