training_data_sizes: [0.1, 0.2, 0.3, 0.4, 0.5, 0.6, 0.7]
times: [158.1, 316.04, 479.07, 634.42, 789.83, 948.03, 1103.85]
scores: [0.7039100890221902, 0.7211668023657898, 0.7052329199649643, 0.8923668307699257, 0.9089238784632699, 0.886888850575939, 0.8672142880622562]
