training_data_sizes: [0.1, 0.2, 0.3, 0.4, 0.5]
times: [60.0, 136.0, 208.0, 275.0, 347.0]
scores: [0.48898685846301587, 0.5780989942031198, 0.6760196426887917, 0.6426049758383291, 0.6664256941401027]
