training_data_sizes: [0.1, 0.2, 0.3, 0.4, 0.5, 0.6, 0.7]
times: [114.0, 237.0, 352.0, 475.0, 593.0, 711.0, 836.0]
scores: [0.8085556027377442, 0.8763007289370164, 0.7913868554801948, 0.8605098400173172, 0.8697896953940055, 0.9209273445261337, 0.9176737497503941]
