training_data_sizes: [0.1, 0.2, 0.3, 0.4, 0.5, 0.6, 0.7, 0.8, 0.9]
times: [145.42, 292.81, 433.61, 582.17, 727.16, 875.52, 1020.04, 1165.18, 1308.08]
scores: [0.8902831498782396, 0.8889529156944167, 0.930541573811675, 0.9193270432975078, 0.9373620527785158, 0.9828106301210794, 0.9965715063525318, 1.0, 1.0]
