training_data_sizes: [0.1, 0.2]
times: [406.75, 801.02]
scores: [0.8142040817845717, 0.9338428295746724]
