training_data_sizes: [0.1, 0.2, 0.3, 0.4, 0.5]
times: [183.38, 361.81, 540.97, 724.66, 903.63]
scores: [0.9480006818279856, 0.8984444378547312, 0.9110654195103627, 0.9339233758097104, 0.9534009481410954]
