training_data_sizes: [0.1, 0.2, 0.3, 0.4, 0.5, 0.6, 0.7, 0.8, 0.9]
times: [73.32, 141.54, 209.54, 266.79, 337.01, 407.7, 472.74, 541.74, 606.42]
scores: [0.8548677362890815, 0.7227868747370798, 0.8084347443317266, 0.7102843857915718, 0.7366499268671298, 0.7595982498730984, 0.6710714604229028, 0.7663551051375814, 0.7997270917524264]
