training_data_sizes: [0.1, 0.2, 0.3, 0.4, 0.5, 0.6, 0.7, 0.8, 0.9]
times: [98.0, 190.0, 294.0, 392.0, 490.0, 598.0, 697.0, 796.0, 894.0]
scores: [0.9337296460365059, 1.0, 0.9336915121040729, 1.0, 1.0, 1.0, 1.0, 1.0, 1.0]
