training_data_sizes: [0.1, 0.2, 0.3, 0.4, 0.5, 0.6, 0.7, 0.8, 0.9, 1.0]
times: [38.0, 76.0, 114.0, 153.0, 192.0, 230.0, 279.0, 311.0, 353.0, 390.0]
scores: [0.9047032510319557, 0.7763928651006149, 0.7861056936928354, 0.8763823925306327, 0.8433574772283506, 0.801558753074206, 0.8913961553340911, 0.9601414860814668, 0.9630402146142722, 0.9591486478829503]
