training_data_sizes: [0.1, 0.2, 0.3]
times: [235.91, 468.57, 705.83]
scores: [0.6828395297359102, 0.7459625822339984, 0.8293042172115316]
