training_data_sizes: [0.1, 0.2, 0.3]
times: [303.19, 605.67, 901.47]
scores: [0.9023368783862691, 0.8818418137861221, 0.9335730886755069]
