training_data_sizes: [0.1, 0.2, 0.3, 0.4, 0.5]
times: [226.99, 443.12, 667.01, 889.67, 1109.04]
scores: [0.9394903391087464, 0.9129468459102466, 0.9736127158909464, 0.8807910371939185, 0.9071932500875568]
