training_data_sizes: [0.1, 0.2, 0.3]
times: [471.78, 936.61, 1404.54]
scores: [0.8606222907640254, 0.915082224334596, 1.0]
