training_data_sizes: [0.1, 0.2]
times: [606.99, 1206.46]
scores: [0.6295243871540535, 0.6582651460427422]
