training_data_sizes: [0.1, 0.2, 0.3, 0.4, 0.5, 0.6, 0.7, 0.8, 0.9, 1.0]
times: [67.57, 128.37, 180.25, 243.88, 308.13, 362.9, 427.43, 483.15, 543.35, 609.22]
scores: [0.8602375844344199, 0.8518558108072074, 0.9960476642948906, 0.9051095923297944, 0.9183015638532253, 1.0, 1.0, 0.990527670507913, 0.9938762476027245, 1.0]
