training_data_sizes: [0.1, 0.2, 0.3, 0.4, 0.5, 0.6, 0.7, 0.8, 0.9]
times: [79.0, 153.0, 230.0, 310.0, 394.0, 476.0, 552.0, 632.0, 716.0]
scores: [0.9270423146457551, 0.9809450073529682, 1.0, 1.0, 1.0, 1.0, 1.0, 1.0, 1.0]
