training_data_sizes: [0.1, 0.2, 0.3, 0.4, 0.5, 0.6, 0.7, 0.8, 0.9]
times: [100.0, 218.0, 328.0, 439.0, 544.0, 651.0, 761.0, 877.0, 989.0]
scores: [0.871072439283894, 0.9167473861888377, 0.9514470307766938, 0.9490291042630288, 0.9399942983211725, 1.0, 1.0, 1.0, 1.0]
