training_data_sizes: [0.1, 0.2, 0.3, 0.4, 0.5]
times: [26.0, 52.0, 87.0, 116.0, 143.0]
scores: [0.6518291757005532, 0.8106567897601316, 0.797870827676134, 0.8910003068763718, 1.0]
