training_data_sizes: [0.1, 0.2, 0.3, 0.4, 0.5]
times: [59.0, 119.0, 176.0, 230.0, 295.0]
scores: [0.5704616845752725, 0.5033040632531401, 0.546602897949936, 0.5300448667273947, 0.5228553145406892]
