training_data_sizes: [0.1, 0.2, 0.3, 0.4, 0.5, 0.6, 0.7, 0.8, 0.9, 1.0]
times: [57.0, 112.0, 171.0, 230.0, 297.0, 359.0, 412.0, 473.0, 538.0, 596.0]
scores: [0.8398761385380633, 0.8436868089340355, 0.8269533034158248, 0.8630838468434693, 0.8217812875470831, 0.7704938357047866, 0.7510666558238748, 0.7229883179955113, 0.7210287906854321, 0.7197843921116902]
