training_data_sizes: [0.1, 0.2]
times: [503.2, 1076.77]
scores: [0.9993607874072576, 0.9972278065217808]
