training_data_sizes: [0.1, 0.2, 0.3, 0.4, 0.5, 0.6, 0.7, 0.8, 0.9, 1.0]
times: [109.51, 207.35, 304.6, 400.39, 508.05, 605.62, 702.96, 800.25, 908.82, 1007.77]
scores: [0.9890371417936786, 1.0, 1.0, 0.9679472400574324, 0.9859378046921858, 0.9387037904182512, 1.0, 0.9804896354140751, 1.0, 1.0]
