training_data_sizes: [0.1, 0.2, 0.3, 0.4]
times: [40.0, 93.0, 145.0, 199.0]
scores: [0.8306820909040519, 0.874879500940599, 1.0, 1.0]
