training_data_sizes: [0.1, 0.2, 0.3, 0.4, 0.5, 0.6, 0.7, 0.8, 0.9, 1.0]
times: [28.0, 59.0, 81.0, 119.0, 144.0, 172.0, 202.0, 236.0, 266.0, 299.0]
scores: [0.6711423130435397, 0.6623539898873045, 0.5284360696797261, 0.6948215183834007, 0.6350025190315539, 0.5888632168090486, 0.5558873702422286, 0.5817610615437796, 0.5134357126453137, 0.6359216635418772]
