training_data_sizes: [0.1, 0.2, 0.3, 0.4, 0.5]
times: [260.66, 524.52, 784.31, 1049.14, 1300.15]
scores: [0.8559535186344318, 0.8165093163194728, 0.9486207158950022, 1.0, 0.9629639825372229]
