training_data_sizes: [0.1, 0.2, 0.3, 0.4, 0.5, 0.6, 0.7, 0.8, 0.9, 1.0]
times: [43.0, 96.0, 140.0, 191.0, 244.0, 292.0, 345.0, 398.0, 442.0, 495.0]
scores: [0.9312882439604508, 0.8516992186491212, 0.9015078738604629, 0.9695506120254022, 1.0, 1.0, 1.0, 1.0, 1.0, 1.0]
