training_data_sizes: [0.1, 0.2, 0.3, 0.4]
times: [25.0, 50.0, 89.0, 111.0]
scores: [0.6946798588404792, 0.619380542143818, 0.6642396622551752, 0.6087242587686262]
