training_data_sizes: [0.1, 0.2, 0.3, 0.4]
times: [255.84, 504.93, 750.92, 1007.05]
scores: [0.7556334297331083, 0.7896218836621797, 0.8801634756385648, 0.8628091049938029]
