training_data_sizes: [0.1, 0.2, 0.3, 0.4, 0.5, 0.6, 0.7, 0.8, 0.9, 1.0]
times: [142.28, 281.64, 422.07, 567.1, 708.01, 841.79, 980.9, 1126.42, 1269.69, 1407.03]
scores: [0.6784837343774274, 0.8252139169409077, 0.7067964722386182, 0.8987130999838692, 0.8168663166991557, 0.9131060101847458, 0.9130688610426752, 1.0, 1.0, 0.94119917339669]
