training_data_sizes: [0.1, 0.2]
times: [401.59, 807.62]
scores: [0.6849616143777053, 0.7987143376130285]
