training_data_sizes: [0.1, 0.2, 0.3, 0.4, 0.5, 0.6, 0.7, 0.8]
times: [129.88, 252.69, 377.79, 500.73, 627.22, 752.8, 879.48, 1007.45]
scores: [0.8007004431898124, 0.7612662455195021, 0.8063846483399046, 0.7197564689577546, 0.7581565926678802, 0.6713115806232053, 0.7949943214266404, 0.7795134303573015]
