training_data_sizes: [0.1, 0.2, 0.3, 0.4, 0.5, 0.6, 0.7, 0.8, 0.9, 1.0]
times: [2.26, 3.49, 4.62, 5.76, 7.21, 8.39, 9.44, 10.68, 11.88, 13.11]
scores: [0.3065237647947749, 0.30889600429566255, 0.3167981781723515, 0.3334763092658354, 0.3187545311670689, 0.31464651692069984, 0.30151035326352726, 0.30404767878680794, 0.29726421703403766, 0.29838497111989437]
