training_data_sizes: [0.1, 0.2, 0.3, 0.4]
times: [152.02, 305.26, 450.8, 601.59]
scores: [0.6958551491156345, 0.7835896729428188, 0.8195088890680531, 0.6652981484827929]
