training_data_sizes: [0.1, 0.2, 0.3, 0.4]
times: [254.41, 505.06, 756.0, 1008.69]
scores: [0.8005288539412008, 0.8657761943991521, 0.7857893716053409, 0.9200325839116756]
