training_data_sizes: [0.1, 0.2, 0.3, 0.4, 0.5, 0.6, 0.7]
times: [23.0, 58.0, 87.0, 110.0, 143.0, 175.0, 209.0]
scores: [0.6867942407440472, 0.7101291531599239, 0.8259678961228316, 0.8214113741787037, 0.916896078698848, 0.9611184743332641, 1.0]
