training_data_sizes: [0.1, 0.2, 0.3, 0.4, 0.5]
times: [224.22, 447.81, 667.6, 889.92, 1105.12]
scores: [0.7251528217669698, 0.6963390983762145, 0.7425727237897713, 0.8392665465555652, 0.6822558676170507]
