training_data_sizes: [0.1, 0.2, 0.3, 0.4, 0.5, 0.6, 0.7, 0.8]
times: [182.51, 356.5, 525.11, 708.16, 878.63, 1052.55, 1232.66, 1403.41]
scores: [0.798292957736761, 0.9561171462720235, 0.9101803615705533, 1.0, 0.9251170840777277, 1.0, 0.9175033197418567, 0.9587543076862062]
