training_data_sizes: [0.1, 0.2, 0.3, 0.4, 0.5, 0.6, 0.7, 0.8, 0.9]
times: [152.05, 296.74, 438.5, 586.29, 727.71, 874.03, 1017.96, 1158.81, 1309.75]
scores: [0.8168867921638803, 0.9443948465054589, 1.0, 0.9084583125448449, 0.979801898782301, 1.0, 1.0, 1.0, 1.0]
