training_data_sizes: [0.1, 0.2, 0.3, 0.4, 0.5, 0.6, 0.7, 0.8]
times: [131.0, 276.0, 412.0, 552.0, 694.0, 836.0, 969.9999999999999, 1116.0]
scores: [0.8171583851224886, 0.9471757710060305, 0.9884039637962692, 0.9875377653266236, 1.0, 1.0, 1.0, 1.0]
