training_data_sizes: [0.1, 0.2]
times: [7.0, 11.0]
scores: [0.8156813492030446, 0.9517086098564397]
