training_data_sizes: [0.1, 0.2, 0.3, 0.4, 0.5, 0.6, 0.7, 0.8, 0.9, 1.0]
times: [74.0, 151.0, 238.0, 317.0, 394.0, 478.0, 556.0, 632.0, 714.0, 793.0]
scores: [0.9078084311119965, 0.8299293628533253, 0.9001739317105308, 0.7709452571578118, 0.8893270931033281, 0.8204063013048803, 0.690282784855514, 0.8440786907391264, 0.862217417696493, 0.7519269620768867]
