training_data_sizes: [0.1, 0.2, 0.3, 0.4, 0.5, 0.6]
times: [122.82, 236.42, 357.63, 468.39, 588.63, 703.35]
scores: [0.8331435704747201, 0.8398616451756213, 0.8536445982211684, 1.0, 0.9283086258009351, 0.9835951480951541]
