training_data_sizes: [0.1, 0.2, 0.3, 0.4, 0.5, 0.6, 0.7, 0.8, 0.9, 1.0]
times: [0.9, 1.18, 1.87, 2.03, 2.43, 3.16, 3.61, 4.3, 4.9, 5.6]
scores: [0.35645801526717547, 0.4377516938639183, 0.48852322962009453, 0.5346475974502387, 0.5226744157699452, 0.5539393477598293, 0.5546727436971339, 0.5660735687155114, 0.5691070875581206, 0.5784543325526932]
