training_data_sizes: [0.1, 0.2, 0.3, 0.4, 0.5, 0.6]
times: [116.0, 234.0, 355.0, 470.0, 598.0, 716.0]
scores: [0.9377733924253658, 0.9269963625191078, 0.9313316377424252, 0.9860097613526935, 0.8915838404651741, 1.0]
