training_data_sizes: [0.1, 0.2, 0.3, 0.4, 0.5, 0.6, 0.7, 0.8, 0.9, 1.0]
times: [143.05, 280.34, 428.59, 568.11, 701.78, 846.64, 989.46, 1124.54, 1265.55, 1403.08]
scores: [0.9212220377867615, 0.9712991968486279, 0.9515892243982461, 0.9165536155286274, 0.8720269608858773, 0.9169593875716107, 0.8662958260749716, 0.8813100503834024, 1.0, 0.9070854140089162]
