training_data_sizes: [0.1, 0.2, 0.3, 0.4, 0.5, 0.6, 0.7, 0.8]
times: [106.23, 203.94, 303.12, 401.42, 504.18, 602.65, 702.13, 803.09]
scores: [0.8799920109154313, 0.862319913158968, 0.8953109132887542, 0.9691191723265237, 0.9412321577804272, 0.8076865001300992, 0.9329917971267229, 0.8852225706604908]
