training_data_sizes: [0.1, 0.2, 0.3, 0.4, 0.5]
times: [71.0, 154.0, 231.0, 319.0, 390.0]
scores: [0.9361626383816635, 0.7952651052110461, 0.9616360707617556, 0.8677068614268777, 0.8975240422260158]
