training_data_sizes: [0.1, 0.2, 0.3]
times: [302.6, 601.41, 903.55]
scores: [0.8197254213651886, 0.68728643927661, 0.7738459202774348]
