training_data_sizes: [0.1, 0.2, 0.3, 0.4, 0.5, 0.6, 0.7]
times: [108.41, 201.22, 309.48, 408.65, 508.53, 607.5, 703.93]
scores: [0.9215959746557099, 0.9275611172258342, 0.9724244427681275, 0.9923135388557731, 1.0, 0.9390833634449495, 0.961067476617253]
