training_data_sizes: [0.1, 0.2, 0.3, 0.4, 0.5, 0.6, 0.7, 0.8, 0.9]
times: [107.56, 208.43, 302.2, 400.78, 508.04, 604.12, 708.33, 800.18, 909.57]
scores: [0.8057065294482695, 0.9171888685035854, 0.7324949790121971, 0.888875731887763, 0.7858002925938832, 0.803330941448312, 0.8628845072577662, 0.812878001863289, 0.8427227256688439]
