training_data_sizes: [0.1, 0.2, 0.3, 0.4, 0.5, 0.6, 0.7, 0.8, 0.9]
times: [115.8, 232.16, 336.48, 447.78, 559.57, 668.8, 787.28, 892.26, 1008.53]
scores: [0.6749760790046743, 0.8045617490441793, 0.8539048916425848, 0.8402317598202298, 0.9606926316594175, 0.8930878853529409, 1.0, 0.9619069036074289, 1.0]
