training_data_sizes: [0.1, 0.2, 0.3, 0.4, 0.5, 0.6]
times: [124.81, 236.03, 350.1, 467.86, 585.45, 709.68]
scores: [0.9193107429853564, 0.9122083377955805, 1.0, 1.0, 0.9538008442451809, 1.0]
