training_data_sizes: [0.1, 0.2, 0.3, 0.4, 0.5, 0.6, 0.7, 0.8, 0.9]
times: [123.71, 246.71, 374.33, 492.34, 615.21, 738.45, 863.58, 984.19, 1101.92]
scores: [0.8293538701369927, 0.8834897126860807, 0.8955882492869855, 1.0, 1.0, 1.0, 1.0, 1.0, 1.0]
