training_data_sizes: [0.1, 0.2, 0.3, 0.4, 0.5, 0.6, 0.7, 0.8]
times: [30.0, 70.0, 111.0, 153.0, 190.0, 236.0, 273.0, 315.0]
scores: [0.9059156396401216, 0.8606566692996387, 0.788897663437078, 0.8772402401289194, 0.8723720014585347, 0.9527487602344261, 0.850664636867136, 0.9323544503090343]
