training_data_sizes: [0.1, 0.2, 0.3, 0.4]
times: [57.0, 119.0, 175.0, 238.0]
scores: [0.8110239327685846, 0.9221095312926733, 0.9463828207461662, 0.8575342478948089]
