training_data_sizes: [0.1, 0.2, 0.3, 0.4, 0.5, 0.6]
times: [136.87, 274.49, 402.46, 542.44, 670.05, 800.65]
scores: [0.8658822913739883, 0.8563728159471926, 0.7964492448891656, 0.889036286194034, 0.9225666946300384, 0.8826775597427436]
