training_data_sizes: [0.1, 0.2, 0.3, 0.4, 0.5, 0.6, 0.7, 0.8, 0.9]
times: [55.0, 115.0, 178.0, 234.0, 292.0, 354.0, 413.0, 471.0, 532.0]
scores: [0.758915376447877, 0.8802031326639292, 0.8752488795372171, 0.8913903207837626, 1.0, 1.0, 1.0, 1.0, 0.9906509007533034]
