training_data_sizes: [0.1, 0.2]
times: [402.3, 805.88]
scores: [0.5365369363923584, 0.5736943787976252]
