training_data_sizes: [0.1, 0.2, 0.3, 0.4, 0.5]
times: [124.79, 249.7, 365.82, 482.54, 609.59]
scores: [1.0, 0.917164533596474, 0.9462532983573804, 1.0, 0.9743977444538293]
