training_data_sizes: [0.1, 0.2, 0.3, 0.4, 0.5]
times: [37.0, 72.0, 119.0, 157.0, 196.0]
scores: [0.8471824291650054, 0.7869330754699527, 0.972084153444279, 1.0, 1.0]
