training_data_sizes: [0.1, 0.2, 0.3, 0.4, 0.5]
times: [106.0, 210.0, 321.0, 432.0, 542.0]
scores: [0.8380558399315882, 0.9310077867416489, 0.8483077785999393, 0.8658255226439995, 0.9537139440201514]
