training_data_sizes: [0.1, 0.2, 0.3, 0.4, 0.5, 0.6, 0.7]
times: [147.02, 290.26, 434.48, 574.07, 715.18, 859.79, 1007.01]
scores: [0.8565565556935031, 0.7518198343449136, 0.731845664449515, 0.8945767085676906, 0.7629351896637653, 0.7769730686268828, 0.8723739434259075]
