training_data_sizes: [0.1, 0.2, 0.3, 0.4, 0.5, 0.6]
times: [19.0, 36.0, 52.0, 71.0, 90.0, 118.0]
scores: [0.6794606682884446, 0.6384066538897009, 0.7915408752149797, 0.8464568360026987, 0.8410555534925659, 0.818542517002384]
