training_data_sizes: [0.1, 0.2, 0.3, 0.4]
times: [177.85, 353.65, 526.38, 708.3]
scores: [0.8122761308556381, 0.9026974491751547, 0.9139982698164002, 0.9906522229360211]
