training_data_sizes: [0.1, 0.2, 0.3, 0.4, 0.5, 0.6, 0.7, 0.8]
times: [130.0, 275.0, 410.0, 554.0, 694.0, 834.0, 971.9999999999999, 1113.0]
scores: [1.0, 1.0, 0.9502211054514976, 1.0, 1.0, 1.0, 1.0, 1.0]
