training_data_sizes: [0.1, 0.2, 0.3, 0.4, 0.5, 0.6, 0.7, 0.8, 0.9, 1.0]
times: [2.08, 2.8, 4.12, 5.34, 6.68, 7.95, 9.21, 10.5, 13.22, 16.18]
scores: [1.0, 1.0, 1.0, 1.0, 1.0, 1.0, 1.0, 1.0, 0.999999814970993, 0.9999854473915246]
