training_data_sizes: [0.1, 0.2, 0.3, 0.4, 0.5, 0.6, 0.7, 0.8, 0.9, 1.0]
times: [17.0, 33.0, 55.0, 71.0, 97.0, 116.0, 137.0, 150.0, 177.0, 198.0]
scores: [0.8906965396058162, 0.7990304229928611, 0.6859527027595359, 0.8144322257553387, 0.7292790783666034, 0.7480730348675328, 0.7706685869097566, 0.7636542767755061, 0.627660445837225, 0.7711478189029279]
