training_data_sizes: [0.1, 0.2, 0.3]
times: [304.37, 608.21, 908.54]
scores: [0.5543018009486514, 0.560178172650343, 0.5499562698678286]
