training_data_sizes: [0.1, 0.2, 0.3, 0.4, 0.5, 0.6, 0.7]
times: [203.03, 403.58, 604.89, 804.43, 1004.32, 1204.7, 1400.57]
scores: [1.0, 0.9868120539946421, 0.8997651654154799, 0.993066523526136, 0.9974559773835968, 1.0, 1.0]
