training_data_sizes: [0.1, 0.2, 0.3, 0.4, 0.5, 0.6, 0.7, 0.8]
times: [122.16, 228.96, 341.31, 451.7, 564.05, 681.24, 793.91, 904.31]
scores: [0.8346275417064709, 0.9726733355433674, 0.9751788819337615, 0.9635080506596332, 1.0, 1.0, 1.0, 1.0]
