training_data_sizes: [0.1, 0.2, 0.3, 0.4, 0.5, 0.6, 0.7, 0.8, 0.9, 1.0]
times: [0.93, 1.37, 2.56, 3.56, 4.87, 6.87, 8.68, 11.02, 13.01, 15.03]
scores: [0.9888343273905444, 0.9870089932493851, 0.984463933435074, 0.9798415595864549, 0.9765257615119212, 0.9737939292506015, 0.973608975128587, 0.9731381780634052, 0.972566151985129, 0.9704663047138109]
