training_data_sizes: [0.1, 0.2, 0.3, 0.4, 0.5]
times: [59.0, 117.0, 175.0, 233.0, 291.0]
scores: [0.8506336624769307, 0.9212001114507377, 0.8760605203806885, 0.8556529798594633, 0.8599390732004399]
