training_data_sizes: [0.1, 0.2, 0.3, 0.4, 0.5, 0.6, 0.7, 0.8, 0.9, 1.0]
times: [2.25, 2.9, 3.68, 4.45, 5.12, 5.67, 6.25, 6.94, 7.45, 8.29]
scores: [0.8637611049003351, 0.8299273743442404, 0.8279214013397387, 0.8080255605437459, 0.7959131996791706, 0.7735304751516192, 0.7471411680301374, 0.7240478538509538, 0.7073254322202109, 0.6795952927040585]
