training_data_sizes: [0.1, 0.2, 0.3]
times: [305.07, 603.43, 908.84]
scores: [0.7501445785418707, 0.7367706643289862, 0.765363723957177]
