training_data_sizes: [0.1, 0.2]
times: [358.25, 701.9]
scores: [0.7879032782437645, 0.9682284129688596]
