training_data_sizes: [0.1, 0.2, 0.3, 0.4, 0.5, 0.6]
times: [112.0, 232.0, 353.0, 477.0, 594.0, 713.0]
scores: [0.8307737645859332, 0.8539866117206596, 0.9568770621023601, 0.9791368185146199, 1.0, 0.9165919013906021]
