training_data_sizes: [0.1, 0.2, 0.3, 0.4, 0.5, 0.6, 0.7, 0.8, 0.9]
times: [164.02, 313.77, 469.28, 628.33, 784.36, 938.46, 1097.05, 1249.23, 1401.15]
scores: [0.5921158530716254, 0.6722168643892027, 0.7321301131957816, 0.5933871593185811, 0.7304548400725297, 0.6028721965994145, 0.634274861281279, 0.623393348782803, 0.5542118747828021]
