training_data_sizes: [0.1, 0.2, 0.3, 0.4, 0.5, 0.6, 0.7]
times: [162.94, 314.93, 479.29, 631.4, 790.78, 946.07, 1101.06]
scores: [0.8156386846807134, 0.8118002166834815, 0.7488764252387523, 0.8174327457655266, 0.8213082834000329, 0.8295393923488315, 0.7579911578206088]
