training_data_sizes: [0.1, 0.2, 0.3, 0.4, 0.5, 0.6, 0.7]
times: [146.2, 290.95, 431.47, 578.09, 715.0, 864.13, 1002.76]
scores: [0.9405452885113135, 0.9378395372204256, 0.8999616353175697, 0.9557408566849925, 0.9563266279129112, 0.9292846361398446, 0.8636334538472246]
