training_data_sizes: [0.1, 0.2, 0.3]
times: [124.0, 253.0, 380.0]
scores: [0.9097265215269361, 1.0, 0.8514610688720246]
