training_data_sizes: [0.1, 0.2, 0.3, 0.4, 0.5, 0.6, 0.7]
times: [61.0, 137.0, 206.0, 271.0, 344.0, 418.0, 481.99999999999994]
scores: [0.9422519068818123, 0.9308846898827678, 0.9930151791376525, 0.9255147160876951, 1.0, 1.0, 1.0]
