training_data_sizes: [0.1, 0.2, 0.3, 0.4, 0.5, 0.6, 0.7, 0.8, 0.9, 1.0]
times: [12.9, 36.36, 66.22, 99.5, 147.27, 198.22, 250.29, 327.64, 396.53, 464.76]
scores: [0.16584404939875963, 0.20495999832514453, 0.22408046735389675, 0.2408692326835674, 0.2558886004171727, 0.2646906851081243, 0.27446425576291733, 0.2837794756625009, 0.29266944945425166, 0.293751068547232]
