training_data_sizes: [0.1, 0.2]
times: [529.78, 1050.14]
scores: [0.3125267083507106, 0.304944907752873]
