training_data_sizes: [0.1, 0.2, 0.3, 0.4, 0.5, 0.6, 0.7, 0.8]
times: [116.0, 236.0, 352.0, 474.0, 594.0, 718.0, 838.0, 958.0]
scores: [0.8131804862918317, 0.7783749290410276, 0.8478752869366624, 0.8261545866978062, 0.8390486869061267, 0.9093840973927919, 0.9857487994219831, 0.9427084226257554]
