training_data_sizes: [0.1, 0.2, 0.3, 0.4]
times: [202.45, 404.85, 600.61, 807.05]
scores: [0.7661021073833446, 0.7203207001485037, 0.7658022290090104, 0.8922750256584229]
