training_data_sizes: [0.1, 0.2, 0.3, 0.4, 0.5, 0.6, 0.7, 0.8, 0.9]
times: [69.0, 130.0, 200.0, 275.0, 340.0, 415.0, 483.99999999999994, 552.0, 621.0]
scores: [0.7702280438328675, 0.8363352178433263, 0.7781932207355781, 0.809537549858987, 0.8439502604713943, 0.891384808868489, 0.9298137350924849, 0.9369234421598354, 0.9518371974304167]
