training_data_sizes: [0.1, 0.2, 0.3]
times: [472.19, 934.49, 1400.88]
scores: [0.8118650123450505, 0.8751373931771315, 0.7709071066616242]
