training_data_sizes: [0.1, 0.2, 0.3]
times: [113.0, 237.0, 356.0]
scores: [0.8272917110951472, 0.8686564129985259, 0.9154038818281098]
