training_data_sizes: [0.1, 0.2, 0.3, 0.4, 0.5, 0.6, 0.7]
times: [56.0, 112.0, 173.0, 230.0, 297.0, 358.0, 410.0]
scores: [0.7607169075583724, 0.8698618142861034, 0.8319604780388149, 0.9992057240082494, 0.9308467679135428, 1.0, 1.0]
