training_data_sizes: [0.1, 0.2]
times: [15.0, 33.0]
scores: [0.7342843282564456, 0.8435306770634896]
