training_data_sizes: [0.1, 0.2, 0.3, 0.4, 0.5, 0.6, 0.7, 0.8]
times: [37.0, 73.0, 118.0, 152.0, 192.0, 239.0, 279.0, 314.0]
scores: [0.7919471586426639, 0.9691139192655356, 0.9487536322401211, 1.0, 1.0, 1.0, 1.0, 1.0]
