training_data_sizes: [0.1, 0.2, 0.3, 0.4, 0.5]
times: [54.0, 119.0, 172.0, 237.0, 294.0]
scores: [0.6358265844045159, 0.49236061520463453, 0.5700033995732365, 0.49340439690709087, 0.6033412664333591]
