training_data_sizes: [0.1, 0.2, 0.3, 0.4, 0.5, 0.6, 0.7]
times: [79.0, 154.0, 230.0, 317.0, 399.0, 478.0, 555.0]
scores: [0.8461285425265548, 0.7097596350839084, 0.6367496960363068, 0.699439476990143, 0.7831756885553158, 0.6332260694283071, 0.734335138094802]
