training_data_sizes: [0.1, 0.2, 0.3, 0.4, 0.5, 0.6, 0.7, 0.8]
times: [178.87, 358.4, 531.69, 701.94, 877.46, 1052.91, 1229.38, 1401.83]
scores: [0.5709543115089426, 0.5416922163698662, 0.6365504999981507, 0.6379214030441565, 0.7786220575543248, 0.7069819618261952, 0.7846083360478555, 1.0]
