training_data_sizes: [0.1, 0.2, 0.3, 0.4, 0.5, 0.6, 0.7, 0.8, 0.9, 1.0]
times: [67.0, 135.0, 206.0, 274.0, 347.0, 415.0, 487.99999999999994, 551.0, 620.0, 696.0]
scores: [0.5722421458346327, 0.45509642085512025, 0.45973660174808983, 0.5677823869011557, 0.5232374716950341, 0.6109995805911576, 0.6795513759633854, 0.6605155965010368, 0.9030845436510746, 0.8418345805296078]
