training_data_sizes: [0.1, 0.2, 0.3, 0.4, 0.5, 0.6, 0.7, 0.8, 0.9, 1.0]
times: [1.72, 3.56, 6.8, 11.12, 12.7, 14.7, 17.98, 20.09, 21.73, 24.28]
scores: [1.0, 1.0, 1.0, 1.0, 0.9945587252985144, 0.9766068949168614, 0.9548602556732639, 0.9376259130856281, 0.9479978206137876, 0.9336455893832942]
