training_data_sizes: [0.1, 0.2, 0.3, 0.4, 0.5]
times: [24.0, 59.0, 85.0, 112.0, 149.0]
scores: [0.9054835688625809, 0.8018452581065407, 0.8521699398807009, 0.9332085665388308, 0.8714567817569179]
