training_data_sizes: [0.1, 0.2]
times: [51.0, 111.0]
scores: [0.7106573287758025, 0.7620195617714434]
