training_data_sizes: [0.1, 0.2, 0.3, 0.4]
times: [116.0, 236.0, 353.0, 473.0]
scores: [0.9368263369250835, 0.7727754859414926, 0.7866409080967782, 0.7682729965782347]
