training_data_sizes: [0.1, 0.2, 0.3, 0.4, 0.5, 0.6, 0.7, 0.8]
times: [23.0, 57.0, 84.0, 110.0, 142.0, 175.0, 200.0, 234.0]
scores: [1.0, 0.8977198384595735, 0.9708149267965667, 0.9071672435903403, 1.0, 0.944863241618074, 0.9607337508608783, 0.9789545435519713]
