training_data_sizes: [0.1, 0.2, 0.3, 0.4, 0.5, 0.6, 0.7, 0.8, 0.9, 1.0]
times: [0.17, 0.23, 0.35, 0.48, 0.63, 0.69, 0.82, 0.96, 1.06, 1.12]
scores: [0.9853757747933884, 0.9088891761461566, 0.8548673378961693, 0.8068452150384238, 0.7934523254716022, 0.7764017442725883, 0.7626388441502399, 0.7600541203178639, 0.7415300196611823, 0.7279151849723702]
