training_data_sizes: [0.1, 0.2, 0.3]
times: [239.9, 475.57, 701.07]
scores: [0.8039540065689014, 0.8229103358405051, 0.7417765357296977]
