training_data_sizes: [0.1, 0.2]
times: [11.0, 38.0]
scores: [0.6661490075307938, 0.6555018477524132]
