training_data_sizes: [0.1, 0.2, 0.3, 0.4, 0.5, 0.6, 0.7, 0.8]
times: [157.41, 303.31, 454.93, 603.71, 758.51, 901.44, 1050.55, 1202.58]
scores: [0.8442987899868679, 0.8481737150371846, 0.9841478209509265, 1.0, 0.9918876135702259, 0.9978677924937441, 1.0, 0.9962287584621019]
