training_data_sizes: [0.1, 0.2, 0.3, 0.4]
times: [334.1, 656.94, 978.28, 1306.79]
scores: [0.9290687468149466, 0.993036709986105, 0.9711198993182888, 0.9505336994894387]
