training_data_sizes: [0.1, 0.2, 0.3, 0.4, 0.5, 0.6]
times: [241.38, 469.21, 706.19, 937.73, 1170.9, 1401.83]
scores: [0.7629249717214238, 0.734401205102647, 0.7948106274996651, 0.9095707071550265, 0.8909274006611718, 0.8097056090070882]
