training_data_sizes: [0.1, 0.2, 0.3, 0.4, 0.5]
times: [33.0, 76.0, 110.0, 156.0, 196.0]
scores: [0.8769922699733195, 0.7761972612510599, 0.8273660467794075, 0.9889784601324945, 0.8642044823970629]
