training_data_sizes: [0.1, 0.2, 0.3, 0.4, 0.5, 0.6, 0.7, 0.8, 0.9]
times: [85.0, 158.73, 242.56, 312.52, 390.2, 469.19, 547.23, 625.72, 700.65]
scores: [0.769866259521528, 0.7722597295682581, 0.7658642804770268, 0.7689116839896364, 0.8390325342957574, 0.7050829326945753, 0.6547670161886614, 0.7219146098757482, 0.7692246941366927]
