training_data_sizes: [0.1, 0.2, 0.3, 0.4, 0.5, 0.6, 0.7, 0.8, 0.9]
times: [65.0, 135.0, 205.0, 274.0, 344.0, 416.0, 486.99999999999994, 556.0, 621.0]
scores: [0.9076007015148206, 1.0, 0.8808990415347562, 0.994900086527913, 0.9655298507038569, 0.9460930291709966, 1.0, 0.9860981413426366, 0.9602539397077763]
