training_data_sizes: [0.1, 0.2, 0.3]
times: [81.0, 177.0, 265.0]
scores: [0.95058711150805, 0.7895321651670101, 0.8680980484428988]
