training_data_sizes: [0.1, 0.2, 0.3, 0.4, 0.5, 0.6, 0.7]
times: [12.0, 38.0, 55.0, 74.0, 96.0, 114.0, 131.0]
scores: [0.8555222156266763, 0.9964648647427496, 0.9177402447269987, 0.9710563404296462, 0.960363277310012, 0.9614895091347471, 0.9032035737686496]
