training_data_sizes: [0.1, 0.2, 0.3, 0.4, 0.5, 0.6]
times: [108.01, 203.23, 300.73, 405.4, 501.71, 606.33]
scores: [0.5606865580939067, 0.48389109556715654, 0.4972297463650326, 0.5722438988787358, 0.4623821322059345, 0.5014031546140232]
