training_data_sizes: [0.1, 0.2]
times: [303.92, 608.17]
scores: [0.7434048157415509, 0.5936081465115199]
