training_data_sizes: [0.1, 0.2, 0.3, 0.4, 0.5, 0.6, 0.7]
times: [42.0, 97.0, 145.0, 199.0, 244.0, 292.0, 349.0]
scores: [0.7528726512583247, 0.8843030297825729, 0.9323634797252295, 0.8768083630888874, 0.8441395925097409, 0.8682504014369995, 0.9085235299840482]
