training_data_sizes: [0.1, 0.2, 0.3, 0.4, 0.5, 0.6, 0.7, 0.8]
times: [16.0, 32.0, 58.0, 78.0, 94.0, 113.0, 130.0, 150.0]
scores: [0.9350829207753244, 0.9127341015954864, 1.0, 1.0, 0.99855627207084, 1.0, 1.0, 1.0]
