training_data_sizes: [0.1, 0.2, 0.3, 0.4, 0.5, 0.6, 0.7, 0.8, 0.9]
times: [34.0, 78.0, 110.0, 158.0, 198.0, 232.0, 278.0, 318.0, 359.0]
scores: [0.6809574457345818, 0.7498814048156558, 0.8524089678018608, 0.868125121613074, 0.9008705999269883, 1.0, 1.0, 0.9922723715885092, 1.0]
