training_data_sizes: [0.1, 0.2, 0.3, 0.4, 0.5, 0.6, 0.7, 0.8, 0.9, 1.0]
times: [0.75, 1.66, 1.8, 2.68, 3.15, 3.43, 4.06, 4.6, 5.19, 5.97]
scores: [0.4562227034264536, 0.3890752510109814, 0.46849486186335, 0.5191508809801135, 0.5681969824995744, 0.6001743640017104, 0.6317787991932726, 0.6413312783229225, 0.6472744338081591, 0.6573510675213847]
