training_data_sizes: [0.1, 0.2]
times: [705.87, 1401.65]
scores: [0.480007778564926, 0.511015366166242]
