training_data_sizes: [0.1, 0.2, 0.3, 0.4, 0.5, 0.6, 0.7, 0.8]
times: [106.0, 216.0, 327.0, 435.0, 545.0, 657.0, 760.0, 873.0]
scores: [0.8593684779926454, 0.8672462505112514, 0.837836848796696, 0.9022046074437003, 1.0, 1.0, 1.0, 1.0]
