training_data_sizes: [0.1, 0.2, 0.3, 0.4, 0.5, 0.6, 0.7, 0.8, 0.9, 1.0]
times: [7.51, 20.88, 41.31, 69.16, 105.25, 147.73, 198.65, 263.45, 324.89, 393.93]
scores: [0.3611967822492053, 0.38960143259141694, 0.39767313890623396, 0.39686583804634196, 0.3877037192032448, 0.4016314997266326, 0.39978624286459513, 0.41259797574834617, 0.4063735596875994, 0.4044172867155081]
