training_data_sizes: [0.1, 0.2, 0.3, 0.4, 0.5, 0.6, 0.7, 0.8]
times: [88.0, 176.0, 265.0, 355.0, 442.0, 535.0, 629.0, 710.0]
scores: [0.8815781067197301, 1.0, 0.9898210918164254, 1.0, 0.895247343269598, 0.9297475612734732, 0.9114604925895275, 1.0]
