training_data_sizes: [0.1, 0.2, 0.3, 0.4, 0.5, 0.6]
times: [103.43, 209.85, 309.4, 403.14, 509.02, 606.57]
scores: [0.9368624165965707, 0.902264114870283, 0.953970118850624, 1.0, 1.0, 1.0]
