training_data_sizes: [0.1, 0.2, 0.3, 0.4, 0.5, 0.6, 0.7, 0.8, 0.9]
times: [116.4, 250.67, 375.42, 491.27, 628.35, 745.59, 860.84, 997.27, 1118.4]
scores: [0.6022557828676016, 0.6242492071016977, 0.634477548099149, 0.6411522008523888, 0.6449125448908102, 0.6485385626182174, 0.6516534945825682, 0.6535988073829522, 0.6555087548534617]
