training_data_sizes: [0.1, 0.2, 0.3, 0.4, 0.5, 0.6, 0.7, 0.8, 0.9]
times: [118.89, 224.6, 333.45, 449.59, 560.65, 670.89, 778.34, 894.99, 1000.97]
scores: [0.9950588076349186, 0.836548213115479, 1.0, 0.9997288604248696, 0.9466839945849117, 0.9029961183317516, 1.0, 0.932317130307204, 1.0]
