training_data_sizes: [0.1, 0.2, 0.3, 0.4, 0.5, 0.6, 0.7, 0.8]
times: [133.17, 255.86, 376.24, 504.99, 631.8, 753.04, 877.83, 1006.83]
scores: [0.7798006269955188, 0.7556348539964874, 0.7417623883673361, 0.652037093581806, 0.7213373652802247, 0.7116482488305365, 0.7051066877231557, 0.6644703538367116]
