training_data_sizes: [0.1, 0.2, 0.3, 0.4, 0.5, 0.6, 0.7, 0.8]
times: [118.0, 235.0, 352.0, 471.0, 591.0, 712.0, 839.0, 959.0]
scores: [0.6335352477443638, 0.4872300902057727, 0.575839566509347, 0.6199947564655437, 0.7414556102216017, 0.758840177562544, 0.8276277052439487, 0.9439044390235534]
