training_data_sizes: [0.1, 0.2, 0.3, 0.4, 0.5]
times: [264.82, 521.18, 787.66, 1048.57, 1300.97]
scores: [0.9549048594253404, 0.8793850080841954, 0.9691432079748765, 0.970620697604267, 1.0]
