training_data_sizes: [0.1, 0.2, 0.3, 0.4, 0.5, 0.6, 0.7]
times: [79.0, 155.0, 239.0, 312.0, 393.0, 470.0, 558.0]
scores: [0.962729541622779, 0.8607777545610291, 0.967425909801765, 1.0, 0.9624162856848526, 0.9301328490648204, 0.9665200719190401]
