training_data_sizes: [0.1, 0.2, 0.3]
times: [110.0, 231.0, 357.0]
scores: [0.8906696888261596, 0.8257751090748893, 0.8234715575459255]
