training_data_sizes: [0.1, 0.2, 0.3, 0.4, 0.5, 0.6, 0.7, 0.8]
times: [107.29, 202.91, 300.14, 405.56, 506.61, 606.28, 707.67, 804.81]
scores: [0.8784054274566494, 0.836145826146378, 0.7829559936692035, 0.9093199074422904, 0.8788438182706428, 0.8610810008607641, 0.7765224734067331, 0.9002067971034345]
