training_data_sizes: [0.1, 0.2, 0.3, 0.4, 0.5, 0.6, 0.7, 0.8, 0.9]
times: [118.0, 237.0, 352.0, 475.0, 591.0, 713.0, 838.0, 958.0, 1072.0]
scores: [0.7802435353566103, 0.7827164206073995, 0.9504492255305433, 0.9283104969340561, 0.8328681110015721, 0.9083620855058763, 1.0, 1.0, 0.945873109459588]
