training_data_sizes: [0.1, 0.2, 0.3, 0.4, 0.5, 0.6, 0.7, 0.8]
times: [21.0, 50.0, 88.0, 114.0, 146.0, 178.0, 203.0, 232.0]
scores: [0.6266499970043418, 0.6882346973304098, 0.6686146060928491, 0.8118933334530627, 0.7168866485101533, 0.7763012706348797, 0.9614265023505875, 0.9643008177526504]
