training_data_sizes: [0.1, 0.2, 0.3, 0.4, 0.5, 0.6]
times: [217.05, 442.75, 650.79, 874.96, 1086.56, 1303.56]
scores: [0.8999047839812062, 0.9303779733286641, 0.8505699132352114, 0.8063992995788009, 0.8160658065907431, 0.8766281823485773]
