training_data_sizes: [0.1, 0.2, 0.3, 0.4, 0.5, 0.6, 0.7, 0.8]
times: [19.0, 30.0, 59.0, 71.0, 90.0, 118.0, 132.0, 151.0]
scores: [0.7252168257466167, 0.9074799245858333, 0.9503827363518916, 0.8294955664678147, 0.9088931475154522, 0.8438111903863984, 0.974097446280157, 0.9090541212453547]
