training_data_sizes: [0.1, 0.2, 0.3, 0.4, 0.5, 0.6, 0.7, 0.8]
times: [77.0, 150.0, 236.0, 317.0, 399.0, 475.0, 558.0, 631.0]
scores: [0.6835082243822425, 0.7724359929536386, 0.9109497521954344, 0.7927582977456707, 0.9864628469682505, 0.9043533408061541, 1.0, 1.0]
