training_data_sizes: [0.1, 0.2, 0.3, 0.4, 0.5, 0.6, 0.7, 0.8, 0.9, 1.0]
times: [21.0, 54.0, 88.0, 114.0, 144.0, 171.0, 200.0, 237.0, 269.0, 296.0]
scores: [0.936622658383695, 0.8133886868250695, 0.7609755529580933, 0.7385593376639266, 0.7574561567561092, 0.7339931167997746, 0.8218067497009917, 0.7484801228052073, 0.6759472396001788, 0.790497345821155]
