training_data_sizes: [0.1, 0.2, 0.3, 0.4, 0.5, 0.6, 0.7, 0.8, 0.9]
times: [112.0, 230.0, 350.0, 474.0, 594.0, 712.0, 832.0, 951.0, 1071.0]
scores: [0.8812980550673886, 0.7717648192968628, 0.8428758112352082, 0.8409124572089404, 0.8413855260409404, 0.795738237694807, 0.7863840221228653, 0.7859326925700313, 0.8411967975017114]
