training_data_sizes: [0.1, 0.2, 0.3, 0.4, 0.5, 0.6]
times: [10.0, 35.0, 57.0, 71.0, 93.0, 113.0]
scores: [0.7479614958507528, 0.7280589729264997, 0.69044142845605, 0.8448628314721028, 0.7565266750898211, 0.6828634627958452]
