training_data_sizes: [0.1, 0.2]
times: [7.0, 19.0]
scores: [0.8752381064869685, 0.8878578148579577]
