training_data_sizes: [0.1, 0.2]
times: [41.0, 97.0]
scores: [0.8975480048192064, 0.8161240579937965]
