training_data_sizes: [0.1, 0.2, 0.3]
times: [408.79, 800.14, 1205.36]
scores: [0.6505827319266064, 0.799087124848634, 0.8220441189040985]
