training_data_sizes: [0.1, 0.2, 0.3, 0.4, 0.5, 0.6, 0.7, 0.8]
times: [40.0, 93.0, 142.0, 194.0, 248.0, 294.0, 345.0, 390.0]
scores: [0.7583930815189072, 0.7755328158093726, 0.8405484318408609, 0.9427888987458682, 0.9535456029878819, 1.0, 1.0, 1.0]
