training_data_sizes: [0.1, 0.2, 0.3, 0.4, 0.5]
times: [72.0, 152.0, 230.0, 319.0, 398.0]
scores: [0.9017922197338397, 0.8210692255473666, 0.9210273343841724, 0.9577312324100375, 1.0]
