training_data_sizes: [0.1, 0.2]
times: [24.0, 52.0]
scores: [0.7109781313336588, 0.7552445842359636]
