training_data_sizes: [0.1, 0.2, 0.3, 0.4, 0.5, 0.6, 0.7]
times: [95.29, 172.09, 260.81, 344.5, 437.84, 523.84, 606.71]
scores: [0.5942984814173125, 0.6638145218788548, 0.5195108041612915, 0.5862136825646087, 0.5298551850816003, 0.49973902666255915, 0.5823060993042265]
