training_data_sizes: [0.1, 0.2, 0.3, 0.4, 0.5, 0.6, 0.7, 0.8]
times: [52.0, 115.0, 170.0, 232.0, 297.0, 355.0, 413.0, 473.0]
scores: [0.8957917751370381, 0.7688861700417005, 0.8606807328910615, 0.9537410200800311, 1.0, 0.9851139649310916, 0.9820030111983189, 1.0]
