training_data_sizes: [0.1, 0.2, 0.3, 0.4, 0.5, 0.6]
times: [39.0, 79.0, 114.0, 150.0, 195.0, 236.0]
scores: [0.604866570028021, 0.6129877311461764, 0.7154487091162164, 0.7171085537623468, 0.8343852984847406, 0.9236072220711891]
