training_data_sizes: [0.1, 0.2, 0.3, 0.4, 0.5, 0.6, 0.7, 0.8]
times: [104.27, 202.99, 309.18, 406.14, 508.15, 607.92, 701.3, 805.98]
scores: [0.8850607709706801, 0.8024208664116499, 0.9194556886064551, 0.9926419480241436, 0.9589463276747665, 1.0, 1.0, 1.0]
