training_data_sizes: [0.1, 0.2, 0.3, 0.4, 0.5, 0.6]
times: [181.68, 370.03, 534.37, 701.48, 870.85, 1034.9]
scores: [0.5321309212021539, 0.40777412825189974, 0.37496599184420387, 0.35599219370129787, 0.348692354704046, 0.34160456186089583]
