training_data_sizes: [0.1, 0.2, 0.3, 0.4, 0.5, 0.6, 0.7]
times: [96.0, 190.0, 294.0, 390.0, 496.0, 598.0, 695.0]
scores: [0.7031598566358728, 0.6328172190395821, 0.7143015136553275, 0.7444041254494544, 0.7479629214705488, 0.8927941607302651, 1.0]
