training_data_sizes: [0.1, 0.2, 0.3, 0.4]
times: [358.09, 704.71, 1051.51, 1404.11]
scores: [0.7506196263289941, 0.8452484946762996, 0.6773628357411146, 0.7244584263834155]
