training_data_sizes: [0.1, 0.2, 0.3, 0.4, 0.5, 0.6, 0.7, 0.8, 0.9, 1.0]
times: [1.8, 3.3, 4.87, 6.16, 7.73, 8.94, 10.28, 11.12, 12.21, 13.18]
scores: [0.6931954360942771, 0.6309559047920654, 0.6060526347118786, 0.5907547795698522, 0.5792770848243582, 0.5685925203583398, 0.559016281829444, 0.5564229899721105, 0.5537895049224903, 0.5499483512033245]
