training_data_sizes: [0.1, 0.2, 0.3, 0.4, 0.5, 0.6, 0.7, 0.8]
times: [138.0, 276.0, 418.0, 553.0, 695.0, 837.0, 977.9999999999999, 1110.0]
scores: [0.7395740389106109, 0.8039804673350066, 0.8653358479360437, 0.9648651282357595, 0.8872778664757625, 0.9682885981396043, 1.0, 1.0]
