training_data_sizes: [0.1, 0.2, 0.3, 0.4, 0.5, 0.6, 0.7, 0.8, 0.9, 1.0]
times: [18.0, 35.0, 56.0, 70.0, 96.0, 115.0, 133.0, 155.0, 170.0, 190.0]
scores: [0.8870870650523959, 0.8174877836710583, 0.9636334404606283, 0.8995211441624402, 0.9037542107692713, 0.9683226709024686, 1.0, 0.9336068287966515, 1.0, 1.0]
