training_data_sizes: [0.1, 0.2, 0.3, 0.4]
times: [254.98, 508.29, 759.92, 1003.44]
scores: [0.834194388611308, 0.8687539784498521, 0.997625829256814, 0.9383857336262678]
