training_data_sizes: [0.1, 0.2, 0.3, 0.4, 0.5, 0.6, 0.7, 0.8, 0.9, 1.0]
times: [69.85, 121.41, 180.69, 245.77, 300.76, 367.28, 424.63, 480.55, 548.03, 607.32]
scores: [0.8489225710694581, 0.8689099697448455, 0.9559554992680994, 0.9118660276333959, 0.9239812033032322, 1.0, 1.0, 1.0, 1.0, 1.0]
