training_data_sizes: [0.1, 0.2, 0.3, 0.4, 0.5, 0.6, 0.7, 0.8]
times: [142.86, 277.14, 418.52, 555.85, 692.8, 832.79, 970.12, 1101.12]
scores: [0.7577291425793512, 0.8542577187573483, 0.9419637768561893, 0.8935363324622028, 0.9413956945142774, 1.0, 1.0, 1.0]
