training_data_sizes: [0.1, 0.2, 0.3, 0.4]
times: [52.0, 119.0, 171.0, 236.0]
scores: [0.7220391210909961, 0.8030687397095907, 0.788162778104674, 0.769420554832134]
