training_data_sizes: [0.1, 0.2, 0.3, 0.4, 0.5, 0.6, 0.7, 0.8, 0.9, 1.0]
times: [68.0, 139.0, 205.0, 271.0, 348.0, 410.0, 487.99999999999994, 551.0, 628.0, 697.0]
scores: [0.9763382464992081, 0.8970277667787301, 0.9318231896818738, 1.0, 1.0, 0.9331394735522218, 0.9770565482292519, 1.0, 1.0, 1.0]
