training_data_sizes: [0.1, 0.2, 0.3, 0.4, 0.5, 0.6, 0.7]
times: [112.0, 234.0, 359.0, 476.0, 598.0, 717.0, 839.0]
scores: [0.9538100662872702, 0.8306188931210754, 0.9826715738435579, 1.0, 1.0, 1.0, 1.0]
