training_data_sizes: [0.1, 0.2, 0.3, 0.4, 0.5, 0.6, 0.7]
times: [22.0, 59.0, 87.0, 117.0, 146.0, 175.0, 206.0]
scores: [0.7464497925309425, 0.7369264375759175, 0.8370356979275821, 0.7339206221998293, 0.8469060448678709, 0.8117683035090948, 0.8996993183192832]
