training_data_sizes: [0.1, 0.2, 0.3]
times: [441.59, 873.55, 1306.17]
scores: [0.5769269706677514, 0.5751010072350237, 0.622552308955353]
