training_data_sizes: [0.1, 0.2, 0.3, 0.4, 0.5, 0.6, 0.7]
times: [161.31, 321.05, 475.86, 636.18, 791.17, 951.54, 1107.65]
scores: [0.7246902462925482, 0.758897976022977, 0.8009850952833684, 0.8647463525747551, 0.8740144340794317, 0.8830805994100859, 1.0]
