training_data_sizes: [0.1, 0.2, 0.3, 0.4, 0.5, 0.6]
times: [186.16, 376.6, 559.51, 742.56, 921.46, 1109.24]
scores: [0.7503885864040514, 0.8069156778603439, 0.7595627831457196, 0.612851861820962, 0.7506507689238575, 0.6407858149320058]
