training_data_sizes: [0.1, 0.2, 0.3, 0.4, 0.5, 0.6, 0.7, 0.8]
times: [156.96, 301.3, 457.19, 607.41, 752.92, 906.47, 1056.03, 1201.43]
scores: [0.971269285425676, 0.9514681409663261, 0.9484971387421227, 0.8513386217043963, 0.8789123243896313, 0.8872423395631424, 0.9030756844412193, 0.9883007807482576]
