training_data_sizes: [0.1, 0.2, 0.3, 0.4, 0.5, 0.6, 0.7]
times: [178.37, 351.58, 514.65, 694.83, 865.02, 1030.97, 1201.66]
scores: [0.7157442999111026, 0.7528866402291141, 0.8345694655805433, 1.0, 0.871929499115009, 1.0, 1.0]
