training_data_sizes: [0.1, 0.2, 0.3, 0.4, 0.5, 0.6, 0.7, 0.8, 0.9]
times: [39.0, 71.0, 114.0, 155.0, 199.0, 238.0, 274.0, 316.0, 355.0]
scores: [0.8991042130403991, 0.9078258557979607, 0.9239717379576015, 0.9823600106183096, 0.9222108636021297, 0.955296039163535, 0.9578792279294561, 0.9505858411008783, 1.0]
