training_data_sizes: [0.1, 0.2, 0.3, 0.4, 0.5]
times: [49.0, 97.0, 140.0, 191.0, 246.0]
scores: [0.7342116685256758, 0.7102063580216376, 0.84929150373467, 0.8004567090951376, 0.8373561398616138]
