training_data_sizes: [0.1, 0.2]
times: [500.4, 1002.78]
scores: [0.7720704939836014, 0.7510647341071204]
