training_data_sizes: [0.1, 0.2, 0.3, 0.4, 0.5, 0.6, 0.7, 0.8]
times: [34.0, 77.0, 116.0, 155.0, 194.0, 231.0, 270.0, 314.0]
scores: [0.9444915423157003, 0.8685670015684187, 0.9581843173638006, 1.0, 1.0, 0.9687370071563264, 0.9158152466819558, 0.9351171916089874]
