training_data_sizes: [0.1, 0.2, 0.3, 0.4, 0.5, 0.6, 0.7, 0.8]
times: [139.0, 274.0, 413.0, 557.0, 692.0, 839.0, 978.9999999999999, 1111.0]
scores: [0.8831752684935853, 0.8217432140897998, 0.8545445828743299, 1.0, 0.9668471028240528, 1.0, 0.9334283681626356, 0.9206317305388989]
