training_data_sizes: [0.1, 0.2, 0.3, 0.4, 0.5, 0.6]
times: [234.47, 475.49, 702.54, 935.62, 1174.78, 1407.02]
scores: [0.7979535757742048, 0.8756022794727463, 0.9690991714725585, 0.8693605993300009, 0.9032416948183615, 0.8975906168577885]
