training_data_sizes: [0.1, 0.2, 0.3, 0.4, 0.5, 0.6, 0.7, 0.8, 0.9]
times: [137.0, 276.0, 415.0, 556.0, 693.0, 836.0, 973.9999999999999, 1114.0, 1258.0]
scores: [0.784893560049488, 0.9417508212673216, 0.8475581531995351, 0.9362908663544183, 0.9825217278310117, 0.9754791641973883, 1.0, 1.0, 0.9597379373343504]
