training_data_sizes: [0.1, 0.2, 0.3, 0.4, 0.5, 0.6, 0.7, 0.8, 0.9]
times: [135.67, 271.94, 402.87, 535.94, 670.72, 800.14, 936.14, 1068.31, 1202.67]
scores: [0.7236179579028512, 0.7315284612048348, 0.7943761434615936, 0.8326804820276303, 0.9254364777788227, 1.0, 0.9505596376054147, 0.9993874512359602, 1.0]
