training_data_sizes: [0.1, 0.2, 0.3, 0.4, 0.5]
times: [99.0, 192.0, 294.0, 399.0, 494.0]
scores: [0.5601989396800329, 0.6762801102283476, 0.7483230980857696, 0.6551284329761713, 0.8734389675510212]
