training_data_sizes: [0.1, 0.2, 0.3, 0.4, 0.5, 0.6, 0.7, 0.8]
times: [30.0, 78.0, 110.0, 156.0, 191.0, 239.0, 279.0, 314.0]
scores: [0.7907368820221853, 0.7598454681665495, 0.814428442266821, 0.8167075092008256, 0.6599315592126666, 0.8265840440162472, 0.7758804194329396, 0.752677021709329]
