training_data_sizes: [0.1, 0.2, 0.3, 0.4, 0.5, 0.6, 0.7, 0.8, 0.9, 1.0]
times: [10.03, 20.43, 32.29, 44.5, 57.85, 69.76, 82.44, 95.89, 108.73, 121.83]
scores: [0.4305504309881041, 0.3476907838060793, 0.3126697060537904, 0.29527119201580065, 0.2817929093816346, 0.26987381677066, 0.2656850792397213, 0.2560571459599673, 0.2517881352021838, 0.24940596359503775]
