training_data_sizes: [0.1, 0.2, 0.3]
times: [84.0, 173.0, 262.0]
scores: [0.9581243972551972, 0.9399704374153863, 0.9413812387075338]
