training_data_sizes: [0.1, 0.2, 0.3, 0.4, 0.5, 0.6]
times: [35.0, 79.0, 117.0, 151.0, 198.0, 238.0]
scores: [0.807485578820278, 0.8893452939950574, 0.9883913145938774, 0.9199968049269454, 0.8959933466511774, 1.0]
