training_data_sizes: [0.1, 0.2, 0.3, 0.4, 0.5, 0.6, 0.7, 0.8, 0.9, 1.0]
times: [114.0, 236.0, 356.0, 472.0, 591.0, 718.0, 836.0, 957.0, 1071.0, 1198.0]
scores: [0.8637982727604057, 0.8700881494641781, 0.8872153084249857, 1.0, 0.9254081980489239, 1.0, 0.9432393760899878, 1.0, 1.0, 1.0]
