training_data_sizes: [0.1, 0.2, 0.3, 0.4, 0.5]
times: [201.95, 402.36, 601.8, 807.21, 1003.02]
scores: [0.6982337402138703, 0.7062614206463877, 0.8289029596555124, 0.9401255701118059, 1.0]
