training_data_sizes: [0.1, 0.2, 0.3]
times: [23.0, 56.0, 89.0]
scores: [0.6895969098830987, 0.7537775449360916, 0.8010577009438349]
