training_data_sizes: [0.1, 0.2, 0.3, 0.4, 0.5, 0.6, 0.7, 0.8]
times: [155.13, 309.85, 452.63, 606.99, 754.93, 905.5, 1051.44, 1201.7]
scores: [0.8271885585175143, 0.8765639368102962, 0.9955672615914499, 0.8449806330596596, 0.863325130473932, 1.0, 0.9308320539205719, 0.9809736712605245]
