training_data_sizes: [0.1, 0.2, 0.3, 0.4]
times: [251.0, 506.03, 754.99, 1006.56]
scores: [0.8070421495615376, 0.8337587805632041, 0.9265797772004671, 0.8623726526708224]
