training_data_sizes: [0.1, 0.2]
times: [59.0, 112.0]
scores: [0.9296629559068076, 0.8165844249079186]
