training_data_sizes: [0.1, 0.2, 0.3, 0.4]
times: [282.41, 558.85, 833.67, 1101.54]
scores: [0.8929740696924778, 0.9586624238910285, 0.9296304435017715, 0.9085307582347188]
