training_data_sizes: [0.1, 0.2, 0.3, 0.4, 0.5, 0.6, 0.7, 0.8, 0.9]
times: [3.0, 16.0, 28.0, 37.0, 42.0, 52.0, 63.0, 72.0, 80.0]
scores: [0.7126207825795371, 0.8137592576699381, 0.7402209079343349, 0.7567574187258745, 0.8866661805875318, 0.8567930661418408, 0.8898871233869927, 0.9416913849000071, 0.9782201759886083]
