training_data_sizes: [0.1, 0.2, 0.3, 0.4, 0.5, 0.6, 0.7, 0.8]
times: [19.0, 37.0, 53.0, 74.0, 93.0, 112.0, 138.0, 150.0]
scores: [0.9432519705956053, 0.9261119090335288, 0.8622754117589662, 1.0, 0.8947929404256684, 0.8445792480184098, 1.0, 0.9481239150705802]
