training_data_sizes: [0.1, 0.2, 0.3]
times: [86.0, 179.0, 268.0]
scores: [0.808929396309438, 0.8227134927723936, 0.9329566432814052]
