training_data_sizes: [0.1, 0.2, 0.3, 0.4, 0.5, 0.6, 0.7, 0.8, 0.9]
times: [71.52, 138.85, 208.12, 273.17, 335.15, 400.43, 475.91, 536.8, 606.54]
scores: [0.8985025626588048, 1.0, 0.9206679491702022, 0.9661994109569869, 1.0, 1.0, 1.0, 1.0, 1.0]
