training_data_sizes: [0.1, 0.2, 0.3, 0.4]
times: [120.0, 251.0, 384.0, 514.0]
scores: [0.4883165567239105, 0.6237065372178333, 0.7001720656174153, 0.7022269316737072]
