training_data_sizes: [0.1, 0.2, 0.3]
times: [65.0, 137.0, 201.0]
scores: [0.9194589140602936, 0.807375931669465, 0.8364779281453758]
