training_data_sizes: [0.1, 0.2, 0.3, 0.4, 0.5, 0.6, 0.7, 0.8, 0.9, 1.0]
times: [121.0, 257.0, 388.0, 518.0, 649.0, 773.0, 902.9999999999999, 1031.0, 1166.0, 1298.0]
scores: [0.6978407069826278, 0.8040857498036742, 0.8630866288144683, 0.9223447292848456, 0.8820481416662844, 0.9688536474946473, 1.0, 1.0, 1.0, 1.0]
