training_data_sizes: [0.1, 0.2, 0.3, 0.4, 0.5, 0.6]
times: [140.06, 272.65, 401.52, 542.23, 674.83, 807.75]
scores: [0.5177598431957176, 0.7051915584976698, 0.7621232835308293, 0.6794504014374081, 0.7081960705236605, 0.9528023446610829]
