training_data_sizes: [0.1, 0.2, 0.3, 0.4, 0.5]
times: [25.0, 54.0, 87.0, 111.0, 149.0]
scores: [0.7881612891568345, 0.6714328518921172, 0.8076940458910812, 0.7514101547820337, 0.7068391049574413]
