training_data_sizes: [0.1, 0.2, 0.3, 0.4, 0.5, 0.6, 0.7, 0.8]
times: [177.8, 355.1, 525.94, 704.84, 883.66, 1052.86, 1228.85, 1400.91]
scores: [0.6297566567095321, 0.8269082867127244, 0.822747380532534, 0.7969948864955774, 0.822834956910289, 1.0, 1.0, 0.994711280550692]
