training_data_sizes: [0.1, 0.2, 0.3, 0.4, 0.5]
times: [105.0, 214.0, 328.0, 431.0, 545.0]
scores: [0.9596406522048955, 0.977071395040483, 1.0, 0.956877882652579, 1.0]
