training_data_sizes: [0.1, 0.2, 0.3, 0.4]
times: [301.79, 605.63, 906.15, 1207.53]
scores: [0.8987066357293552, 0.9955213323512808, 0.8723156152136222, 0.9004223686127117]
