training_data_sizes: [0.1, 0.2, 0.3, 0.4, 0.5, 0.6, 0.7, 0.8]
times: [128.13, 258.41, 376.32, 509.64, 628.75, 752.77, 882.1, 1007.25]
scores: [0.9442999661382228, 0.9273290578408218, 0.952875005266308, 1.0, 1.0, 0.9931198920837022, 1.0, 0.9911372150801001]
