training_data_sizes: [0.1, 0.2, 0.3]
times: [12.0, 39.0, 56.0]
scores: [0.6682321436625535, 0.7080869807934336, 0.7603955881372136]
