training_data_sizes: [0.1, 0.2, 0.3]
times: [54.0, 115.0, 171.0]
scores: [0.8522289658697237, 0.8247503548370585, 0.9533276330938336]
