training_data_sizes: [0.1, 0.2]
times: [409.65, 809.33]
scores: [0.9392302164291955, 0.9301948243973923]
