training_data_sizes: [0.1, 0.2, 0.3, 0.4, 0.5, 0.6]
times: [158.58, 307.57, 453.77, 601.35, 750.72, 906.61]
scores: [0.8789465368937845, 0.8612516021757697, 0.784332421489506, 0.9199365773057471, 0.9343388033435778, 0.9357504863398818]
