training_data_sizes: [0.1, 0.2, 0.3]
times: [206.59, 408.54, 605.69]
scores: [0.8318650789256701, 0.890099617469391, 0.8466085668666665]
