training_data_sizes: [0.1, 0.2, 0.3, 0.4, 0.5, 0.6, 0.7, 0.8, 0.9]
times: [116.56, 225.15, 341.2, 449.26, 561.8, 670.69, 786.93, 891.61, 1000.48]
scores: [0.9384751849013826, 1.0, 0.8700064983121554, 1.0, 1.0, 0.940661467934498, 1.0, 1.0, 1.0]
