training_data_sizes: [0.1, 0.2, 0.3, 0.4, 0.5, 0.6]
times: [71.0, 158.0, 234.0, 316.0, 392.0, 470.0]
scores: [0.8357525301740499, 0.899396505629694, 0.949384575998395, 1.0, 1.0, 1.0]
