training_data_sizes: [0.1, 0.2, 0.3, 0.4, 0.5, 0.6, 0.7, 0.8]
times: [133.9, 257.97, 380.65, 506.58, 629.87, 751.88, 876.31, 1004.17]
scores: [0.7054228102268462, 0.7642420368099747, 0.7664019770942391, 0.8857271941986444, 0.9413837674242193, 0.8909531251523395, 1.0, 1.0]
