training_data_sizes: [0.1, 0.2, 0.3, 0.4]
times: [116.0, 230.0, 353.0, 474.0]
scores: [0.6974177206198746, 0.653183022342882, 0.7062630026520358, 0.7689295829042746]
