training_data_sizes: [0.1, 0.2, 0.3, 0.4, 0.5]
times: [70.0, 155.0, 238.0, 311.0, 397.0]
scores: [0.9465231328518591, 0.7946149081457816, 0.9720539483065908, 0.8768745122118475, 0.8995150726874668]
