training_data_sizes: [0.1, 0.2]
times: [116.0, 236.0]
scores: [0.7165156075036283, 0.8721343895679126]
