training_data_sizes: [0.1, 0.2, 0.3, 0.4, 0.5, 0.6, 0.7, 0.8, 0.9]
times: [71.74, 137.98, 207.53, 274.98, 339.16, 407.14, 469.53, 541.74, 608.85]
scores: [0.428962360380633, 0.6131209596696873, 0.47644577601420207, 0.503537388420492, 0.47458245444658487, 0.6418870747924605, 0.7302165528931897, 0.6659547818444966, 0.8798760702279951]
