training_data_sizes: [0.1, 0.2, 0.3, 0.4]
times: [28.0, 59.0, 89.0, 117.0]
scores: [0.8997048757222049, 0.9002277838863212, 0.9738845663833905, 0.8067355674225536]
