training_data_sizes: [0.1, 0.2]
times: [31.0, 72.0]
scores: [0.847641493668071, 0.8495924879060338]
