training_data_sizes: [0.1, 0.2, 0.3, 0.4, 0.5]
times: [39.0, 71.0, 113.0, 153.0, 199.0]
scores: [0.6575657473463802, 0.6694576362839031, 0.6888729690860486, 0.7984960143996743, 0.7996621502975145]
