training_data_sizes: [0.1, 0.2, 0.3, 0.4, 0.5, 0.6, 0.7, 0.8, 0.9]
times: [68.67, 141.68, 205.87, 273.68, 337.55, 403.75, 474.54, 539.64, 607.37]
scores: [0.9441897524852536, 1.0, 1.0, 0.9956486441305245, 1.0, 1.0, 1.0, 1.0, 1.0]
