training_data_sizes: [0.1, 0.2, 0.3, 0.4, 0.5, 0.6, 0.7, 0.8]
times: [80.35, 157.79, 233.63, 306.46, 384.36, 452.1, 533.49, 604.1]
scores: [0.735308163809891, 0.885516507411669, 0.9068855775378474, 0.9129791228398435, 0.9275474156449679, 1.0, 1.0, 0.9788347416285923]
