training_data_sizes: [0.1, 0.2, 0.3, 0.4, 0.5, 0.6, 0.7]
times: [117.0, 232.0, 352.0, 471.0, 591.0, 714.0, 830.0]
scores: [0.5539978086188106, 0.7181057256830954, 0.5991077941435162, 0.6762533051550493, 0.7464331515202391, 0.8836855422029293, 0.9395486157014385]
