training_data_sizes: [0.1, 0.2, 0.3, 0.4, 0.5, 0.6, 0.7, 0.8, 0.9, 1.0]
times: [7.18, 0.04, 22.26, 29.99, 37.6, 45.46, 52.95, 65.04, 70.03, 78.8]
scores: [0.5249855145065645, 0.5306880715566299, 0.5543444321401985, 0.5570821525576134, 0.5728861658267106, 0.5652434223525484, 0.568665998235746, 0.5709380855468025, 0.5811171695136266, 0.5838573495532307]
