training_data_sizes: [0.1, 0.2]
times: [63.0, 132.0]
scores: [0.5711610504192564, 0.5118786909407943]
