training_data_sizes: [0.1, 0.2, 0.3, 0.4, 0.5, 0.6, 0.7, 0.8, 0.9]
times: [90.9, 185.06, 271.82, 363.62, 446.11, 540.19, 626.4, 719.22, 803.61]
scores: [0.9010113806172366, 0.9066771684077229, 0.8606892345530035, 0.9184656546042254, 0.9026146170372986, 0.9826673161093058, 0.9067907100122797, 0.868529150431661, 0.9613936603037001]
