training_data_sizes: [0.1, 0.2, 0.3, 0.4, 0.5, 0.6, 0.7, 0.8, 0.9]
times: [10.97, 29.07, 50.58, 77.48, 110.56, 155.31, 191.62, 239.98, 291.2]
scores: [0.10965316653472945, 0.1097278577206594, 0.15022697897656778, 0.20415735547171132, 0.23766712850931493, 0.2435447993343418, 0.2587017000770332, 0.2825896990881278, 0.2763711674122581]
