training_data_sizes: [0.1, 0.2, 0.3]
times: [64.0, 132.0, 208.0]
scores: [0.8325830048935661, 0.712830896862247, 0.6983132416257947]
