training_data_sizes: [0.1, 0.2, 0.3, 0.4, 0.5, 0.6, 0.7, 0.8, 0.9, 1.0]
times: [84.0, 175.0, 263.0, 354.0, 445.0, 539.0, 624.0, 710.0, 805.0, 897.0]
scores: [0.70467895324334, 0.6991648817069268, 0.6425371435404315, 0.6465262379709186, 0.5573799288393919, 0.6330294698403683, 0.4681797283327734, 0.5860237850932719, 0.6014300267718379, 0.5097875492982225]
