training_data_sizes: [0.1, 0.2, 0.3, 0.4]
times: [5.0, 12.0, 29.0, 36.0]
scores: [0.8064959802379192, 0.7989533942630391, 0.7267359359300125, 0.9043055865295737]
