training_data_sizes: [0.1, 0.2, 0.3, 0.4, 0.5, 0.6, 0.7, 0.8, 0.9, 1.0]
times: [0.86, 1.62, 2.24, 3.02, 3.88, 4.48, 5.13, 5.75, 6.55, 7.05]
scores: [0.437018751383226, 0.4352930042371936, 0.42901271138283564, 0.4297747685990652, 0.423933313478529, 0.4233045971925014, 0.4236067252939922, 0.42611541064691805, 0.4270094336898973, 0.4256758745756161]
