training_data_sizes: [0.1, 0.2, 0.3, 0.4, 0.5, 0.6, 0.7, 0.8, 0.9]
times: [21.0, 53.0, 89.0, 111.0, 146.0, 177.0, 205.0, 238.0, 260.0]
scores: [0.5277513382213125, 0.6663524459279997, 0.5163736251921066, 0.5491503431568183, 0.5372131347909372, 0.4733417611718187, 0.6142922798996995, 0.55607997217986, 0.44737487422518846]
