training_data_sizes: [0.1, 0.2, 0.3, 0.4]
times: [33.0, 74.0, 116.0, 153.0]
scores: [0.9481644846993559, 0.9415742611043302, 1.0, 1.0]
