training_data_sizes: [0.1, 0.2, 0.3, 0.4, 0.5, 0.6]
times: [125.94, 235.26, 350.67, 471.91, 592.54, 708.37]
scores: [0.8092308749778572, 0.844908135254466, 0.9598134395143915, 0.9790498989597033, 0.9577308723546745, 0.9523377940522262]
