training_data_sizes: [0.1, 0.2]
times: [408.96, 808.55]
scores: [0.7913144108218061, 0.7539408277775033]
