training_data_sizes: [0.1, 0.2]
times: [501.72, 1008.22]
scores: [0.8054278315802417, 0.9133199832879245]
