training_data_sizes: [0.1, 0.2]
times: [56.0, 118.0]
scores: [0.5246663373745812, 0.48571342335171913]
