training_data_sizes: [0.1, 0.2, 0.3, 0.4, 0.5, 0.6, 0.7, 0.8, 0.9, 1.0]
times: [1.77, 2.87, 4.02, 5.25, 6.51, 7.51, 8.49, 9.19, 10.09, 11.4]
scores: [0.4869465600855717, 0.4785582436675413, 0.48577021494570105, 0.4955974481306069, 0.495354733827169, 0.4984910462715968, 0.49681854173259343, 0.5000218357900801, 0.5004881329782656, 0.4979780813896941]
