training_data_sizes: [0.1, 0.2, 0.3, 0.4, 0.5, 0.6, 0.7]
times: [3.0, 18.0, 22.0, 34.0, 47.0, 56.0, 69.0]
scores: [0.6321684189240871, 0.766505438385875, 0.741544821771332, 0.7567593023735099, 0.9696076220304723, 0.9586296778195396, 1.0]
