training_data_sizes: [0.1, 0.2, 0.3, 0.4, 0.5, 0.6, 0.7, 0.8]
times: [147.02, 282.06, 415.53, 554.83, 688.16, 833.48, 965.42, 1106.7]
scores: [0.8124841283915906, 0.9758687695934456, 0.9972776739048745, 0.984684288291021, 0.9695038280874497, 1.0, 0.9742525635133004, 1.0]
