training_data_sizes: [0.1, 0.2, 0.3, 0.4, 0.5]
times: [24.0, 55.0, 88.0, 119.0, 140.0]
scores: [0.5417459739572142, 0.49349359003459514, 0.5864595285987848, 0.6696334952249146, 0.7926227474958085]
