training_data_sizes: [0.1, 0.2, 0.3, 0.4, 0.5, 0.6, 0.7]
times: [103.09, 207.07, 306.97, 404.98, 506.16, 608.62, 702.47]
scores: [0.7982558387148107, 0.7466174401699939, 0.8174484790126102, 0.8403326727329831, 0.8756046176046371, 0.9974805340724211, 1.0]
