training_data_sizes: [0.1, 0.2]
times: [26.0, 59.0]
scores: [0.6467108883620606, 0.8355821261322769]
