training_data_sizes: [0.1, 0.2, 0.3, 0.4]
times: [136.0, 278.0, 412.0, 551.0]
scores: [0.753545330994014, 0.693265858002148, 0.8041904697586838, 0.8302828805655155]
