training_data_sizes: [0.1, 0.2, 0.3, 0.4, 0.5, 0.6, 0.7, 0.8]
times: [79.0, 153.0, 239.0, 313.0, 398.0, 478.0, 555.0, 638.0]
scores: [0.8833189091368234, 0.9241979547192012, 0.9641475935735125, 0.9125060315380337, 0.8805164316688088, 0.8100004460424683, 0.846596670548535, 0.7561171615550224]
