training_data_sizes: [0.1, 0.2, 0.3, 0.4, 0.5]
times: [81.0, 179.0, 269.0, 353.0, 441.0]
scores: [0.6733713130201175, 0.7080464047935784, 0.746589958928394, 0.7350847520856989, 0.7932288391573472]
