training_data_sizes: [0.1, 0.2, 0.3]
times: [24.0, 54.0, 86.0]
scores: [0.4811636075554552, 0.5486262111848743, 0.7082131091473257]
