training_data_sizes: [0.1, 0.2, 0.3, 0.4, 0.5, 0.6, 0.7, 0.8]
times: [55.0, 113.0, 175.0, 236.0, 290.0, 351.0, 410.0, 475.0]
scores: [0.555017698766261, 0.6211108298342285, 0.6084034073508525, 0.647746109603921, 0.6972025028478087, 0.6089812306456632, 0.8504069892962931, 0.7446984691489035]
