training_data_sizes: [0.1, 0.2, 0.3, 0.4, 0.5]
times: [11.0, 30.0, 55.0, 73.0, 90.0]
scores: [0.8324587346115124, 1.0, 0.9213847032624691, 1.0, 0.975120252413302]
