training_data_sizes: [0.1, 0.2, 0.3]
times: [25.0, 53.0, 81.0]
scores: [0.7092234488045877, 0.7283752692430598, 0.693502436303377]
