training_data_sizes: [0.1, 0.2, 0.3, 0.4, 0.5, 0.6]
times: [35.0, 77.0, 114.0, 157.0, 193.0, 235.0]
scores: [0.8626136640677395, 0.9120716575452401, 1.0, 1.0, 1.0, 1.0]
