training_data_sizes: [0.1, 0.2, 0.3, 0.4, 0.5, 0.6, 0.7, 0.8, 0.9, 1.0]
times: [148.82, 283.24, 429.83, 565.07, 709.22, 844.55, 984.47, 1129.46, 1269.7, 1402.7]
scores: [0.9660083016722651, 0.9458854295893896, 0.8846393276318627, 0.9620238854632148, 0.8740461004287738, 0.9137967046376726, 1.0, 1.0, 1.0, 1.0]
