training_data_sizes: [0.1, 0.2, 0.3, 0.4, 0.5, 0.6]
times: [27.0, 55.0, 88.0, 112.0, 140.0, 177.0]
scores: [0.8756941135329437, 0.8229740096544047, 0.8800216828307083, 0.9048954823227509, 0.9344636258415895, 1.0]
