training_data_sizes: [0.1, 0.2, 0.3]
times: [19.0, 38.0, 50.0]
scores: [0.8644284262830123, 0.9626859038536193, 0.9715302738884886]
