training_data_sizes: [0.1, 0.2, 0.3, 0.4, 0.5]
times: [21.0, 56.0, 85.0, 117.0, 146.0]
scores: [0.9079181119292994, 1.0, 0.9187000791272861, 0.840757317483734, 0.9872830343221839]
