training_data_sizes: [0.1, 0.2, 0.3, 0.4, 0.5, 0.6, 0.7, 0.8, 0.9, 1.0]
times: [76.21, 141.3, 213.83, 283.93, 353.74, 420.85, 494.59, 567.69, 635.1, 709.03]
scores: [0.8360202226720137, 0.7988379082339957, 0.8983093977230234, 0.9568729870941702, 1.0, 0.931318881975231, 1.0, 1.0, 1.0, 1.0]
