training_data_sizes: [0.1, 0.2, 0.3, 0.4]
times: [327.73, 657.69, 979.88, 1303.48]
scores: [0.7907754817698196, 0.8751564810395258, 0.8024260873416187, 0.8586630146194016]
