training_data_sizes: [0.1, 0.2, 0.3, 0.4, 0.5, 0.6, 0.7, 0.8, 0.9]
times: [76.37, 135.02, 207.28, 275.04, 341.95, 401.83, 470.48, 535.13, 600.64]
scores: [0.7376815155107, 0.7415378849144125, 0.7970510799072708, 0.7162559470660277, 0.7243532117194056, 0.7161943374090292, 0.8659463247744488, 0.7143928807894241, 0.8369002572494346]
