training_data_sizes: [0.1, 0.2]
times: [554.67, 1103.29]
scores: [0.8895141580391346, 0.8001516344549645]
