training_data_sizes: [0.1, 0.2, 0.3, 0.4, 0.5]
times: [21.0, 58.0, 81.0, 117.0, 146.0]
scores: [0.8456869002618406, 0.7982880813887803, 0.8390537032030598, 0.9396121719695523, 0.8535074607052408]
