training_data_sizes: [0.1, 0.2, 0.3]
times: [374.51, 736.17, 1105.22]
scores: [0.7812772356264328, 0.8280602922247953, 0.9773772200927902]
