training_data_sizes: [0.1, 0.2, 0.3, 0.4, 0.5, 0.6]
times: [90.0, 197.0, 297.0, 399.0, 491.0, 594.0]
scores: [0.7756012732037126, 0.9293040060637744, 0.9559449731687033, 0.8476013544225975, 0.8974360808327368, 0.9699505260426361]
