training_data_sizes: [0.1, 0.2, 0.3, 0.4, 0.5, 0.6, 0.7, 0.8, 0.9, 1.0]
times: [31.0, 72.0, 117.0, 153.0, 199.0, 230.0, 275.0, 316.0, 357.0, 390.0]
scores: [0.8107998965154826, 0.895660912975822, 0.7984051966035456, 0.7617114697101712, 0.8045689291878575, 0.8758575197748171, 0.7543620728387788, 0.7725476532842243, 0.7477267911456092, 0.8307602604828979]
