training_data_sizes: [0.1, 0.2, 0.3, 0.4, 0.5, 0.6]
times: [155.34, 303.47, 458.67, 607.11, 752.29, 904.8]
scores: [0.6740623385687545, 0.7252767509868494, 0.8099013638598437, 0.843971181083273, 0.843342179761841, 0.935336049164394]
