training_data_sizes: [0.1, 0.2]
times: [58.0, 119.0]
scores: [0.6369769662980009, 0.5157341683969129]
