training_data_sizes: [0.1, 0.2, 0.3, 0.4, 0.5, 0.6]
times: [102.0, 215.0, 322.0, 437.0, 540.0, 652.0]
scores: [0.8648773293372525, 0.908870695509668, 0.9022355496093266, 0.8757893289180713, 0.9004178051189493, 0.8140417099472359]
