training_data_sizes: [0.1, 0.2, 0.3, 0.4, 0.5, 0.6, 0.7, 0.8]
times: [165.97, 330.54, 496.02, 654.1, 819.9, 980.96, 1138.2, 1308.82]
scores: [0.52801861500848, 0.5281670449938055, 0.5401501206095454, 0.6322513852774305, 0.5237089084154062, 0.5413206219770078, 0.663862409096373, 0.7204180260796478]
