training_data_sizes: [0.1, 0.2, 0.3, 0.4, 0.5, 0.6, 0.7, 0.8]
times: [127.78, 257.22, 377.1, 509.72, 630.84, 752.86, 875.84, 1008.0]
scores: [0.9133371819256098, 0.8468267305590805, 0.8015019109168486, 0.8570219406441895, 0.9477230957832009, 0.792548873561437, 0.7930566724346461, 0.8277874177132732]
