training_data_sizes: [0.1, 0.2, 0.3, 0.4, 0.5, 0.6, 0.7, 0.8, 0.9]
times: [126.0, 254.0, 388.0, 518.0, 644.0, 772.0, 902.9999999999999, 1039.0, 1169.0]
scores: [0.5721102790540291, 0.44802615530205686, 0.6134162626327826, 0.5517943373949548, 0.576953015477394, 0.5554920289135956, 0.604707892814668, 0.7081814988064907, 0.864467745327431]
