training_data_sizes: [0.1, 0.2]
times: [37.0, 75.0]
scores: [0.7878453003720431, 0.8257563389255689]
