training_data_sizes: [0.1, 0.2, 0.3]
times: [203.55, 407.38, 601.46]
scores: [0.5437621105943843, 0.5267947704880904, 0.5618562426325774]
