training_data_sizes: [0.1, 0.2, 0.3, 0.4, 0.5, 0.6]
times: [235.83, 469.37, 709.84, 942.47, 1170.86, 1407.57]
scores: [0.8369812095318072, 0.8619022132784787, 1.0, 1.0, 1.0, 0.9447008009747432]
