training_data_sizes: [0.1, 0.2, 0.3, 0.4, 0.5, 0.6, 0.7, 0.8]
times: [165.61, 330.37, 495.64, 652.86, 820.64, 980.18, 1142.38, 1308.44]
scores: [0.8058935921934904, 0.8089994499573827, 0.8021029992289463, 0.8329190458157344, 0.9468988617005842, 1.0, 1.0, 1.0]
