training_data_sizes: [0.1, 0.2, 0.3, 0.4, 0.5, 0.6, 0.7, 0.8, 0.9, 1.0]
times: [38.0, 70.0, 119.0, 157.0, 197.0, 238.0, 272.0, 319.0, 350.0, 392.0]
scores: [0.777514578125132, 0.8741806221368489, 0.8454958490749136, 0.8476695438988331, 0.8509744136692332, 0.7000908807850683, 0.6915647552537639, 0.7284017965001826, 0.7570535947598354, 0.7740690754122368]
