training_data_sizes: [0.1, 0.2, 0.3, 0.4, 0.5, 0.6]
times: [38.0, 71.0, 112.0, 159.0, 190.0, 237.0]
scores: [0.5684838610499818, 0.5768273577361789, 0.7588841035396927, 0.7101486763800595, 0.8389776044556447, 0.9426622329403483]
