training_data_sizes: [0.1, 0.2, 0.3]
times: [94.0, 190.0, 292.0]
scores: [0.9867837411815861, 0.9671039880664059, 0.9458998693797431]
