training_data_sizes: [0.1, 0.2, 0.3]
times: [42.0, 98.0, 141.0]
scores: [0.8585519661322814, 0.7480284683575611, 0.8013788992161268]
