training_data_sizes: [0.1, 0.2, 0.3, 0.4, 0.5, 0.6]
times: [41.0, 90.0, 147.0, 190.0, 243.0, 297.0]
scores: [0.6893887770139122, 0.6936349720846462, 0.7727419143588425, 0.8248137378715982, 0.9685368631380034, 0.8930784512638739]
