training_data_sizes: [0.1, 0.2, 0.3, 0.4, 0.5, 0.6, 0.7, 0.8, 0.9, 1.0]
times: [85.84, 164.52, 248.07, 328.89, 408.61, 486.35, 564.04, 645.49, 724.06, 805.78]
scores: [0.8342871033986268, 0.7368763178777871, 0.7655963450847574, 0.7345486776024042, 0.7870750223481237, 0.806661187238614, 0.6255108408202464, 0.6642861750549374, 0.6402336503710524, 0.5686319203164777]
