training_data_sizes: [0.1, 0.2, 0.3, 0.4, 0.5, 0.6, 0.7]
times: [181.19, 352.75, 523.39, 692.88, 866.73, 1037.48, 1202.29]
scores: [0.9741257358256867, 0.9627520346951535, 0.8675087604202195, 1.0, 0.9950090913620834, 0.9693075543554455, 0.9398896982551961]
