training_data_sizes: [0.1, 0.2, 0.3, 0.4, 0.5, 0.6, 0.7, 0.8]
times: [96.0, 192.0, 290.0, 399.0, 490.0, 590.0, 692.0, 791.0]
scores: [0.8613443854683107, 0.7657989282420253, 0.9034441790712671, 0.9258597107843509, 0.8522175729022989, 0.9404388213112669, 0.9473694111488085, 0.868973521570395]
