training_data_sizes: [0.1, 0.2, 0.3, 0.4, 0.5, 0.6, 0.7]
times: [64.0, 136.0, 207.0, 276.0, 343.0, 410.0, 487.99999999999994]
scores: [0.836924909637957, 0.8202935351405642, 0.8489475876417263, 0.7873364784147484, 0.7715436426014749, 0.8467369703437408, 0.6833407261325379]
