training_data_sizes: [0.1, 0.2, 0.3, 0.4, 0.5]
times: [14.0, 30.0, 51.0, 76.0, 94.0]
scores: [0.6105852031189347, 0.6891349831674759, 0.719075008614537, 0.7837264862247577, 0.7445138678323784]
