training_data_sizes: [0.1, 0.2, 0.3, 0.4, 0.5, 0.6, 0.7, 0.8, 0.9, 1.0]
times: [125.0, 251.0, 389.0, 515.0, 643.0, 772.0, 902.9999999999999, 1035.0, 1164.0, 1290.0]
scores: [0.71222338633397, 0.7052419357749601, 0.779463699904523, 0.7750226895435379, 0.7567659794604902, 0.685182906700486, 0.720157593151552, 0.7486403052127963, 0.8131735235977962, 0.7878443029439237]
