training_data_sizes: [0.1, 0.2, 0.3]
times: [436.88, 870.63, 1302.93]
scores: [0.650055255214749, 0.7693407274823314, 0.7155458720225718]
