training_data_sizes: [0.1, 0.2, 0.3, 0.4, 0.5, 0.6, 0.7, 0.8]
times: [155.72, 301.25, 452.64, 609.81, 751.84, 906.85, 1052.09, 1208.27]
scores: [0.9070327122554969, 0.8465953058180278, 1.0, 0.989193706503628, 1.0, 1.0, 1.0, 1.0]
