training_data_sizes: [0.1, 0.2, 0.3, 0.4, 0.5, 0.6, 0.7, 0.8, 0.9, 1.0]
times: [133.67, 268.42, 394.99, 527.49, 654.92, 787.81, 915.76, 1049.98, 1171.21, 1305.79]
scores: [0.9394858632387608, 0.9552049932200821, 1.0, 1.0, 0.9838312806560983, 1.0, 1.0, 1.0, 1.0, 1.0]
