training_data_sizes: [0.1, 0.2, 0.3, 0.4, 0.5, 0.6, 0.7, 0.8, 0.9]
times: [70.0, 159.0, 237.0, 318.0, 398.0, 470.0, 550.0, 637.0, 715.0]
scores: [0.9987393481012854, 0.9546349622396115, 0.9443631766977048, 0.9184519106201579, 0.9758954523188461, 1.0, 1.0, 0.9946299609756317, 1.0]
