training_data_sizes: [0.1, 0.2, 0.3, 0.4, 0.5, 0.6, 0.7, 0.8]
times: [105.17, 202.3, 302.81, 405.75, 503.07, 603.37, 705.82, 802.59]
scores: [0.7622042721952977, 0.8056478044735224, 0.8570112703714445, 0.9086717622146374, 1.0, 0.8833075869292788, 1.0, 1.0]
