training_data_sizes: [0.1, 0.2, 0.3, 0.4, 0.5, 0.6, 0.7, 0.8]
times: [79.0, 153.0, 237.0, 314.0, 394.0, 474.0, 552.0, 636.0]
scores: [0.7978543361697308, 0.9769652052086572, 0.8506233795629579, 1.0, 1.0, 0.9951523142801803, 1.0, 1.0]
