training_data_sizes: [0.1, 0.2, 0.3, 0.4, 0.5, 0.6, 0.7, 0.8]
times: [91.7, 182.42, 267.99, 350.8, 442.38, 527.48, 617.97, 703.62]
scores: [0.8102233292585741, 0.8500365925402487, 0.8435165479577781, 0.8883978053058802, 0.7986071637382057, 0.8397749411922499, 0.8901207523475134, 0.9625738496349944]
