training_data_sizes: [0.1, 0.2, 0.3, 0.4, 0.5, 0.6]
times: [170.4, 338.02, 506.07, 674.4, 842.63, 1004.78]
scores: [0.6647136828101452, 0.6992545602485809, 0.7724485447999908, 0.6399656809428254, 0.6131773717965912, 0.6534522201743701]
