training_data_sizes: [0.1, 0.2, 0.3, 0.4, 0.5, 0.6, 0.7]
times: [86.42, 178.73, 266.6, 347.55, 438.3, 523.33, 602.15]
scores: [0.7733267995021366, 0.792872922878227, 0.7966304917944786, 0.811488262269511, 0.7470225395916199, 0.7855707323801036, 0.8572646676225435]
