training_data_sizes: [0.1, 0.2, 0.3, 0.4, 0.5, 0.6, 0.7]
times: [110.0, 239.0, 352.0, 472.0, 590.0, 719.0, 833.0]
scores: [0.8178513711187837, 0.8623222285718546, 0.8705094233652056, 0.9300991561875123, 1.0, 0.8766336527742792, 0.9982520655268301]
