training_data_sizes: [0.1, 0.2, 0.3, 0.4, 0.5, 0.6]
times: [48.0, 90.0, 148.0, 194.0, 242.0, 299.0]
scores: [0.8887511375164465, 0.817840861927961, 0.84523039437682, 1.0, 0.9866366438148866, 1.0]
