training_data_sizes: [0.1, 0.2, 0.3, 0.4, 0.5, 0.6, 0.7, 0.8, 0.9, 1.0]
times: [91.67, 180.11, 271.45, 364.16, 459.15, 547.74, 634.49, 725.74, 810.9, 903.25]
scores: [0.8469783351480749, 0.9613166484968851, 0.964250246150435, 0.8874496676068271, 0.9031100545488812, 1.0, 0.833446700553073, 1.0, 0.9374236801913005, 1.0]
