training_data_sizes: [0.1, 0.2, 0.3, 0.4, 0.5, 0.6, 0.7, 0.8, 0.9]
times: [148.25, 291.26, 437.49, 582.08, 731.0, 870.16, 1015.39, 1155.71, 1304.17]
scores: [0.7603727175613519, 0.8372487523007117, 0.8907357353967287, 0.9122079568307785, 0.8333452609148995, 0.9429403452120206, 0.930427186007224, 0.9316274087051662, 0.97524567740729]
