training_data_sizes: [0.1, 0.2, 0.3, 0.4]
times: [48.0, 93.0, 143.0, 192.0]
scores: [0.9380664434646002, 0.7927412495669629, 0.9023603672130807, 0.9182648032316082]
