training_data_sizes: [0.1, 0.2, 0.3, 0.4, 0.5, 0.6, 0.7, 0.8, 0.9, 1.0]
times: [148.33, 285.62, 425.28, 563.35, 708.25, 844.48, 985.39, 1129.61, 1260.86, 1403.09]
scores: [1.0, 1.0, 0.9118987253928144, 1.0, 1.0, 1.0, 0.9841321604092665, 1.0, 1.0, 1.0]
