training_data_sizes: [0.1, 0.2]
times: [117.0, 233.0]
scores: [0.842259955027699, 0.8619422878597033]
