training_data_sizes: [0.1, 0.2, 0.3, 0.4, 0.5, 0.6, 0.7, 0.8]
times: [75.13, 151.84, 225.91, 300.52, 380.76, 456.16, 525.71, 600.53]
scores: [0.5979641648253491, 0.582028954420062, 0.4416350320700077, 0.5548452460320119, 0.5852841032490436, 0.5712492126773556, 0.7499657663084002, 0.719752721089393]
