training_data_sizes: [0.1, 0.2, 0.3, 0.4, 0.5, 0.6, 0.7, 0.8, 0.9, 1.0]
times: [89.35, 164.32, 249.61, 329.44, 400.29, 488.8, 565.86, 645.89, 722.79, 804.67]
scores: [0.6099851555605755, 0.6251830130313288, 0.6356098652431262, 0.6811117161688377, 0.752278889794058, 0.6951498968336678, 0.7682493521072344, 0.8186281773096052, 1.0, 1.0]
