training_data_sizes: [0.1, 0.2, 0.3, 0.4, 0.5, 0.6, 0.7, 0.8, 0.9, 1.0]
times: [0.14, 0.19, 0.24, 0.28, 0.34, 0.39, 0.5, 0.54, 0.6, 0.68]
scores: [0.9477885011670479, 0.970255189204858, 0.9789420177028515, 0.9838800231817209, 0.9866258400635639, 0.9885870905164806, 0.9900621970743109, 0.9911113218747938, 0.9920236693352431, 0.9927635594831942]
