training_data_sizes: [0.1, 0.2, 0.3, 0.4, 0.5, 0.6, 0.7, 0.8, 0.9, 1.0]
times: [4.76, 8.29, 11.93, 15.3, 18.33, 22.62, 25.42, 28.44, 32.49, 35.48]
scores: [1.0, 0.9979959919839678, 0.9973509933774833, 0.9873731550914235, 0.9860104144827622, 0.9844026211520878, 0.9710519832471052, 0.9395995731751738, 0.9458530517239239, 0.9305230288836845]
