training_data_sizes: [0.1, 0.2, 0.3, 0.4]
times: [26.0, 51.0, 81.0, 110.0]
scores: [0.8675909205156284, 0.8053244135541283, 0.9848004457439681, 0.9514766594968185]
