training_data_sizes: [0.1, 0.2, 0.3, 0.4]
times: [332.36, 653.72, 983.64, 1305.48]
scores: [0.8401494380872516, 0.8240876398152872, 0.8966520438772848, 0.8171103300253144]
