training_data_sizes: [0.1, 0.2, 0.3, 0.4, 0.5, 0.6, 0.7, 0.8]
times: [35.0, 73.0, 114.0, 153.0, 197.0, 231.0, 277.0, 312.0]
scores: [0.9444763889208476, 0.9619296884659163, 0.9331203821001756, 0.9155807141766331, 1.0, 0.9967717193890147, 0.9563234798784446, 1.0]
