training_data_sizes: [0.1, 0.2, 0.3, 0.4, 0.5, 0.6, 0.7, 0.8, 0.9]
times: [76.53, 140.88, 201.9, 266.99, 341.08, 409.82, 469.79, 534.3, 603.61]
scores: [0.5724259412888499, 0.7608939084685071, 0.8429783024360047, 0.8693126801850062, 0.8551321612667582, 0.9677161937306185, 1.0, 1.0, 1.0]
