training_data_sizes: [0.1, 0.2, 0.3, 0.4, 0.5, 0.6, 0.7]
times: [76.0, 159.0, 237.0, 313.0, 394.0, 471.0, 554.0]
scores: [1.0, 0.8783049896365572, 0.9979645457227881, 0.9476533322735405, 0.9503482190732861, 1.0, 1.0]
