training_data_sizes: [0.1, 0.2]
times: [96.0, 194.0]
scores: [0.8809563459713652, 0.9108232971262479]
