training_data_sizes: [0.1, 0.2, 0.3]
times: [39.0, 73.0, 114.0]
scores: [0.9084284185799207, 0.9879510010168269, 1.0]
