training_data_sizes: [0.1, 0.2, 0.3]
times: [54.0, 115.0, 178.0]
scores: [0.9597596600913265, 1.0, 0.9237292428756185]
