training_data_sizes: [0.1, 0.2, 0.3, 0.4, 0.5, 0.6, 0.7]
times: [129.77, 266.6, 391.65, 521.3, 648.04, 774.4, 902.74]
scores: [0.7474787181428943, 0.6947855224382697, 0.8605180696081942, 0.9061329296550628, 1.0, 1.0, 1.0]
