training_data_sizes: [0.1, 0.2, 0.3, 0.4, 0.5, 0.6, 0.7, 0.8]
times: [120.0, 259.0, 385.0, 517.0, 648.0, 778.0, 900.9999999999999, 1039.0]
scores: [0.7686360685006886, 0.9675908206703999, 0.8991561012773429, 1.0, 1.0, 1.0, 1.0, 1.0]
