training_data_sizes: [0.1, 0.2, 0.3, 0.4, 0.5, 0.6, 0.7, 0.8, 0.9, 1.0]
times: [95.07, 184.16, 270.43, 363.84, 458.32, 544.96, 632.69, 720.18, 815.17, 907.14]
scores: [0.7710140743467798, 0.8289486847212051, 0.8064735611540179, 0.8203537786521714, 0.8488365307701657, 0.9388339430651838, 0.8463792534953786, 0.8851034332054157, 0.8141336273036528, 0.9329501246589404]
