training_data_sizes: [0.1, 0.2, 0.3, 0.4, 0.5, 0.6, 0.7, 0.8]
times: [78.41, 152.27, 233.8, 306.15, 376.33, 450.7, 529.12, 609.83]
scores: [0.9822846440209907, 1.0, 1.0, 1.0, 1.0, 1.0, 1.0, 0.9867451450910318]
