training_data_sizes: [0.1, 0.2, 0.3, 0.4, 0.5, 0.6, 0.7, 0.8, 0.9, 1.0]
times: [31.0, 75.0, 112.0, 150.0, 199.0, 231.0, 279.0, 317.0, 350.0, 392.0]
scores: [0.5858378876912802, 0.597125504766262, 0.7298647395503722, 0.8610265028194435, 0.9054044480104982, 0.8603142679433472, 0.9675498147979673, 1.0, 1.0, 1.0]
