training_data_sizes: [0.1, 0.2, 0.3, 0.4]
times: [42.0, 99.0, 144.0, 198.0]
scores: [0.689948887529009, 0.7203870425052101, 0.9249442100549974, 0.885057527374171]
