training_data_sizes: [0.1, 0.2, 0.3, 0.4, 0.5]
times: [40.0, 98.0, 141.0, 195.0, 241.0]
scores: [0.966772103680515, 0.7736939243535504, 0.922560478601048, 0.9378422533778413, 0.814055073750031]
