training_data_sizes: [0.1, 0.2, 0.3, 0.4, 0.5, 0.6, 0.7, 0.8, 0.9, 1.0]
times: [49.0, 91.0, 144.0, 198.0, 242.0, 298.0, 344.0, 398.0, 449.0, 491.0]
scores: [0.8881933523588288, 0.9223717497012488, 0.8998164591329672, 0.8504446137004905, 0.9139724184531685, 1.0, 1.0, 1.0, 1.0, 1.0]
