training_data_sizes: [0.1, 0.2, 0.3, 0.4, 0.5, 0.6, 0.7, 0.8]
times: [129.79, 252.22, 384.13, 501.21, 632.46, 752.89, 881.74, 1008.44]
scores: [0.9156327619280398, 0.9573253249157054, 1.0, 0.9517744214316995, 0.9988924109433666, 1.0, 1.0, 1.0]
