training_data_sizes: [0.1, 0.2, 0.3]
times: [373.77, 737.39, 1105.62]
scores: [0.9488297962529051, 0.8760304129994106, 0.9303669734878129]
