training_data_sizes: [0.1, 0.2, 0.3, 0.4, 0.5, 0.6, 0.7, 0.8]
times: [119.0, 230.9, 340.75, 450.48, 567.3, 684.17, 792.4, 908.47]
scores: [0.8352093375525301, 0.7095811907340386, 0.7320803555405744, 0.8482431844536619, 0.8731547236487627, 0.9122353535217617, 1.0, 0.9860840372907282]
