training_data_sizes: [0.1, 0.2, 0.3, 0.4, 0.5]
times: [247.42, 487.35, 721.68, 960.99, 1208.97]
scores: [0.8047099178628117, 0.8817289156350867, 0.8605001112172473, 0.8739325146725536, 0.8137890116083153]
