training_data_sizes: [0.1, 0.2, 0.3, 0.4, 0.5, 0.6, 0.7, 0.8, 0.9]
times: [85.07, 156.52, 239.88, 311.79, 395.37, 470.99, 553.88, 628.73, 702.47]
scores: [0.5848488379832218, 0.6470453405499985, 0.7118703034582052, 0.5566842838358054, 0.6949863118943399, 0.6643652201882276, 0.6055220284804511, 0.49331736463089054, 0.6006708155113551]
