training_data_sizes: [0.1, 0.2]
times: [656.95, 1309.39]
scores: [0.7896282365174828, 0.7886181807987969]
