training_data_sizes: [0.1, 0.2, 0.3, 0.4, 0.5, 0.6, 0.7, 0.8, 0.9, 1.0]
times: [7.07, 0.04, 21.88, 29.34, 36.95, 44.68, 52.49, 59.92, 68.64, 77.55]
scores: [0.5249865611340836, 0.5306886240068265, 0.5543454015314986, 0.557083158450519, 0.5728871537842644, 0.5652444464382312, 0.5686669828045765, 0.5709391370852663, 0.5811181960648582, 0.583858284403558]
