training_data_sizes: [0.1, 0.2, 0.3]
times: [438.54, 866.83, 1305.11]
scores: [0.8766281530561941, 0.9798223078877375, 0.9649599721322274]
