training_data_sizes: [0.1, 0.2, 0.3, 0.4, 0.5, 0.6]
times: [117.16, 240.41, 358.56, 471.35, 589.58, 706.23]
scores: [0.9618180356284275, 0.851398133290881, 0.9605010837151007, 0.9772392697089, 0.8758281609591323, 0.943109894014611]
