training_data_sizes: [0.1, 0.2, 0.3, 0.4, 0.5]
times: [165.32, 325.71, 484.79, 643.5, 805.84]
scores: [0.9089174617917086, 0.958463001807453, 0.7991045064117543, 0.9797343504051483, 0.863615950176489]
