training_data_sizes: [0.1, 0.2, 0.3, 0.4, 0.5, 0.6, 0.7, 0.8, 0.9]
times: [116.82, 227.56, 342.64, 450.39, 562.64, 675.28, 784.14, 894.43, 1009.44]
scores: [0.7023059100404687, 0.7276557084064808, 0.8144682639618503, 0.8875770920434473, 0.9231051478059058, 1.0, 1.0, 0.9981258836468085, 1.0]
