training_data_sizes: [0.1, 0.2, 0.3, 0.4, 0.5]
times: [163.32, 321.3, 480.36, 645.04, 807.89]
scores: [0.6710501030089063, 0.7482652322559742, 0.6720344157647209, 0.7593669238704811, 0.7283198765364243]
