training_data_sizes: [0.1, 0.2, 0.3]
times: [442.49, 875.19, 1307.41]
scores: [0.9021246028807149, 1.0, 0.8570672753811802]
