training_data_sizes: [0.1, 0.2, 0.3, 0.4, 0.5, 0.6]
times: [139.14, 270.65, 407.47, 539.05, 668.67, 804.49]
scores: [0.6381283156543396, 0.5639826485223484, 0.5613758166351914, 0.4641273495391067, 0.46395993239902467, 0.620139650894214]
