training_data_sizes: [0.1, 0.2, 0.3, 0.4, 0.5, 0.6, 0.7]
times: [180.75, 345.36, 514.5, 687.73, 863.12, 1038.15, 1208.56]
scores: [0.9113066060831049, 0.899590020534843, 0.9050095946392523, 1.0, 1.0, 0.958646815191224, 1.0]
