training_data_sizes: [0.1, 0.2, 0.3, 0.4, 0.5, 0.6, 0.7, 0.8]
times: [4.0, 19.0, 26.0, 36.0, 49.0, 53.0, 64.0, 75.0]
scores: [0.6089425540761834, 0.48454031293533445, 0.4829379999139353, 0.5761876982516052, 0.45807655576064277, 0.5537741512597009, 0.5113045167887538, 0.5231655831602433]
