training_data_sizes: [0.1, 0.2, 0.3, 0.4]
times: [353.64, 708.06, 1051.05, 1403.23]
scores: [0.6082027295660861, 0.8040386080893085, 0.7758846191866251, 0.7568331721610457]
