training_data_sizes: [0.1, 0.2, 0.3, 0.4, 0.5, 0.6, 0.7]
times: [143.92, 286.95, 431.41, 572.68, 722.02, 863.69, 1000.13]
scores: [0.8538192327240239, 0.8485460878861701, 0.9002823222782304, 0.9031907588753871, 0.8384050194430848, 0.98087919490138, 0.8734581416798615]
