training_data_sizes: [0.1, 0.2, 0.3, 0.4, 0.5, 0.6, 0.7, 0.8]
times: [53.0, 112.0, 176.0, 233.0, 298.0, 352.0, 414.0, 475.0]
scores: [0.8220932152186624, 0.8393946700419854, 0.8835440809778317, 0.7881567181822905, 0.8397264880810076, 1.0, 0.9942892358701731, 0.9473988854386814]
