training_data_sizes: [0.1, 0.2, 0.3]
times: [301.79, 605.99, 905.06]
scores: [0.6133740045256519, 0.6756333419688838, 0.7532068992407301]
