training_data_sizes: [0.1, 0.2, 0.3]
times: [270.25, 542.17, 807.68]
scores: [0.9314766304705708, 0.8611503214517241, 0.9144641995837024]
