training_data_sizes: [0.1, 0.2, 0.3, 0.4, 0.5, 0.6, 0.7, 0.8]
times: [83.55, 159.64, 234.74, 309.71, 384.86, 456.7, 533.95, 605.5]
scores: [0.836560969876756, 0.8733864707714677, 0.7647729342974725, 0.778959349244289, 0.7366173177088614, 0.7663366038278305, 0.8463234813791121, 0.8899149087812719]
