training_data_sizes: [0.1, 0.2, 0.3, 0.4]
times: [281.01, 556.11, 834.73, 1100.46]
scores: [0.8011470302527253, 0.8245291927918352, 0.9597713355512136, 0.9945428710141817]
