training_data_sizes: [0.1, 0.2, 0.3, 0.4, 0.5, 0.6, 0.7, 0.8, 0.9]
times: [40.0, 93.0, 143.0, 194.0, 245.0, 299.0, 345.0, 395.0, 446.0]
scores: [0.8498759112817488, 0.983630211587927, 0.9572540346018821, 1.0, 1.0, 1.0, 1.0, 1.0, 1.0]
