training_data_sizes: [0.1, 0.2]
times: [458.65, 903.95]
scores: [0.729922786746088, 0.7737834322256749]
