training_data_sizes: [0.1, 0.2, 0.3, 0.4, 0.5, 0.6, 0.7]
times: [45.0, 97.0, 144.0, 198.0, 246.0, 296.0, 346.0]
scores: [0.6896439787371221, 0.8012063564328296, 0.9734584008995849, 0.9661256043674191, 0.9455045312948988, 1.0, 1.0]
