training_data_sizes: [0.1, 0.2, 0.3, 0.4, 0.5, 0.6, 0.7, 0.8, 0.9]
times: [83.44, 159.92, 238.65, 318.31, 398.79, 474.07, 547.97, 628.86, 706.16]
scores: [0.7902118463642698, 0.8317136602822228, 0.9567170970797444, 0.8975039411297436, 0.9283633731033311, 0.8486160694535092, 0.9256861011961228, 0.8960396405983901, 0.9887069685276555]
