training_data_sizes: [0.1, 0.2, 0.3, 0.4, 0.5]
times: [39.0, 71.0, 117.0, 156.0, 192.0]
scores: [0.6720947040290457, 0.640625828853874, 0.5885660912015067, 0.7241775410277136, 0.696640071790116]
