training_data_sizes: [0.1, 0.2, 0.3, 0.4, 0.5, 0.6, 0.7, 0.8, 0.9]
times: [13.0, 34.0, 51.0, 76.0, 96.0, 119.0, 133.0, 156.0, 170.0]
scores: [0.8484384815314289, 0.8057555427033216, 0.6806365065600535, 0.7782498784140222, 0.6223726145436459, 0.7744259007442856, 0.6256246683997035, 0.7167078129295885, 0.602377261657405]
