training_data_sizes: [0.1, 0.2, 0.3, 0.4, 0.5, 0.6, 0.7]
times: [107.96, 209.97, 309.91, 407.45, 508.87, 605.99, 705.58]
scores: [0.9570812693970207, 0.9037298524791769, 0.8355088771423842, 0.9568978085554858, 0.9708008688996645, 1.0, 1.0]
