training_data_sizes: [0.1, 0.2, 0.3, 0.4, 0.5, 0.6]
times: [135.72, 271.94, 400.33, 537.7, 669.09, 803.66]
scores: [0.5043149884493456, 0.5484241042763471, 0.5880980748608349, 0.5805651201329718, 0.5562748863829674, 0.5854270677445174]
