training_data_sizes: [0.1, 0.2, 0.3, 0.4, 0.5, 0.6, 0.7]
times: [102.0, 214.0, 323.0, 432.0, 547.0, 652.0, 763.0]
scores: [0.8675984327401979, 0.9776730806725937, 1.0, 1.0, 0.9725165988955091, 0.9713988108737265, 1.0]
