training_data_sizes: [0.1, 0.2, 0.3, 0.4, 0.5, 0.6, 0.7]
times: [103.99, 209.69, 307.28, 408.17, 508.07, 608.66, 702.01]
scores: [0.8624556770097718, 0.8249242528438152, 0.8547114416339752, 0.8096913702496049, 0.940835510519321, 0.9155806116709471, 1.0]
