training_data_sizes: [0.1, 0.2, 0.3, 0.4, 0.5, 0.6, 0.7, 0.8, 0.9, 1.0]
times: [1.34, 2.81, 4.9, 7.92, 10.36, 15.41, 20.16, 26.51, 29.48, 36.44]
scores: [0.0843723535615838, 0.18655810885587323, 0.26745747718219587, 0.3256849313183114, 0.3521427073556493, 0.3651018589781921, 0.38893924248788875, 0.3979965175494049, 0.41656505949411593, 0.4309600549049217]
