training_data_sizes: [0.1, 0.2, 0.3, 0.4, 0.5, 0.6, 0.7, 0.8, 0.9, 1.0]
times: [0.92, 1.93, 2.81, 4.32, 5.67, 7.75, 8.59, 11.61, 14.41, 16.18]
scores: [0.9996863703288252, 0.9996514502626277, 0.9995325029648616, 0.9991788202645158, 0.9991897328505823, 0.9988867722591572, 0.99887631531329, 0.9988554816128785, 0.9986854968555188, 0.9985992756384667]
