training_data_sizes: [0.1, 0.2, 0.3]
times: [55.0, 115.0, 171.0]
scores: [0.8828539655506222, 0.9372031765124298, 1.0]
