training_data_sizes: [0.1, 0.2, 0.3, 0.4, 0.5, 0.6, 0.7, 0.8, 0.9, 1.0]
times: [106.0, 217.0, 320.0, 432.0, 541.0, 655.0, 767.0, 873.0, 980.0, 1090.0]
scores: [0.8532629297664978, 0.889216961956161, 0.8085511372997001, 0.8529040573779298, 0.9080709241904807, 0.9411606535636918, 1.0, 1.0, 0.938341653144137, 1.0]
