training_data_sizes: [0.1, 0.2, 0.3]
times: [99.0, 194.0, 297.0]
scores: [1.0, 0.9923623222758953, 0.9345172675346398]
