training_data_sizes: [0.1, 0.2, 0.3, 0.4, 0.5, 0.6]
times: [234.57, 474.72, 703.58, 935.31, 1173.29, 1401.59]
scores: [0.6225273731412324, 0.8295898684453922, 0.9035585034049091, 0.968886546183112, 0.9461036388025421, 0.9003330114148688]
