training_data_sizes: [0.1, 0.2, 0.3, 0.4, 0.5, 0.6, 0.7, 0.8, 0.9]
times: [79.15, 165.11, 238.44, 316.74, 390.45, 475.72, 551.44, 629.76, 703.66]
scores: [0.9635673911692475, 0.9097443799337728, 0.8978979719637835, 1.0, 0.8566098039122239, 0.8597589084155906, 1.0, 1.0, 1.0]
