training_data_sizes: [0.1, 0.2, 0.3, 0.4, 0.5, 0.6]
times: [64.0, 134.0, 209.0, 275.0, 340.0, 415.0]
scores: [0.9396160578316082, 0.9705170853803378, 0.8582105541144509, 1.0, 0.8730729316543846, 0.9279837171317883]
