training_data_sizes: [0.1, 0.2, 0.3, 0.4, 0.5]
times: [143.71, 287.74, 422.79, 566.81, 708.22]
scores: [0.9155139735377469, 0.8646606160820862, 0.845667674220694, 0.9610690606357206, 0.9616612939988989]
