training_data_sizes: [0.1, 0.2, 0.3, 0.4, 0.5, 0.6, 0.7, 0.8, 0.9, 1.0]
times: [80.31, 160.84, 242.12, 329.08, 409.44, 484.51, 567.04, 642.81, 729.47, 804.76]
scores: [0.6444430599464045, 0.7925984810754207, 0.8913129307935379, 0.8846175485001406, 0.8970325765523277, 0.9106432613576911, 1.0, 1.0, 1.0, 1.0]
