training_data_sizes: [0.1, 0.2]
times: [352.46, 701.37]
scores: [0.857768246356911, 0.7563224048632705]
