training_data_sizes: [0.1, 0.2, 0.3]
times: [407.0, 800.22, 1205.3]
scores: [0.9340665714808241, 0.9766079398373388, 0.9946089995870968]
