training_data_sizes: [0.1, 0.2, 0.3, 0.4, 0.5, 0.6, 0.7]
times: [59.0, 117.0, 172.0, 234.0, 298.0, 350.0, 416.0]
scores: [0.6303277350469734, 0.7115648312731729, 0.6574749135139124, 0.6285507669151409, 0.6600437041524988, 0.6428351736663116, 0.5875908330335105]
