training_data_sizes: [0.1, 0.2, 0.3, 0.4, 0.5, 0.6, 0.7, 0.8, 0.9, 1.0]
times: [0.03, 0.03, 0.04, 0.05, 0.05, 0.06, 0.06, 0.07, 0.07, 0.08]
scores: [0.6253604902667629, 0.5553973902728351, 0.5325436695396846, 0.5717245489455247, 0.5638622227016143, 0.5585151006711411, 0.5659676953212807, 0.5706569816587705, 0.5634559281276321, 0.5630026809651474]
