training_data_sizes: [0.1, 0.2, 0.3, 0.4]
times: [190.61, 434.17, 691.04, 1096.75]
scores: [0.9991943646036994, 0.9987410444935158, 0.9981316274479969, 0.9977572190218371]
