training_data_sizes: [0.1, 0.2, 0.3, 0.4, 0.5]
times: [266.17, 526.17, 783.77, 1047.59, 1303.45]
scores: [0.8726533474565921, 0.9350751679662832, 0.9396495702908434, 0.8988137373843283, 1.0]
