training_data_sizes: [0.1, 0.2, 0.3, 0.4, 0.5, 0.6, 0.7, 0.8, 0.9, 1.0]
times: [66.73, 126.37, 185.96, 249.26, 312.85, 396.38, 455.83, 508.19, 568.85, 642.15]
scores: [0.6284898606800063, 0.42018779722925376, 0.3616611132216713, 0.3424685269120081, 0.3235540224076953, 0.31515171550299814, 0.31025203633721454, 0.30698223350822856, 0.3015975716148632, 0.3009920087105856]
