training_data_sizes: [0.1, 0.2, 0.3, 0.4, 0.5, 0.6, 0.7, 0.8, 0.9]
times: [94.6, 184.7, 269.14, 358.47, 453.11, 539.88, 629.66, 711.7, 803.02]
scores: [0.8522651628455051, 0.903809873044009, 0.9661622564482857, 1.0, 0.9590964335654393, 0.9984992787497822, 1.0, 1.0, 1.0]
