training_data_sizes: [0.1, 0.2, 0.3, 0.4, 0.5, 0.6, 0.7, 0.8, 0.9]
times: [52.0, 111.0, 175.0, 230.0, 294.0, 359.0, 410.0, 478.0, 535.0]
scores: [0.8226635857522218, 0.6659658785006533, 0.7996342979837652, 0.7867415656300119, 0.7615121462052699, 0.7294082290951227, 0.7158903158716154, 0.7757862831451668, 0.6738683316636657]
