training_data_sizes: [0.1, 0.2, 0.3, 0.4, 0.5, 0.6]
times: [237.03, 474.68, 709.88, 939.28, 1170.45, 1400.73]
scores: [0.8593118761136034, 0.8656974374755009, 0.9776140505943737, 1.0, 1.0, 1.0]
