training_data_sizes: [0.1, 0.2, 0.3, 0.4, 0.5, 0.6, 0.7, 0.8]
times: [21.0, 52.0, 84.0, 111.0, 144.0, 173.0, 205.0, 233.0]
scores: [0.8618850948930672, 0.8915608494238254, 0.8158748314334489, 0.8957261585653196, 1.0, 0.9994712428271073, 1.0, 1.0]
