training_data_sizes: [0.1, 0.2]
times: [50.0, 110.0]
scores: [0.771519385111918, 0.7952557293096432]
