training_data_sizes: [0.1, 0.2, 0.3]
times: [239.98, 471.45, 708.51]
scores: [0.8375968575413077, 0.8637425319488089, 0.8941947393629409]
