training_data_sizes: [0.1, 0.2, 0.3, 0.4, 0.5, 0.6]
times: [25.0, 53.0, 89.0, 116.0, 142.0, 174.0]
scores: [0.8669176314332454, 0.7802552605759787, 0.8727061772028613, 1.0, 0.9702246275119043, 0.9989265159769631]
