training_data_sizes: [0.1, 0.2, 0.3, 0.4, 0.5, 0.6, 0.7]
times: [56.0, 115.0, 175.0, 237.0, 292.0, 350.0, 410.0]
scores: [0.8196187611514767, 0.7785017395903825, 0.8264692860417153, 0.9469024839195128, 0.973623981960563, 1.0, 1.0]
