training_data_sizes: [0.1, 0.2, 0.3]
times: [25.0, 57.0, 88.0]
scores: [0.9175297183673494, 0.8377557584401919, 0.9400961966741415]
