training_data_sizes: [0.1, 0.2, 0.3]
times: [441.13, 872.95, 1301.34]
scores: [0.8919054864626994, 0.9749722805236457, 1.0]
