training_data_sizes: [0.1, 0.2, 0.3, 0.4, 0.5]
times: [149.48, 289.53, 425.84, 561.41, 700.53]
scores: [0.8011510955009262, 0.889041821358074, 0.8726935969772073, 0.9011506535353577, 0.9111045879080891]
