training_data_sizes: [0.1, 0.2, 0.3, 0.4, 0.5, 0.6, 0.7, 0.8, 0.9, 1.0]
times: [85.0, 171.0, 266.0, 351.0, 446.0, 530.0, 629.0, 717.0, 803.0, 898.0]
scores: [0.8825937865709171, 0.9903270739094785, 0.8477028689526689, 0.9011154798930907, 1.0, 0.9155265617760802, 1.0, 0.9979420918367792, 1.0, 1.0]
