training_data_sizes: [0.1, 0.2, 0.3, 0.4, 0.5, 0.6, 0.7]
times: [202.68, 408.87, 608.41, 804.06, 1003.89, 1201.36, 1407.96]
scores: [0.9493229618819133, 0.9947377499892215, 0.9493202647582835, 1.0, 0.8837801536277992, 0.9246101510412558, 0.9763868406706041]
