training_data_sizes: [0.1, 0.2, 0.3, 0.4, 0.5, 0.6]
times: [117.0, 230.0, 351.0, 475.0, 591.0, 718.0]
scores: [0.8909114512106073, 0.8260256794118008, 0.8744211055523021, 0.9036715162213222, 0.8467844712595358, 0.9531093522111549]
