training_data_sizes: [0.1, 0.2, 0.3, 0.4]
times: [73.0, 154.0, 239.0, 316.0]
scores: [0.832280055895172, 0.8877254614607075, 0.8155255167617779, 0.8688047147875673]
