training_data_sizes: [0.1, 0.2, 0.3, 0.4, 0.5, 0.6, 0.7, 0.8, 0.9, 1.0]
times: [66.0, 138.0, 207.0, 276.0, 349.0, 416.0, 482.99999999999994, 554.0, 629.0, 699.0]
scores: [0.8616119667182661, 0.9770046287792377, 0.8509102283049644, 0.9267326660696721, 0.9220568474791091, 0.9817389580752438, 1.0, 1.0, 1.0, 1.0]
