training_data_sizes: [0.1, 0.2]
times: [405.92, 807.12]
scores: [0.8260225079089689, 0.7196982328893642]
