training_data_sizes: [0.1, 0.2, 0.3, 0.4, 0.5, 0.6, 0.7, 0.8, 0.9, 1.0]
times: [34.0, 71.0, 117.0, 152.0, 193.0, 233.0, 274.0, 318.0, 354.0, 397.0]
scores: [0.7549022446535248, 0.9005668964602569, 0.8527747597458469, 0.8421231568178325, 0.8453189063865655, 0.90841835082792, 1.0, 0.975410947916549, 1.0, 1.0]
