training_data_sizes: [0.1, 0.2, 0.3]
times: [14.0, 39.0, 51.0]
scores: [0.889667079280833, 0.91787000325352, 0.7973162028484985]
