training_data_sizes: [0.1, 0.2, 0.3, 0.4, 0.5, 0.6]
times: [102.6, 256.54, 495.59, 860.81, 925.69, 979.29]
scores: [1.0, 0.9999999515097295, 0.9999959163288401, 0.999988252776425, 0.9999997173116351, 0.9999999975364389]
