training_data_sizes: [0.1, 0.2]
times: [75.0, 158.0]
scores: [0.6762529755249461, 0.7089436747831899]
