training_data_sizes: [0.1, 0.2, 0.3, 0.4, 0.5]
times: [73.0, 151.0, 234.0, 316.0, 395.0]
scores: [0.8134426726008761, 0.8014225950603655, 0.775851456331113, 0.9445830928685834, 0.9005041598952642]
