training_data_sizes: [0.1, 0.2, 0.3, 0.4, 0.5, 0.6, 0.7]
times: [189.41, 380.51, 566.56, 747.97, 936.81, 1121.32, 1300.77]
scores: [0.8255979816747908, 0.9241998099334234, 0.8726414917701404, 0.8192403928465744, 0.9101127649013623, 1.0, 0.9265782585905212]
