training_data_sizes: [0.1, 0.2, 0.3, 0.4, 0.5, 0.6, 0.7, 0.8]
times: [139.0, 276.0, 419.0, 559.0, 694.0, 830.0, 978.9999999999999, 1114.0]
scores: [0.9393779437883546, 0.8934178120731262, 0.9907734657815759, 0.9703109553233518, 0.8744371913724381, 0.9646814273135607, 1.0, 1.0]
