training_data_sizes: [0.1, 0.2, 0.3, 0.4, 0.5, 0.6, 0.7, 0.8, 0.9, 1.0]
times: [26.93, 47.95, 72.0, 92.99, 117.71, 142.03, 165.3, 190.05, 220.65, 242.79]
scores: [0.037174845100138194, 0.048121886641262206, 0.0534587154983932, 0.06001553788781455, 0.0658763251538604, 0.0699762309188732, 0.07313131524874723, 0.0760566019071253, 0.07966885638830588, 0.08217201508687388]
