training_data_sizes: [0.1, 0.2, 0.3, 0.4, 0.5, 0.6, 0.7, 0.8]
times: [138.63, 281.55, 417.24, 553.64, 695.31, 828.74, 968.45, 1109.89]
scores: [0.8253498005668897, 0.9241823895480987, 0.959235030468187, 0.8886201127549265, 0.8384799843473824, 0.995184474966609, 0.9682284000542112, 0.9564354687370666]
