training_data_sizes: [0.1, 0.2, 0.3, 0.4, 0.5, 0.6, 0.7, 0.8, 0.9, 1.0]
times: [40.0, 93.0, 145.0, 191.0, 249.0, 293.0, 344.0, 392.0, 443.0, 499.0]
scores: [0.5643433450776458, 0.790943712852866, 0.7740857525260789, 0.7361170024372419, 0.9531287614638839, 0.9160229229724751, 0.9048976765275436, 0.9411716773771455, 1.0, 1.0]
