training_data_sizes: [0.1, 0.2]
times: [82.0, 176.0]
scores: [0.9465300948378591, 0.9930041051762819]
