training_data_sizes: [0.1, 0.2, 0.3, 0.4, 0.5, 0.6, 0.7, 0.8, 0.9, 1.0]
times: [23.0, 50.0, 86.0, 111.0, 148.0, 176.0, 203.0, 237.0, 263.0, 290.0]
scores: [0.560868025418607, 0.5003215502244888, 0.5862013737652717, 0.6995751727289157, 0.7179458938607327, 0.7530301148137486, 0.9150352462954516, 0.9489116977608312, 1.0, 1.0]
