training_data_sizes: [0.1, 0.2, 0.3]
times: [365.23, 685.54, 981.23]
scores: [0.38721452639460896, 0.35120191181294214, 0.342073099529018]
