training_data_sizes: [0.1, 0.2, 0.3]
times: [334.3, 672.27, 1005.82]
scores: [0.8860630267110772, 0.8266603282447811, 0.9058662310276653]
