training_data_sizes: [0.1, 0.2, 0.3, 0.4]
times: [204.56, 407.51, 608.7, 800.68]
scores: [0.9080763374238616, 0.8369396831912179, 0.8567455474188901, 1.0]
