training_data_sizes: [0.1, 0.2, 0.3]
times: [57.0, 118.0, 173.0]
scores: [0.7702776194744125, 0.8448903218259218, 0.7458910657539833]
