training_data_sizes: [0.1, 0.2, 0.3, 0.4, 0.5, 0.6, 0.7, 0.8]
times: [34.0, 71.0, 118.0, 150.0, 194.0, 238.0, 273.0, 311.0]
scores: [0.7433768707806703, 0.745967027853256, 0.82771968417145, 0.9774485878483075, 0.9068970794892645, 1.0, 1.0, 1.0]
