training_data_sizes: [0.1, 0.2, 0.3, 0.4, 0.5, 0.6, 0.7, 0.8, 0.9, 1.0]
times: [103.18, 200.69, 307.48, 408.18, 507.6, 603.38, 709.77, 800.27, 907.35, 1006.5]
scores: [0.9220063686952773, 0.9432689661125986, 1.0, 0.9817519370545622, 0.9316307764948528, 0.9911587442102952, 1.0, 1.0, 1.0, 1.0]
