training_data_sizes: [0.1, 0.2, 0.3, 0.4, 0.5, 0.6, 0.7, 0.8, 0.9, 1.0]
times: [2.04, 4.14, 5.25, 7.02, 8.71, 10.44, 12.39, 13.92, 15.38, 17.24]
scores: [0.2195575385759434, 0.21827482801199505, 0.2188676856862557, 0.21678897932129915, 0.21875254946563194, 0.2172013827271524, 0.21685142900504273, 0.21662958843159053, 0.21845099508299315, 0.2178099839747849]
