training_data_sizes: [0.1, 0.2, 0.3, 0.4, 0.5, 0.6, 0.7, 0.8, 0.9]
times: [101.99, 206.89, 306.26, 407.06, 502.84, 606.95, 700.34, 809.2, 904.17]
scores: [0.8181656765541918, 0.8150631322218165, 0.9482565663798324, 0.8018036567946105, 0.8558063170944513, 0.8934302108274206, 1.0, 0.9306619092226813, 0.979212989271755]
