training_data_sizes: [0.1, 0.2, 0.3, 0.4, 0.5]
times: [91.0, 196.0, 296.0, 394.0, 496.0]
scores: [0.8474974519389082, 0.8513063588773253, 0.9843947147322161, 0.8642605453061399, 1.0]
