training_data_sizes: [0.1, 0.2, 0.3, 0.4, 0.5]
times: [115.0, 234.0, 357.0, 474.0, 597.0]
scores: [0.7997168845593842, 0.7959888098738614, 0.9455081353289189, 0.8447459560546866, 0.8517887651367627]
