training_data_sizes: [0.1, 0.2, 0.3]
times: [203.86, 407.6, 608.13]
scores: [0.889703486818342, 0.9090693706103654, 0.8644032775158643]
