training_data_sizes: [0.1, 0.2, 0.3, 0.4, 0.5, 0.6, 0.7]
times: [112.0, 233.0, 358.0, 472.0, 596.0, 716.0, 830.0]
scores: [0.9027384983336824, 0.9121582040894416, 0.864212676738453, 0.9608501082507732, 0.9996744503376025, 1.0, 1.0]
