training_data_sizes: [0.1, 0.2, 0.3, 0.4, 0.5, 0.6, 0.7, 0.8]
times: [129.73, 257.3, 378.94, 502.47, 625.35, 750.9, 883.38, 1006.67]
scores: [0.8693544915363143, 0.995148515149625, 0.8924494717854572, 0.9278354861945743, 1.0, 1.0, 0.9774029886795816, 0.9469371828303971]
