training_data_sizes: [0.1, 0.2, 0.3, 0.4, 0.5, 0.6]
times: [241.46, 474.89, 703.43, 939.74, 1169.81, 1401.56]
scores: [0.931225047488284, 0.8364206979179167, 0.8740908004973009, 0.9727189063471129, 1.0, 1.0]
