training_data_sizes: [0.1, 0.2, 0.3, 0.4, 0.5]
times: [49.0, 95.0, 146.0, 198.0, 243.0]
scores: [0.8778068854673775, 0.8869267202545099, 1.0, 0.9782027549897923, 1.0]
