training_data_sizes: [0.1, 0.2]
times: [126.0, 256.0]
scores: [0.7964798469481542, 0.7159464361062373]
