training_data_sizes: [0.1, 0.2, 0.3, 0.4, 0.5, 0.6, 0.7, 0.8, 0.9, 1.0]
times: [61.9, 124.11, 184.75, 241.91, 304.66, 365.32, 423.58, 487.0, 542.77, 607.08]
scores: [0.5926653296377327, 0.4360700417620622, 0.4656506297624386, 0.5208019991200779, 0.4846617850801207, 0.6806673514724342, 0.7520621367758458, 0.8239355999984137, 0.8009078761345012, 0.9443617024463979]
