training_data_sizes: [0.1, 0.2, 0.3, 0.4, 0.5]
times: [114.0, 235.0, 354.0, 477.0, 597.0]
scores: [0.8123465250884901, 0.7905092996048328, 0.7901293103749067, 0.8979323304074618, 0.7999597898859556]
