training_data_sizes: [0.1, 0.2, 0.3, 0.4]
times: [203.08, 401.68, 608.68, 809.94]
scores: [0.9199164765379289, 0.8670442968924191, 0.9306969471674222, 0.9025849328018893]
