training_data_sizes: [0.1, 0.2, 0.3, 0.4, 0.5, 0.6, 0.7, 0.8]
times: [20.0, 51.0, 87.0, 115.0, 145.0, 176.0, 201.0, 235.0]
scores: [0.9042956060783507, 0.9510334876089308, 0.9162254404622723, 0.875732156090385, 1.0, 1.0, 1.0, 1.0]
