training_data_sizes: [0.1, 0.2, 0.3, 0.4]
times: [28.0, 58.0, 89.0, 116.0]
scores: [0.5519692900265639, 0.6563901037452408, 0.50764583621059, 0.7239096755914232]
