training_data_sizes: [0.1, 0.2]
times: [13.0, 30.0]
scores: [0.8112752283768228, 0.981541701624039]
