training_data_sizes: [0.1, 0.2, 0.3, 0.4, 0.5, 0.6, 0.7, 0.8, 0.9, 1.0]
times: [114.67, 225.17, 335.96, 442.2, 554.77, 665.38, 778.19, 888.71, 994.34, 1101.13]
scores: [0.8591692587916402, 0.9254756494801881, 0.7664008682890207, 0.8678411802215455, 0.8554194227630292, 0.8489459493250788, 0.831602290096373, 0.9158548746139478, 1.0, 1.0]
