training_data_sizes: [0.1, 0.2, 0.3, 0.4, 0.5, 0.6, 0.7, 0.8]
times: [5.0, 12.0, 25.0, 38.0, 41.0, 51.0, 60.0, 72.0]
scores: [0.8345589710265571, 0.9032291882339893, 0.8693020567351751, 0.841301177377533, 0.8956888296154565, 0.9887629588035229, 0.8926160303828612, 0.933659785874507]
