training_data_sizes: [0.1, 0.2, 0.3, 0.4, 0.5, 0.6, 0.7, 0.8, 0.9]
times: [146.12, 294.09, 442.63, 580.65, 731.56, 867.13, 1012.06, 1158.31, 1303.63]
scores: [0.5569987685265595, 0.6055464501687559, 0.7025893533385964, 0.6367753592276214, 0.635557018427836, 0.6827948138115805, 0.8002603812588589, 0.8004367353876198, 1.0]
