training_data_sizes: [0.1, 0.2, 0.3, 0.4]
times: [125.0, 250.0, 385.0, 515.0]
scores: [0.7608382316593468, 0.756641368905506, 0.914355417790594, 1.0]
