training_data_sizes: [0.1, 0.2, 0.3, 0.4, 0.5, 0.6, 0.7, 0.8]
times: [61.0, 130.0, 208.0, 277.0, 344.0, 410.0, 481.99999999999994, 552.0]
scores: [0.7251405643035174, 0.6840459432149588, 0.6119133560589709, 0.7106123862853422, 0.6671547866898765, 0.7613139527281206, 0.5739714258286146, 0.7376819537930197]
