training_data_sizes: [0.1, 0.2, 0.3, 0.4, 0.5]
times: [238.07, 479.58, 699.33, 927.44, 1135.59]
scores: [0.5318931029039438, 0.4138002621961182, 0.3796063734843954, 0.35824054032875485, 0.34932778925671426]
