training_data_sizes: [0.1, 0.2, 0.3, 0.4]
times: [52.0, 111.0, 170.0, 230.0]
scores: [0.49468600919320105, 0.630014970882873, 0.6656883629751732, 0.6925963138558363]
