training_data_sizes: [0.1, 0.2, 0.3]
times: [435.31, 869.09, 1309.37]
scores: [0.7245663774895892, 0.8757076445487428, 0.7826440995133812]
