training_data_sizes: [0.1, 0.2, 0.3, 0.4, 0.5, 0.6]
times: [129.0, 254.0, 386.0, 514.0, 641.0, 772.0]
scores: [0.7979675742090527, 0.7144909464947073, 0.7914180138558145, 0.8478522511056972, 0.6775408164575427, 0.6787508196109341]
