training_data_sizes: [0.1, 0.2, 0.3, 0.4, 0.5, 0.6, 0.7, 0.8, 0.9]
times: [27.0, 52.0, 86.0, 111.0, 143.0, 174.0, 208.0, 239.0, 260.0]
scores: [0.7893191948718912, 0.671540853671356, 0.8861061040906683, 0.7900687448950321, 0.9768570564289982, 1.0, 1.0, 1.0, 1.0]
