training_data_sizes: [0.1, 0.2, 0.3, 0.4, 0.5, 0.6, 0.7, 0.8]
times: [94.71, 180.45, 263.92, 357.3, 441.64, 532.15, 620.59, 704.71]
scores: [0.7680577238034354, 0.8022730272054672, 0.8162157191515097, 0.9299688472933254, 0.9403546850636544, 1.0, 1.0, 0.9772502952694779]
