training_data_sizes: [0.1, 0.2, 0.3, 0.4, 0.5, 0.6, 0.7, 0.8]
times: [83.75, 154.03, 228.64, 308.7, 380.29, 453.97, 533.18, 609.98]
scores: [0.8476340820272703, 0.838669614939829, 1.0, 1.0, 0.9687522979643097, 0.9603447153929737, 0.9983852994413817, 1.0]
