training_data_sizes: [0.1, 0.2, 0.3, 0.4, 0.5]
times: [43.0, 92.0, 140.0, 190.0, 245.0]
scores: [0.6299886651116786, 0.6137571120347479, 0.5600545723987749, 0.5717776054565702, 0.7247838844195671]
