training_data_sizes: [0.1, 0.2, 0.3, 0.4, 0.5, 0.6, 0.7, 0.8]
times: [179.12, 352.99, 534.34, 701.36, 880.88, 1055.34, 1226.82, 1408.7]
scores: [0.7832404624177626, 0.7590113525974165, 0.873598182487865, 0.8922856801998831, 0.9440541515587623, 0.8993249607576852, 0.9772211571510769, 0.9147789037021585]
