training_data_sizes: [0.1, 0.2, 0.3, 0.4]
times: [112.0, 238.0, 354.0, 479.0]
scores: [0.8453203684785342, 0.8090416692452229, 0.7969462179632408, 0.7504961432927136]
