training_data_sizes: [0.1, 0.2, 0.3, 0.4, 0.5, 0.6, 0.7, 0.8, 0.9]
times: [102.59, 203.77, 303.06, 402.43, 500.22, 604.0, 708.93, 803.07, 909.78]
scores: [0.8882239915062305, 0.8709257200765761, 0.8887997418081892, 0.8872088127230648, 1.0, 1.0, 1.0, 1.0, 1.0]
