training_data_sizes: [0.1, 0.2, 0.3, 0.4, 0.5, 0.6, 0.7, 0.8]
times: [182.5, 351.82, 532.73, 702.61, 881.22, 1052.74, 1234.66, 1406.24]
scores: [0.5809053438453468, 0.7007896809559222, 0.5880277999065048, 0.6928248307141218, 0.6263337666499447, 0.7350057562158416, 0.8212045318714085, 0.7826311349177839]
