training_data_sizes: [0.1, 0.2, 0.3, 0.4, 0.5, 0.6]
times: [38.0, 78.0, 113.0, 158.0, 193.0, 238.0]
scores: [0.7608940520142371, 0.6623586890704626, 0.8856551405882395, 0.864957498824253, 0.8503259213943366, 0.9790000172641864]
