training_data_sizes: [0.1, 0.2, 0.3, 0.4, 0.5, 0.6, 0.7, 0.8, 0.9, 1.0]
times: [51.0, 114.0, 172.0, 236.0, 298.0, 350.0, 419.0, 473.0, 536.0, 590.0]
scores: [0.7855594252575133, 0.8099618286571955, 0.8061439952230289, 0.8880220377560896, 0.9600933270441669, 0.9206503173180589, 0.9848286647609169, 1.0, 1.0, 1.0]
