training_data_sizes: [0.1, 0.2]
times: [306.09, 603.75]
scores: [0.8865349509487579, 0.7541788524051393]
