training_data_sizes: [0.1, 0.2, 0.3, 0.4]
times: [308.1, 604.44, 902.86, 1203.11]
scores: [0.7847630725620126, 0.8128948040605063, 0.8224177063576341, 0.8017585342935809]
