training_data_sizes: [0.1, 0.2, 0.3, 0.4]
times: [256.48, 506.54, 750.5, 1007.25]
scores: [0.8944755258202095, 0.9642068023222622, 0.9583907385436565, 0.9370966742658811]
