training_data_sizes: [0.1, 0.2, 0.3]
times: [2.0, 14.0, 28.0]
scores: [0.8414184123547458, 0.8708814079571068, 1.0]
