training_data_sizes: [0.1, 0.2, 0.3, 0.4]
times: [130.0, 270.0, 416.0, 556.0]
scores: [0.9866506266726327, 0.8399517611661318, 0.9050062741424949, 1.0]
