training_data_sizes: [0.1, 0.2, 0.3, 0.4, 0.5, 0.6, 0.7, 0.8]
times: [126.2, 250.56, 380.08, 500.68, 628.69, 757.04, 883.88, 1007.89]
scores: [0.8902176638096381, 0.8746640113711011, 0.9149624972870085, 0.9308164455279836, 0.945418274218043, 0.8992599573963139, 0.9628567843441187, 0.8637669976184339]
