training_data_sizes: [0.1, 0.2, 0.3, 0.4]
times: [122.0, 257.0, 383.0, 512.0]
scores: [0.8028143601670764, 0.9323949695773488, 0.9660010464667952, 0.9582644534020992]
