training_data_sizes: [0.1, 0.2, 0.3, 0.4]
times: [356.57, 704.39, 1055.12, 1409.49]
scores: [0.8928018600974215, 1.0, 0.954087462787022, 0.999876127368905]
