training_data_sizes: [0.1, 0.2, 0.3, 0.4, 0.5, 0.6, 0.7]
times: [133.0, 273.0, 418.0, 554.0, 695.0, 835.0, 973.9999999999999]
scores: [0.8478992075665919, 0.9772295294820057, 1.0, 0.958714405161986, 0.9480050796274329, 1.0, 0.9784905731366078]
