training_data_sizes: [0.1, 0.2, 0.3, 0.4, 0.5, 0.6, 0.7]
times: [93.22, 174.11, 262.2, 349.92, 438.06, 518.79, 609.92]
scores: [0.9307130928703116, 0.8963238865970855, 1.0, 0.9500773141829411, 1.0, 1.0, 1.0]
