training_data_sizes: [0.1, 0.2, 0.3, 0.4]
times: [328.64, 657.74, 980.77, 1307.96]
scores: [0.7768702102540035, 0.7674744805876221, 0.9728790869259846, 1.0]
