training_data_sizes: [0.1, 0.2, 0.3, 0.4, 0.5, 0.6, 0.7, 0.8, 0.9]
times: [105.0, 213.0, 320.0, 438.0, 546.0, 659.0, 766.0, 873.0, 980.0]
scores: [0.8124620377371312, 0.8603192205763855, 0.7674864857878593, 0.8001922591908299, 0.8792225921845205, 0.8380457298154986, 0.988267370895606, 0.8383504822709422, 0.9747429582437817]
