training_data_sizes: [0.1, 0.2, 0.3, 0.4, 0.5, 0.6]
times: [225.7, 434.14, 658.54, 874.46, 1085.73, 1302.87]
scores: [0.5343155499060142, 0.5035444412239188, 0.504222864498715, 0.47129993852919805, 0.5894877433473602, 0.43454251402258515]
