training_data_sizes: [0.1, 0.2]
times: [706.97, 1401.91]
scores: [0.5466819826461845, 0.7400130555057717]
