training_data_sizes: [0.1, 0.2, 0.3, 0.4, 0.5, 0.6, 0.7, 0.8]
times: [152.85, 271.52, 359.56, 335.75, 493.06, 669.56, 741.23, 904.02]
scores: [0.9928032362778179, 0.9930232663831858, 0.9929305106441749, 0.9759936818377758, 0.9865343485070093, 0.9824385799930104, 0.9867345310908158, 0.9775498865092369]
