training_data_sizes: [0.1, 0.2, 0.3]
times: [25.0, 50.0, 80.0]
scores: [0.5687682031043924, 0.5370646630693063, 0.4742477250692956]
