training_data_sizes: [0.1, 0.2, 0.3, 0.4, 0.5]
times: [248.32, 486.11, 723.6, 966.4, 1206.49]
scores: [0.8111025374556977, 0.8664919683716176, 0.9002813681555987, 1.0, 0.9077443407136632]
