training_data_sizes: [0.1, 0.2, 0.3, 0.4, 0.5]
times: [98.0, 198.0, 295.0, 392.0, 493.0]
scores: [0.7485357569382446, 0.800457870908597, 0.9545654811013842, 0.9212837144066018, 0.8580429049806055]
