training_data_sizes: [0.1, 0.2, 0.3, 0.4, 0.5, 0.6, 0.7, 0.8, 0.9]
times: [79.73, 165.44, 235.6, 315.62, 392.45, 469.85, 547.61, 624.06, 709.46]
scores: [1.0, 1.0, 1.0, 0.9331869619840479, 1.0, 0.9732647854806011, 1.0, 1.0, 1.0]
