training_data_sizes: [0.1, 0.2, 0.3, 0.4, 0.5, 0.6, 0.7, 0.8]
times: [11.0, 35.0, 59.0, 77.0, 90.0, 113.0, 134.0, 159.0]
scores: [0.8044780559759849, 0.7924541866330044, 0.8457382875393122, 0.9050464127929025, 1.0, 1.0, 1.0, 1.0]
