training_data_sizes: [0.1, 0.2, 0.3, 0.4, 0.5, 0.6, 0.7]
times: [56.0, 118.0, 175.0, 234.0, 297.0, 357.0, 412.0]
scores: [0.832288260649378, 0.7721848654033602, 0.6988489616960509, 0.7487943039353884, 0.6894072445211104, 0.7684719773068125, 0.8012995072437635]
