training_data_sizes: [0.1, 0.2, 0.3, 0.4, 0.5, 0.6, 0.7, 0.8, 0.9, 1.0]
times: [82.58, 162.86, 241.86, 313.44, 353.94, 405.14, 456.12, 529.05, 575.49, 632.81]
scores: [0.47563390835465347, 0.34144422996012064, 0.3098082329353119, 0.2979472338029426, 0.2872631610652724, 0.28734222022995815, 0.2807627132781042, 0.27899479770707075, 0.28069200919072573, 0.2766145254996851]
