training_data_sizes: [0.1, 0.2, 0.3, 0.4, 0.5, 0.6, 0.7]
times: [130.36, 259.83, 387.53, 519.22, 645.06, 772.09, 902.65]
scores: [0.8755812037056285, 0.9446662143678809, 0.7660390775135031, 0.8349359057947905, 0.9206318569375616, 0.91474073604657, 0.9169588796590241]
