training_data_sizes: [0.1, 0.2, 0.3, 0.4, 0.5, 0.6, 0.7, 0.8, 0.9]
times: [128.35, 252.12, 374.91, 495.26, 613.3, 734.57, 862.77, 978.15, 1100.9]
scores: [0.8901217482892649, 0.8828044988113564, 0.8871525503615363, 0.8538533114925726, 0.9394609481802372, 0.9270441773687783, 0.9710250825790852, 0.8622880845006247, 0.8440670774045842]
