training_data_sizes: [0.1, 0.2, 0.3, 0.4, 0.5, 0.6, 0.7, 0.8, 0.9]
times: [158.01, 314.81, 473.95, 627.42, 780.93, 938.24, 1095.04, 1254.41, 1402.7]
scores: [0.8842923740309795, 0.8950528735051085, 1.0, 1.0, 1.0, 1.0, 1.0, 0.9916120466532522, 1.0]
