training_data_sizes: [0.1, 0.2, 0.3, 0.4, 0.5, 0.6, 0.7, 0.8, 0.9]
times: [7.0, 15.0, 27.0, 35.0, 42.0, 53.0, 63.0, 76.0, 81.0]
scores: [0.4917039905621944, 0.5042433447062202, 0.46974438460658763, 0.4596926728605216, 0.5217876658327654, 0.4808512534293118, 0.4617681817815219, 0.610893407856394, 0.45006876869554613]
