training_data_sizes: [0.1, 0.2, 0.3, 0.4]
times: [201.2, 403.98, 604.03, 806.2]
scores: [0.4679588797324414, 0.5901529730569685, 0.5372109086112387, 0.5805849090585544]
