training_data_sizes: [0.1, 0.2, 0.3, 0.4, 0.5]
times: [242.48, 487.69, 720.18, 961.64, 1201.11]
scores: [0.8987380844084687, 0.9937817577035005, 0.9169435487788641, 0.9053513322232545, 0.9809509105293105]
