training_data_sizes: [0.1, 0.2, 0.3, 0.4]
times: [45.0, 97.0, 142.0, 197.0]
scores: [0.7829670808929687, 0.79677297713064, 0.8209158454746247, 0.9068423924283605]
