training_data_sizes: [0.1, 0.2, 0.3, 0.4, 0.5, 0.6, 0.7]
times: [72.0, 157.0, 234.0, 314.0, 393.0, 474.0, 553.0]
scores: [0.9478495252136145, 0.9935127727190298, 0.8598495827117862, 1.0, 1.0, 1.0, 0.9389514887498651]
