training_data_sizes: [0.1, 0.2, 0.3, 0.4, 0.5, 0.6, 0.7, 0.8, 0.9, 1.0]
times: [148.55, 289.02, 422.23, 565.06, 700.79, 842.74, 987.22, 1124.92, 1269.16, 1403.67]
scores: [0.866519896725477, 0.872498560103453, 0.8132827300432378, 0.9658544667360927, 0.845596986014845, 0.8296775319668876, 0.9733752129885089, 0.8281735301404178, 0.9365868141182807, 0.9632621694051193]
