training_data_sizes: [0.1, 0.2, 0.3, 0.4]
times: [22.0, 52.0, 88.0, 112.0]
scores: [0.9193772489226211, 0.9015690377261258, 0.9936166952826793, 0.8954195551084028]
