training_data_sizes: [0.1, 0.2, 0.3, 0.4, 0.5, 0.6, 0.7]
times: [68.0, 137.0, 208.0, 279.0, 340.0, 417.0, 482.99999999999994]
scores: [0.8675051245790883, 0.8013448731479238, 0.9371287923952543, 1.0, 1.0, 1.0, 1.0]
