training_data_sizes: [0.1, 0.2, 0.3, 0.4, 0.5, 0.6, 0.7, 0.8, 0.9, 1.0]
times: [8.96, 16.17, 24.14, 30.42, 40.64, 48.03, 56.23, 63.24, 71.7, 81.51]
scores: [0.9729080369928885, 0.984339282302789, 0.9884389397805454, 0.9908958777602515, 0.992328166311286, 0.9935441926784279, 0.9943462243684509, 0.9949542384736577, 0.9954671168768462, 0.9958562851359789]
