training_data_sizes: [0.1, 0.2, 0.3]
times: [301.56, 602.03, 907.16]
scores: [0.7720408552505856, 0.656161306333194, 0.6260197052368337]
