training_data_sizes: [0.1, 0.2, 0.3, 0.4, 0.5, 0.6, 0.7, 0.8, 0.9]
times: [95.82, 179.94, 270.67, 357.21, 450.95, 539.03, 630.93, 714.0, 805.08]
scores: [0.9265703852394396, 0.9705366275950261, 0.8872601658346928, 0.9021377069390942, 0.9140388918764543, 0.896651445562804, 0.8815774091315904, 0.9801390521825937, 1.0]
