training_data_sizes: [0.1, 0.2, 0.3, 0.4, 0.5, 0.6, 0.7]
times: [113.0, 234.0, 356.0, 477.0, 599.0, 716.0, 835.0]
scores: [0.6201868329039254, 0.6598863384396308, 0.6162896360996939, 0.6032759550410969, 0.5316792416321282, 0.47081698063392713, 0.5316864700880481]
