training_data_sizes: [0.1, 0.2, 0.3, 0.4, 0.5, 0.6, 0.7]
times: [78.0, 153.0, 231.0, 311.0, 391.0, 476.0, 552.0]
scores: [0.5886966319090592, 0.7394120644265347, 0.7627390038306406, 0.8540813724296554, 0.8430253762864041, 0.9777876339882416, 0.9148023274432877]
