training_data_sizes: [0.1, 0.2, 0.3, 0.4, 0.5, 0.6, 0.7, 0.8]
times: [165.44, 333.57, 496.02, 656.42, 822.12, 984.97, 1144.83, 1302.16]
scores: [0.9528416612735506, 0.945570923009773, 0.7847788932133555, 0.8981069424416999, 0.7908878780158718, 0.8430596554467349, 0.903254642020598, 0.9941020562029517]
