training_data_sizes: [0.1, 0.2, 0.3, 0.4]
times: [357.6, 703.42, 1059.14, 1400.21]
scores: [0.9070997509409684, 0.9190791890610814, 1.0, 1.0]
