training_data_sizes: [0.1, 0.2, 0.3, 0.4]
times: [15.0, 30.0, 56.0, 78.0]
scores: [0.7639306855907155, 0.8699926974539567, 0.9898646860332925, 0.9484963841292597]
