training_data_sizes: [0.1, 0.2, 0.3, 0.4, 0.5, 0.6, 0.7, 0.8, 0.9]
times: [117.96, 229.31, 341.19, 451.02, 558.12, 669.41, 783.52, 891.95, 1008.5]
scores: [0.8430547216808981, 0.84548765037668, 0.9147834778536665, 0.9453072566376856, 0.9393192665708361, 1.0, 0.9862274981373682, 0.9933826923801843, 1.0]
