training_data_sizes: [0.1, 0.2, 0.3, 0.4, 0.5, 0.6, 0.7, 0.8]
times: [108.89, 200.48, 309.87, 400.98, 501.91, 605.58, 709.83, 804.73]
scores: [0.8347352690628438, 0.8198155500377062, 0.9085751259491882, 0.9233060315593471, 0.8487159149790278, 0.7900104429636214, 0.7443345762927401, 0.7982423856344638]
