training_data_sizes: [0.1, 0.2, 0.3, 0.4, 0.5, 0.6, 0.7]
times: [100.93, 200.57, 303.48, 406.03, 501.53, 602.09, 707.63]
scores: [1.0, 1.0, 1.0, 1.0, 0.9612003650313761, 0.9988563248917315, 1.0]
