training_data_sizes: [0.1, 0.2, 0.3, 0.4, 0.5, 0.6, 0.7]
times: [200.71, 409.61, 601.47, 801.31, 1004.75, 1208.13, 1406.47]
scores: [0.7275762997749805, 0.7162364118808061, 0.8464421840955136, 0.7722308716169624, 0.8618134996053368, 0.984530052867053, 0.8620251579749668]
