training_data_sizes: [0.1, 0.2, 0.3, 0.4, 0.5, 0.6, 0.7, 0.8]
times: [35.0, 71.0, 114.0, 156.0, 193.0, 234.0, 274.0, 314.0]
scores: [0.7963272048667158, 0.739208630255791, 0.8166619303135547, 0.7558701362658653, 0.9504627686091754, 0.9201147174808066, 0.9584478470777021, 0.9466096405045434]
