training_data_sizes: [0.1, 0.2, 0.3, 0.4, 0.5]
times: [68.0, 138.0, 208.0, 272.0, 346.0]
scores: [0.9217403606329593, 0.9563747766711745, 0.9669021635191164, 0.967856314216806, 0.8033172790792179]
