training_data_sizes: [0.1, 0.2, 0.3, 0.4, 0.5, 0.6, 0.7, 0.8]
times: [127.0, 256.0, 385.0, 517.0, 645.0, 770.0, 907.9999999999999, 1036.0]
scores: [0.9392731540086785, 0.8469956662505874, 0.9332787607283861, 0.8873044349699655, 0.9882298106090073, 0.8369451106391566, 0.8973147809945268, 0.8572876213418175]
