training_data_sizes: [0.1, 0.2, 0.3, 0.4, 0.5, 0.6, 0.7, 0.8]
times: [71.0, 153.0, 232.0, 310.0, 394.0, 471.0, 552.0, 639.0]
scores: [0.6297326744301721, 0.6158095273095611, 0.5418546570691205, 0.6881691906697869, 0.6858073224122947, 0.7259010121362173, 0.7629835216600829, 0.942457470481205]
