training_data_sizes: [0.1, 0.2, 0.3, 0.4, 0.5, 0.6, 0.7, 0.8, 0.9, 1.0]
times: [128.72, 245.68, 365.0, 486.47, 605.52, 728.28, 844.56, 964.6, 1080.18, 1201.4]
scores: [0.7168214208481907, 0.6898420901813209, 0.7167941122597944, 0.6848465142746868, 0.4968753597168119, 0.5414975809972028, 0.664169526370664, 0.5613491515738394, 0.5981749382180431, 0.5612261384359956]
