training_data_sizes: [0.1, 0.2]
times: [114.0, 232.0]
scores: [0.7503063163690566, 0.7965936085403926]
