training_data_sizes: [0.1, 0.2, 0.3, 0.4, 0.5, 0.6, 0.7, 0.8, 0.9, 1.0]
times: [1.11, 2.17, 3.28, 3.9, 3.48, 4.0, 4.66, 5.21, 6.51, 5.63]
scores: [0.5452781194478611, 0.5808959947615411, 0.5579433475146358, 0.5375946574443979, 0.5208561349653125, 0.5131713686710779, 0.4878591703822064, 0.480363336831489, 0.4930067129902249, 0.4817275747508307]
