training_data_sizes: [0.1, 0.2, 0.3, 0.4, 0.5, 0.6]
times: [124.6, 236.17, 350.91, 471.36, 584.8, 702.57]
scores: [1.0, 0.9623063971449357, 1.0, 1.0, 0.9974941734080738, 1.0]
