training_data_sizes: [0.1, 0.2, 0.3, 0.4, 0.5, 0.6, 0.7, 0.8]
times: [42.0, 97.0, 147.0, 190.0, 247.0, 290.0, 344.0, 397.0]
scores: [0.815427763936394, 0.8575870581075323, 0.9091493137360953, 0.9766974359518682, 1.0, 1.0, 1.0, 1.0]
