training_data_sizes: [0.1, 0.2, 0.3, 0.4, 0.5, 0.6, 0.7, 0.8, 0.9]
times: [126.59, 249.86, 370.28, 489.21, 616.89, 733.56, 863.29, 978.57, 1102.12]
scores: [0.8583781407916384, 0.8909733819485418, 0.7587922852246639, 0.7457453571815701, 0.8227911111329015, 0.8175274428979908, 0.8850303863667057, 0.9615519366783234, 0.8926128827341844]
