training_data_sizes: [0.1, 0.2, 0.3, 0.4, 0.5, 0.6]
times: [60.0, 130.0, 204.0, 271.0, 347.0, 411.0]
scores: [0.6493539296774837, 0.729218347243278, 0.7450474576903797, 0.6871604250158383, 0.710122606068651, 0.722460922180939]
