training_data_sizes: [0.1, 0.2, 0.3, 0.4]
times: [275.33, 551.26, 825.52, 1104.2]
scores: [0.8612887908754596, 0.7546049239405093, 0.7882092872559988, 0.7908734454306672]
