training_data_sizes: [0.1, 0.2, 0.3, 0.4, 0.5, 0.6, 0.7, 0.8, 0.9, 1.0]
times: [0.91, 1.93, 2.82, 4.29, 5.62, 7.73, 8.69, 11.47, 14.63, 16.48]
scores: [0.999650062954055, 0.9995969004367926, 0.9991681631401201, 0.9990301877810868, 0.998328149499748, 0.9988311770059655, 0.9982640525034068, 0.9983024810798264, 0.9974519922573464, 0.9973395415466975]
