training_data_sizes: [0.1, 0.2, 0.3, 0.4, 0.5]
times: [142.64, 284.28, 425.37, 566.99, 705.54]
scores: [0.9442456293668327, 0.833982312241395, 1.0, 0.977304865173436, 0.9545414066333839]
