training_data_sizes: [0.1, 0.2, 0.3, 0.4, 0.5, 0.6, 0.7, 0.8, 0.9, 1.0]
times: [36.0, 73.0, 117.0, 155.0, 193.0, 237.0, 278.0, 315.0, 354.0, 393.0]
scores: [1.0, 0.9328985241061805, 1.0, 0.995584961182536, 0.9543834004447589, 0.8766885543743711, 0.8577163943639694, 0.9987738011613552, 0.9928991241834049, 1.0]
