training_data_sizes: [0.1, 0.2, 0.3, 0.4, 0.5, 0.6, 0.7, 0.8, 0.9, 1.0]
times: [145.71, 289.98, 424.37, 562.76, 703.49, 847.19, 982.93, 1122.02, 1261.93, 1409.15]
scores: [0.8447680949706893, 0.8434331684673527, 0.8293604887680672, 0.8488666914038009, 0.9550131816805038, 0.9122524268558216, 1.0, 0.9066519037704555, 0.9826499435820449, 1.0]
