training_data_sizes: [0.1, 0.2, 0.3, 0.4, 0.5, 0.6, 0.7]
times: [203.85, 406.77, 604.07, 800.57, 1007.99, 1202.31, 1403.26]
scores: [0.7717665867767436, 0.8226747839051038, 0.983099167901204, 0.8696438691438777, 0.8933820388743361, 0.9769086968868587, 1.0]
