training_data_sizes: [0.1, 0.2, 0.3, 0.4, 0.5, 0.6, 0.7, 0.8]
times: [167.96, 330.4, 492.12, 655.21, 819.1, 976.48, 1141.41, 1302.4]
scores: [0.7933679826182243, 0.8428391668974348, 0.8218777200541137, 0.9292573234105415, 0.8980788603196678, 1.0, 1.0, 1.0]
