training_data_sizes: [0.1, 0.2, 0.3]
times: [435.18, 872.91, 1307.24]
scores: [1.0, 0.9141429299030371, 0.8958111128110349]
