training_data_sizes: [0.1, 0.2, 0.3, 0.4, 0.5, 0.6, 0.7, 0.8, 0.9, 1.0]
times: [123.0, 259.0, 388.0, 515.0, 643.0, 776.0, 901.9999999999999, 1030.0, 1165.0, 1293.0]
scores: [0.5562248888758142, 0.6096443601101927, 0.4583057260124704, 0.45789532739807065, 0.5978372103428635, 0.7067404143150935, 0.7346698846603329, 0.6663386989152474, 0.7306049234287588, 0.9315928867861181]
