training_data_sizes: [0.1, 0.2, 0.3, 0.4, 0.5]
times: [121.95, 243.48, 364.16, 485.6, 609.65]
scores: [0.49728248709786427, 0.6042137453576948, 0.5959100268059949, 0.6711143945424902, 0.5855863186218877]
