training_data_sizes: [0.1, 0.2]
times: [116.0, 235.0]
scores: [0.7385377797864805, 0.6854452789303258]
