training_data_sizes: [0.1, 0.2, 0.3, 0.4]
times: [350.98, 708.31, 1059.6, 1401.8]
scores: [0.8915245155582049, 0.8750033597160786, 0.9012696592753109, 1.0]
