training_data_sizes: [0.1, 0.2, 0.3, 0.4, 0.5, 0.6]
times: [75.0, 150.0, 232.0, 311.0, 392.0, 471.0]
scores: [0.7721856433183101, 0.777978172279503, 0.9504629073287955, 0.8253064495976978, 0.8593909917668718, 0.8763585415185262]
