training_data_sizes: [0.1, 0.2, 0.3, 0.4]
times: [42.0, 96.0, 140.0, 199.0]
scores: [0.7340787736830674, 0.7298671654926596, 0.9341742980160094, 0.8424957137829636]
