training_data_sizes: [0.1, 0.2, 0.3, 0.4, 0.5, 0.6, 0.7, 0.8, 0.9, 1.0]
times: [74.46, 145.5, 212.87, 289.89, 355.01, 429.07, 490.69, 567.33, 633.21, 708.54]
scores: [0.7580407088077573, 0.9204428729874309, 0.7980831956567489, 0.8435194476576509, 0.8577682822327626, 0.8495411783983209, 0.9498081738750823, 0.9460364541189709, 0.9471469996235151, 0.8526247827290432]
