training_data_sizes: [0.1, 0.2, 0.3]
times: [467.23, 934.78, 1400.39]
scores: [0.9326365986876908, 1.0, 0.971595464584897]
