training_data_sizes: [0.1, 0.2, 0.3, 0.4, 0.5, 0.6]
times: [157.35, 300.65, 459.4, 600.19, 755.25, 907.05]
scores: [0.9460841843759284, 1.0, 0.928588622911344, 1.0, 1.0, 1.0]
