training_data_sizes: [0.1, 0.2, 0.3]
times: [302.17, 605.38, 904.31]
scores: [0.5765100456213503, 0.6428071262419132, 0.8129168879380726]
