training_data_sizes: [0.1, 0.2, 0.3, 0.4, 0.5, 0.6, 0.7, 0.8, 0.9, 1.0]
times: [77.0, 153.0, 232.0, 318.0, 391.0, 476.0, 554.0, 633.0, 716.0, 793.0]
scores: [0.880725405981694, 0.9484825237551797, 0.9184638413006372, 0.839432449059153, 0.8874283233206824, 0.8408549780779393, 0.8516165493651091, 0.8010148554986298, 0.7989499792391848, 0.9394867885796857]
