training_data_sizes: [0.1, 0.2, 0.3, 0.4, 0.5, 0.6]
times: [156.86, 309.05, 458.5, 609.39, 752.17, 904.81]
scores: [0.7356108202692772, 0.8575419537169022, 0.8344712515003039, 0.8516362333040978, 0.7072156755934869, 0.8145935503898201]
