training_data_sizes: [0.1, 0.2, 0.3]
times: [111.0, 233.0, 351.0]
scores: [0.8061084942375626, 0.8878826150472099, 0.9740847546397182]
