training_data_sizes: [0.1, 0.2, 0.3, 0.4, 0.5, 0.6, 0.7, 0.8]
times: [17.0, 39.0, 55.0, 74.0, 92.0, 110.0, 133.0, 159.0]
scores: [0.8506501125345678, 0.7924173846070033, 0.9589261054364897, 0.9458409132384509, 0.861467423859632, 0.9439953491650686, 0.9689676829799674, 1.0]
