training_data_sizes: [0.1, 0.2, 0.3, 0.4, 0.5, 0.6, 0.7, 0.8, 0.9]
times: [40.0, 94.0, 146.0, 197.0, 247.0, 299.0, 340.0, 398.0, 447.0]
scores: [0.8937654087642817, 0.8896340761688347, 0.9670360860558018, 0.9751121815401056, 1.0, 1.0, 1.0, 1.0, 1.0]
