training_data_sizes: [0.1, 0.2, 0.3]
times: [81.0, 179.0, 263.0]
scores: [0.602023796305762, 0.534705125562708, 0.6584648187638845]
