training_data_sizes: [0.1, 0.2, 0.3, 0.4, 0.5, 0.6]
times: [35.0, 76.0, 111.0, 150.0, 193.0, 230.0]
scores: [0.9344792506980337, 0.9067416456716906, 0.9182212207710487, 0.8621862662566697, 0.988711569114876, 0.8517842563877469]
