training_data_sizes: [0.1, 0.2, 0.3, 0.4, 0.5, 0.6, 0.7, 0.8, 0.9]
times: [46.0, 90.0, 149.0, 198.0, 241.0, 298.0, 349.0, 390.0, 449.0]
scores: [0.8762726469769522, 0.904473170500016, 1.0, 0.9180709963635122, 1.0, 1.0, 1.0, 1.0, 1.0]
