training_data_sizes: [0.1, 0.2, 0.3, 0.4, 0.5, 0.6]
times: [240.69, 467.43, 702.85, 936.31, 1173.39, 1405.3]
scores: [0.5880138543337889, 0.7316284139556165, 0.7036319787677816, 0.6183748398723086, 0.625992078060611, 0.6762392697337485]
