training_data_sizes: [0.1, 0.2, 0.3, 0.4, 0.5, 0.6, 0.7]
times: [132.0, 270.0, 412.0, 555.0, 694.0, 839.0, 977.9999999999999]
scores: [0.9086485925654773, 0.9013309932869629, 0.969369012494421, 1.0, 1.0, 0.9729592720711284, 1.0]
