training_data_sizes: [0.1, 0.2, 0.3, 0.4, 0.5]
times: [25.0, 50.0, 89.0, 115.0, 142.0]
scores: [0.8653776289055741, 0.897930199282421, 0.9051151346873856, 0.91338899875966, 0.9524948393810948]
