training_data_sizes: [0.1, 0.2, 0.3, 0.4, 0.5, 0.6, 0.7, 0.8, 0.9]
times: [53.0, 115.0, 172.0, 232.0, 299.0, 359.0, 415.0, 470.0, 531.0]
scores: [0.6845140177134326, 0.6647727494994682, 0.7504777956906611, 0.9823658944780427, 1.0, 0.9980414417387957, 1.0, 1.0, 1.0]
