training_data_sizes: [0.1, 0.2, 0.3, 0.4, 0.5, 0.6, 0.7]
times: [19.0, 36.0, 50.0, 77.0, 97.0, 118.0, 138.0]
scores: [0.7515783599212753, 0.8125029589135128, 0.8577283780601718, 0.972758856281547, 1.0, 1.0, 1.0]
