training_data_sizes: [0.1, 0.2, 0.3, 0.4, 0.5, 0.6]
times: [226.19, 441.93, 658.93, 873.98, 1083.71, 1305.26]
scores: [0.7881346490356437, 0.8535386129003534, 0.8236395232331757, 0.8419817012725979, 0.8681296404956436, 1.0]
