training_data_sizes: [0.1, 0.2, 0.3, 0.4, 0.5, 0.6, 0.7, 0.8, 0.9, 1.0]
times: [118.0, 230.0, 356.0, 473.0, 596.0, 717.0, 831.0, 957.0, 1078.0, 1193.0]
scores: [0.7265379455702466, 0.7486310156934688, 0.7241192455297284, 0.7827965230128936, 0.7943300131978865, 0.8999846963788699, 0.7013151515536429, 0.7858272050899286, 0.8194933079340031, 0.8921392664153629]
