training_data_sizes: [0.1, 0.2, 0.3, 0.4, 0.5]
times: [129.17, 248.66, 366.95, 485.34, 606.96]
scores: [0.9196822188550642, 0.8080763850492779, 0.9649098424017143, 0.8359369280658953, 0.992931443264362]
