training_data_sizes: [0.1, 0.2, 0.3, 0.4, 0.5, 0.6, 0.7, 0.8, 0.9, 1.0]
times: [123.52, 243.26, 368.27, 484.47, 606.91, 728.35, 847.87, 967.23, 1084.69, 1200.65]
scores: [0.8713921791865247, 0.7816120235876409, 0.8486058261610524, 0.9317750871137311, 1.0, 1.0, 0.999554356463328, 1.0, 1.0, 1.0]
