training_data_sizes: [0.1, 0.2, 0.3, 0.4]
times: [208.54, 400.39, 604.17, 808.08]
scores: [0.7474039494840133, 0.8863343150095582, 0.9745327510400696, 0.9823560984600974]
