training_data_sizes: [0.1, 0.2, 0.3, 0.4, 0.5, 0.6, 0.7, 0.8, 0.9, 1.0]
times: [60.0, 136.0, 209.0, 278.0, 347.0, 418.0, 488.99999999999994, 554.0, 625.0, 697.0]
scores: [0.917889036965335, 0.9568801191583012, 0.8089402173489114, 0.8917813157531238, 0.8762146877286079, 0.7903355736640068, 0.8459604480199066, 0.8957029828659271, 0.9391124941318434, 0.8387025190639679]
