training_data_sizes: [0.1, 0.2, 0.3, 0.4]
times: [205.34, 406.24, 605.69, 800.96]
scores: [0.7764813648783999, 0.8141609024541464, 0.882680000631854, 0.8654223004797513]
