training_data_sizes: [0.1, 0.2, 0.3, 0.4, 0.5, 0.6, 0.7, 0.8, 0.9]
times: [38.0, 73.0, 117.0, 158.0, 196.0, 234.0, 273.0, 316.0, 355.0]
scores: [0.938839347223181, 0.9762150547377687, 0.9983110521972247, 0.997969345044117, 1.0, 1.0, 1.0, 1.0, 1.0]
