training_data_sizes: [0.1, 0.2, 0.3, 0.4, 0.5, 0.6, 0.7, 0.8, 0.9]
times: [34.0, 77.0, 117.0, 153.0, 192.0, 234.0, 274.0, 318.0, 350.0]
scores: [0.9280309365863568, 0.928150887261452, 0.9128751255298241, 0.8303285889563756, 0.9097281370953749, 0.8986891033561939, 0.8144473950997616, 0.8424211946395525, 0.8987384218442649]
