training_data_sizes: [0.1, 0.2, 0.3, 0.4, 0.5, 0.6, 0.7, 0.8, 0.9]
times: [93.08, 184.0, 268.3, 362.93, 444.74, 536.26, 628.67, 720.9, 804.52]
scores: [0.6695284621091409, 0.6227274581600237, 0.7656870504689682, 0.6924376684672953, 0.8118644459289404, 0.9015109903151739, 0.8486175433017356, 1.0, 0.9724791913138147]
