training_data_sizes: [0.1, 0.2]
times: [8.0, 14.0]
scores: [0.711254763842743, 0.7870179412387444]
