training_data_sizes: [0.1, 0.2, 0.3, 0.4, 0.5, 0.6, 0.7, 0.8, 0.9, 1.0]
times: [74.36, 140.42, 211.38, 289.47, 353.73, 423.52, 498.69, 567.26, 638.9, 700.68]
scores: [0.9084192745661099, 0.949142984835172, 0.8146479961142192, 0.9024530690016399, 0.9022842299554241, 0.783860664694153, 0.9370000776799164, 0.9439768494272371, 0.7874973882500211, 0.8738328594606044]
