training_data_sizes: [0.1, 0.2, 0.3, 0.4, 0.5, 0.6]
times: [15.0, 36.0, 52.0, 70.0, 91.0, 110.0]
scores: [0.728293844661762, 0.8949198793883157, 0.9195135615556116, 0.8707394363102131, 1.0, 1.0]
