training_data_sizes: [0.1, 0.2, 0.3, 0.4, 0.5, 0.6, 0.7, 0.8, 0.9, 1.0]
times: [140.44, 247.99, 361.94, 470.17, 566.61, 695.06, 807.05, 870.78, 995.45, 1078.09]
scores: [0.8152951856169288, 0.8445654007178272, 0.8576700266993331, 0.8671608413718379, 0.8759065203077163, 0.8834311882658994, 0.8885658174616171, 0.8940955511411703, 0.8973259008854875, 0.9000701967104519]
