training_data_sizes: [0.1, 0.2, 0.3, 0.4, 0.5]
times: [205.61, 406.93, 608.73, 809.37, 1001.82]
scores: [0.7750221968701755, 0.9824209726821082, 0.9610657382045561, 0.993551715448316, 1.0]
