training_data_sizes: [0.1, 0.2, 0.3, 0.4, 0.5, 0.6]
times: [184.61, 372.35, 558.8, 739.11, 919.13, 1108.97]
scores: [0.8311851880438617, 0.9155468501154551, 0.8966234366843816, 0.9962304727058413, 0.9242501902148266, 0.9826774647239306]
