training_data_sizes: [0.1, 0.2, 0.3, 0.4, 0.5]
times: [12.0, 39.0, 51.0, 78.0, 98.0]
scores: [0.8616146202915393, 0.9526481663896209, 0.8646004092501447, 0.8977072301896014, 0.8210635603994674]
