training_data_sizes: [0.1, 0.2, 0.3]
times: [368.11, 735.86, 1108.66]
scores: [0.9628944207803704, 0.9655471447808819, 0.859322914921048]
