training_data_sizes: [0.1, 0.2, 0.3]
times: [43.0, 94.0, 145.0]
scores: [0.47134338807506687, 0.6006517304148411, 0.7062677109374152]
