training_data_sizes: [0.1, 0.2, 0.3, 0.4, 0.5, 0.6, 0.7, 0.8]
times: [87.0, 172.0, 260.0, 354.0, 446.0, 535.0, 622.0, 717.0]
scores: [0.8142838916079675, 0.8919838407672394, 0.9835607460505275, 1.0, 0.9682573115108903, 0.9828795102729005, 0.9991367807405285, 1.0]
