training_data_sizes: [0.1, 0.2, 0.3]
times: [134.0, 272.0, 415.0]
scores: [0.9394051796720985, 0.9697082254392326, 0.9031110422646254]
