training_data_sizes: [0.1, 0.2, 0.3, 0.4, 0.5, 0.6, 0.7]
times: [21.0, 59.0, 86.0, 115.0, 147.0, 172.0, 205.0]
scores: [0.42786229813844134, 0.622702392862108, 0.5529211394312195, 0.5121296614609242, 0.5461926396567929, 0.7598866075193982, 0.7872204818299897]
