training_data_sizes: [0.1, 0.2, 0.3, 0.4, 0.5, 0.6, 0.7, 0.8]
times: [115.08, 228.9, 342.29, 457.18, 572.1, 678.12, 789.96, 905.97]
scores: [0.6199594131166957, 0.8207037434954991, 0.8841334000452101, 0.8834247342054733, 0.8765183974725572, 1.0, 1.0, 1.0]
