training_data_sizes: [0.1, 0.2]
times: [406.08, 806.4]
scores: [0.9411223288058952, 0.8628347858329923]
