training_data_sizes: [0.1, 0.2, 0.3, 0.4, 0.5, 0.6, 0.7, 0.8]
times: [170.35, 333.24, 494.94, 650.91, 813.89, 975.86, 1141.28, 1307.27]
scores: [0.9279972084284803, 0.8607724767505722, 0.994651229409071, 0.9430789066888614, 1.0, 0.9908526957833412, 1.0, 1.0]
