training_data_sizes: [0.1, 0.2]
times: [655.04, 1300.63]
scores: [0.8105099110274382, 0.8918674563772742]
