training_data_sizes: [0.1, 0.2]
times: [500.13, 1000.23]
scores: [0.5294094695043358, 0.6932529600986088]
