training_data_sizes: [0.1, 0.2]
times: [503.4, 1005.8]
scores: [0.9734412620751249, 0.8312548408178673]
