training_data_sizes: [0.1, 0.2, 0.3, 0.4, 0.5]
times: [31.0, 70.0, 119.0, 152.0, 198.0]
scores: [0.8243397924635387, 0.8782400904322178, 0.8227718185120765, 0.8229017619179628, 0.9182907095229033]
