training_data_sizes: [0.1, 0.2, 0.3, 0.4, 0.5, 0.6]
times: [121.72, 239.87, 357.16, 475.14, 587.74, 707.0]
scores: [0.8923374060719029, 0.9400897396182356, 0.8602760434039767, 0.798862745234009, 0.9488150965571993, 0.9497416539812329]
