training_data_sizes: [0.1, 0.2, 0.3]
times: [305.8, 602.39, 901.43]
scores: [0.5716290240272104, 0.42755293073404005, 0.5297740759600098]
