training_data_sizes: [0.1, 0.2, 0.3, 0.4]
times: [309.71, 602.86, 900.56, 1209.38]
scores: [0.8134994240549159, 0.7883488379144004, 0.8079657751314524, 0.8133729820466205]
