training_data_sizes: [0.1, 0.2, 0.3, 0.4, 0.5, 0.6, 0.7, 0.8, 0.9, 1.0]
times: [33.0, 73.0, 111.0, 159.0, 193.0, 238.0, 271.0, 311.0, 359.0, 395.0]
scores: [0.8537050106053201, 0.7511862758135841, 0.8109930560296451, 0.8858230238963547, 0.9637474569648445, 0.9201659569638378, 1.0, 1.0, 1.0, 1.0]
