training_data_sizes: [0.1, 0.2, 0.3, 0.4, 0.5]
times: [41.0, 97.0, 141.0, 195.0, 244.0]
scores: [0.6125522223475579, 0.5745571609758648, 0.5885884345728084, 0.6760316425692692, 0.6191231939794748]
