training_data_sizes: [0.1, 0.2, 0.3, 0.4, 0.5, 0.6, 0.7]
times: [2.0, 13.0, 22.0, 34.0, 46.0, 50.0, 62.0]
scores: [0.6965593932091361, 0.8708271308224238, 0.8693315092777381, 0.8815667205981756, 0.9052285664584216, 1.0, 1.0]
