training_data_sizes: [0.1, 0.2, 0.3, 0.4, 0.5, 0.6, 0.7, 0.8, 0.9, 1.0]
times: [0.03, 0.04, 0.05, 0.05, 0.06, 0.07, 0.1, 0.1, 0.11, 0.12]
scores: [0.0, 0.0, 0.039735099337748325, 0.2881582833893912, 0.33037703743070423, 0.42196654136611467, 0.4677260408967725, 0.4635822811510937, 0.47732170291639653, 0.48750975800156127]
