training_data_sizes: [0.1, 0.2, 0.3, 0.4, 0.5]
times: [77.0, 157.0, 235.0, 318.0, 394.0]
scores: [0.778784405453099, 0.9390119179384316, 0.861936168682532, 0.911327007626052, 0.8303708043044495]
