training_data_sizes: [0.1, 0.2, 0.3, 0.4, 0.5, 0.6, 0.7]
times: [148.53, 295.54, 435.28, 577.41, 718.91, 860.12, 1006.24]
scores: [0.9559368525200529, 0.9512861157634072, 1.0, 1.0, 1.0, 1.0, 1.0]
