training_data_sizes: [0.1, 0.2, 0.3, 0.4, 0.5, 0.6]
times: [168.98, 337.86, 506.69, 670.62, 835.68, 1002.33]
scores: [0.5298019450909099, 0.5545052534790444, 0.5253044961143013, 0.5730699037587975, 0.5080841855197655, 0.6685611620985196]
