training_data_sizes: [0.1, 0.2, 0.3, 0.4, 0.5, 0.6, 0.7, 0.8, 0.9]
times: [120.62, 229.86, 336.98, 453.31, 564.46, 672.38, 779.38, 897.55, 1004.79]
scores: [0.6659336083863467, 0.6540543006481998, 0.699051311868736, 0.6697963877578461, 0.7681983026818309, 0.6413535022188936, 0.7187126225936721, 0.6774603942093982, 0.6411491218707644]
