training_data_sizes: [0.1, 0.2, 0.3, 0.4, 0.5]
times: [76.0, 151.0, 235.0, 310.0, 390.0]
scores: [0.793386940650398, 0.8089663178685156, 0.8151311074941802, 0.862679785882658, 0.8000922835061745]
