training_data_sizes: [0.1, 0.2, 0.3, 0.4, 0.5]
times: [207.36, 400.27, 604.39, 804.23, 1002.14]
scores: [0.6518094215444665, 0.6329347488954279, 0.8153620916041102, 0.70760313171656, 0.7182954533036573]
