training_data_sizes: [0.1, 0.2, 0.3, 0.4, 0.5]
times: [164.13, 325.35, 489.58, 641.72, 806.29]
scores: [0.5672345709173061, 0.5632445206374724, 0.4687116917458724, 0.5978845650870596, 0.4476090694122892]
