training_data_sizes: [0.1, 0.2, 0.3, 0.4, 0.5, 0.6, 0.7, 0.8, 0.9]
times: [113.5, 228.0, 338.7, 453.38, 562.0, 672.43, 780.47, 890.99, 1009.36]
scores: [0.794272989481707, 0.8643186837077086, 0.9544143080521592, 0.8494996959559372, 0.8645219507931452, 0.9111919947591088, 0.8322802873030405, 0.9734461915706517, 0.8874824627133209]
