training_data_sizes: [0.1, 0.2, 0.3, 0.4]
times: [329.53, 653.48, 975.32, 1305.3]
scores: [0.7488771706486945, 0.8669165168659703, 0.8229905356488783, 0.9460429064513387]
