training_data_sizes: [0.1, 0.2, 0.3, 0.4, 0.5, 0.6]
times: [49.0, 94.0, 147.0, 195.0, 244.0, 292.0]
scores: [1.0, 1.0, 0.9921721811825199, 0.9250410502763368, 1.0, 0.9894161742434202]
