training_data_sizes: [0.1, 0.2, 0.3, 0.4, 0.5, 0.6, 0.7, 0.8, 0.9]
times: [43.0, 95.0, 149.0, 197.0, 243.0, 297.0, 347.0, 392.0, 448.0]
scores: [0.7032777298360584, 0.7154800579320857, 0.7810442089972496, 0.8313063889850418, 0.9469754255866835, 0.9429707748949718, 1.0, 1.0, 1.0]
