training_data_sizes: [0.1, 0.2, 0.3, 0.4, 0.5, 0.6]
times: [216.87, 436.56, 653.32, 874.09, 1083.95, 1306.07]
scores: [0.9195486878211235, 0.79371269890559, 0.8796211453126805, 0.9034390155354923, 0.8270873586219568, 1.0]
