training_data_sizes: [0.1, 0.2, 0.3]
times: [17.0, 31.0, 55.0]
scores: [0.8095157287533419, 0.771366876232642, 0.9841967574534899]
