training_data_sizes: [0.1, 0.2, 0.3, 0.4, 0.5]
times: [40.0, 93.0, 147.0, 198.0, 242.0]
scores: [0.5930275800247097, 0.5359111323568287, 0.6845171366297211, 0.687167475998763, 0.7375713181654118]
