training_data_sizes: [0.1, 0.2, 0.3, 0.4, 0.5, 0.6, 0.7, 0.8, 0.9]
times: [115.22, 223.27, 339.39, 450.87, 558.3, 667.0, 781.16, 891.85, 1008.76]
scores: [0.9075140289830667, 0.9534557102162068, 0.9651152893032711, 1.0, 1.0, 1.0, 1.0, 1.0, 1.0]
