training_data_sizes: [0.1, 0.2]
times: [657.72, 1309.74]
scores: [0.8593307534222072, 0.8165184037602883]
