training_data_sizes: [0.1, 0.2, 0.3, 0.4, 0.5, 0.6, 0.7, 0.8, 0.9, 1.0]
times: [79.83, 145.01, 213.97, 283.69, 359.29, 421.75, 491.01, 565.89, 637.82, 705.37]
scores: [0.8824403806030658, 0.7719204154876336, 0.9484906910834486, 0.8421657950304542, 1.0, 1.0, 1.0, 0.9566168336346066, 0.9547519844105163, 1.0]
