training_data_sizes: [0.1, 0.2, 0.3, 0.4, 0.5, 0.6]
times: [48.0, 99.0, 146.0, 198.0, 241.0, 295.0]
scores: [0.8821696415770887, 0.8069034662975418, 0.8508459355633244, 0.8622614776448314, 0.8954440251118092, 0.9814226942843207]
