training_data_sizes: [0.1, 0.2, 0.3, 0.4, 0.5, 0.6, 0.7]
times: [28.0, 57.0, 80.0, 116.0, 147.0, 176.0, 202.0]
scores: [0.6896403930681287, 0.9041759707516703, 0.8630248280120014, 1.0, 0.8528256378363566, 1.0, 0.98351650218591]
