training_data_sizes: [0.1, 0.2]
times: [656.34, 1306.57]
scores: [0.8325424066163984, 0.9612462366605432]
