training_data_sizes: [0.1, 0.2, 0.3, 0.4, 0.5, 0.6, 0.7, 0.8, 0.9]
times: [160.63, 319.52, 474.97, 624.14, 777.95, 936.61, 1091.01, 1252.23, 1407.38]
scores: [0.909364514496062, 0.9413253252325828, 0.870713982944271, 0.9103489474008151, 0.9353884153809994, 0.9372191026923329, 1.0, 0.9693930239456292, 1.0]
