training_data_sizes: [0.1, 0.2, 0.3, 0.4, 0.5, 0.6, 0.7, 0.8]
times: [87.81, 181.34, 264.97, 355.02, 445.12, 525.22, 618.8, 708.65]
scores: [0.94910852330394, 0.9381630475678808, 0.8567063506974608, 0.9942104654767188, 0.938526672325491, 0.8648564428795599, 0.8105551296880794, 0.847090379112266]
