training_data_sizes: [0.1, 0.2, 0.3, 0.4, 0.5, 0.6, 0.7]
times: [206.15, 408.25, 607.28, 803.82, 1008.29, 1204.99, 1401.64]
scores: [0.621226707696319, 0.6311328538109197, 0.6757309539250402, 0.6984458472091722, 0.8582430807098662, 0.9784784877369784, 0.8938089664464146]
