training_data_sizes: [0.1, 0.2, 0.3, 0.4, 0.5, 0.6, 0.7, 0.8, 0.9, 1.0]
times: [133.0, 276.0, 416.0, 554.0, 698.0, 831.0, 970.9999999999999, 1115.0, 1254.0, 1392.0]
scores: [0.8478365351293577, 0.8336680298332673, 0.9463936315333884, 0.9636559922143368, 1.0, 1.0, 0.9379512497098718, 1.0, 1.0, 1.0]
