training_data_sizes: [0.1, 0.2, 0.3, 0.4, 0.5, 0.6, 0.7, 0.8, 0.9]
times: [131.72, 245.05, 368.26, 495.15, 619.76, 737.58, 858.83, 978.48, 1109.27]
scores: [0.8177272962960811, 0.9144619841539623, 0.874981475999422, 0.999796824422337, 0.9846083250837516, 1.0, 0.9050165797505173, 0.9513169454984545, 0.9417273206903318]
