training_data_sizes: [0.1, 0.2, 0.3, 0.4, 0.5, 0.6]
times: [7.0, 17.0, 23.0, 32.0, 49.0, 59.0]
scores: [0.7715412829007284, 0.8586761156481733, 0.9223386317300692, 0.9817160924630796, 0.9655904299648194, 0.9537858726079445]
