training_data_sizes: [0.1, 0.2, 0.3, 0.4, 0.5, 0.6]
times: [118.3, 241.06, 356.98, 474.71, 588.31, 705.04]
scores: [0.732771006549323, 0.8003605143349795, 0.6709314726708706, 0.7507789804468714, 0.7673684154286144, 0.7462163480721817]
