training_data_sizes: [0.1, 0.2, 0.3]
times: [66.0, 137.0, 207.0]
scores: [0.6780044338555608, 0.6735112561351015, 0.6982548658144134]
