training_data_sizes: [0.1, 0.2, 0.3, 0.4, 0.5, 0.6, 0.7, 0.8]
times: [95.99, 180.66, 264.98, 351.22, 445.29, 531.86, 618.27, 701.15]
scores: [0.8030528880417822, 0.858474289147198, 0.861772748723003, 0.7723613663473268, 0.962579433291663, 1.0, 0.9373692833967509, 0.9652772660596824]
