training_data_sizes: [0.1, 0.2, 0.3, 0.4, 0.5, 0.6, 0.7, 0.8, 0.9]
times: [52.0, 115.0, 175.0, 235.0, 293.0, 358.0, 419.0, 474.0, 534.0]
scores: [0.9860705813397517, 0.9953662653990792, 0.9407401222952663, 1.0, 0.9872118929849831, 0.9949943307856813, 1.0, 0.9740941196498931, 0.972320601239399]
