training_data_sizes: [0.1, 0.2, 0.3, 0.4, 0.5, 0.6, 0.7]
times: [31.0, 77.0, 111.0, 151.0, 193.0, 232.0, 279.0]
scores: [0.9209081643204557, 1.0, 0.9919296835983145, 0.937543538231854, 0.9925511446759738, 0.935570402123491, 0.9863155891423471]
