training_data_sizes: [0.1, 0.2, 0.3]
times: [24.0, 56.0, 86.0]
scores: [0.6028138620727784, 0.6406554779410338, 0.7027721435040336]
