training_data_sizes: [0.1, 0.2, 0.3, 0.4, 0.5, 0.6, 0.7]
times: [122.25, 234.67, 344.73, 464.15, 573.94, 691.33, 801.4]
scores: [0.9149800444832298, 0.8083428513147223, 0.9399911090744568, 0.8242890516332793, 0.9802674285336374, 0.9836973818787037, 0.9406656026560618]
