training_data_sizes: [0.1, 0.2, 0.3, 0.4, 0.5, 0.6, 0.7, 0.8, 0.9, 1.0]
times: [11.11, 34.32, 60.07, 99.93, 135.1, 200.38, 224.26, 278.32, 257.07, 416.62]
scores: [0.9996783542977782, 0.999933607326094, 0.9995181273278383, 0.9997000026355974, 0.9994974037878246, 0.9997694287723249, 0.9985389466991272, 0.9983386283047848, 0.9976758129237533, 0.9988503128360418]
