training_data_sizes: [0.1, 0.2, 0.3, 0.4, 0.5, 0.6, 0.7, 0.8, 0.9, 1.0]
times: [109.79, 205.8, 306.73, 407.62, 504.43, 609.57, 701.16, 807.51, 901.3, 1000.35]
scores: [0.5629805205710843, 0.5259038362682639, 0.4939872658534714, 0.4990818820462243, 0.4485354381270069, 0.5981240791172922, 0.5346757868143553, 0.44041195723648496, 0.49299614233262123, 0.48771396007439605]
