training_data_sizes: [0.1, 0.2, 0.3, 0.4, 0.5, 0.6, 0.7, 0.8, 0.9]
times: [125.55, 246.91, 375.39, 491.6, 621.02, 739.92, 864.61, 982.44, 1102.95]
scores: [0.9665447509317419, 0.9523508809961898, 0.8942071734041575, 1.0, 0.9505791964120784, 1.0, 0.957870427861456, 0.997454761110445, 1.0]
