training_data_sizes: [0.1, 0.2, 0.3, 0.4, 0.5, 0.6, 0.7, 0.8]
times: [103.0, 216.0, 329.0, 435.0, 540.0, 653.0, 760.0, 878.0]
scores: [0.8356050643711814, 0.9029555055457834, 1.0, 0.9942792871386228, 0.9505410259514717, 1.0, 1.0, 1.0]
