training_data_sizes: [0.1, 0.2, 0.3, 0.4, 0.5, 0.6, 0.7, 0.8]
times: [119.59, 225.12, 343.86, 456.72, 567.85, 675.24, 792.5, 900.31]
scores: [0.9394217932746464, 0.8881842607473984, 0.8326444092971848, 0.7910275175915829, 0.9333093842364607, 0.9276324535440812, 0.7932380992191581, 0.8958252963399024]
