training_data_sizes: [0.1, 0.2, 0.3, 0.4, 0.5, 0.6, 0.7, 0.8, 0.9, 1.0]
times: [50.0, 118.0, 177.0, 230.0, 293.0, 354.0, 413.0, 470.0, 536.0, 594.0]
scores: [0.527092751683926, 0.6513030332872911, 0.45844671934456327, 0.4485651121015013, 0.4374641757396335, 0.4802330446493977, 0.5897797638731563, 0.5120349958322011, 0.49681311090644487, 0.5347940959305637]
