training_data_sizes: [0.1, 0.2, 0.3, 0.4]
times: [56.0, 111.0, 174.0, 231.0]
scores: [0.6707949781362657, 0.6663044357076885, 0.7509773015467723, 0.7674648886232328]
