training_data_sizes: [0.1, 0.2, 0.3, 0.4, 0.5, 0.6, 0.7, 0.8, 0.9, 1.0]
times: [132.28, 261.04, 392.82, 526.36, 653.36, 781.99, 913.2, 1049.33, 1175.73, 1307.4]
scores: [0.8412347016861805, 1.0, 0.9063316638479493, 0.9169584919066326, 0.9398856836938649, 0.9604732137382035, 0.9584219544299697, 0.9383846859735138, 1.0, 1.0]
