training_data_sizes: [0.1, 0.2]
times: [457.07, 908.36]
scores: [0.7020497444309919, 0.7261391701617426]
