training_data_sizes: [0.1, 0.2, 0.3, 0.4, 0.5, 0.6, 0.7, 0.8, 0.9]
times: [85.47, 163.63, 242.56, 318.4, 396.01, 475.27, 553.07, 626.07, 707.34]
scores: [0.8190625854900482, 0.7936198632351087, 0.8994961903494327, 0.7934142713313281, 0.7261297423187452, 0.7498137607830812, 0.8801729832800509, 0.8384281982729571, 0.7525354869156385]
