training_data_sizes: [0.1, 0.2, 0.3, 0.4, 0.5]
times: [45.0, 98.0, 144.0, 198.0, 244.0]
scores: [0.744652471514486, 0.8652120459422417, 0.749806545832369, 0.7232830457376334, 0.7735313303895527]
