training_data_sizes: [0.1, 0.2]
times: [656.18, 1309.04]
scores: [0.8150351542170684, 0.8621350036974385]
