training_data_sizes: [0.1, 0.2, 0.3]
times: [113.0, 237.0, 351.0]
scores: [0.94962152761948, 0.7578076865227995, 0.8277517041389274]
