training_data_sizes: [0.1, 0.2, 0.3, 0.4, 0.5, 0.6, 0.7, 0.8, 0.9]
times: [130.27, 252.53, 368.19, 494.72, 612.51, 735.73, 856.91, 981.28, 1105.6]
scores: [0.8794382194085866, 1.0, 0.9573195132528924, 0.950464321201258, 0.9434670894160255, 1.0, 1.0, 1.0, 1.0]
