training_data_sizes: [0.1, 0.2, 0.3, 0.4, 0.5, 0.6, 0.7, 0.8]
times: [114.33, 232.45, 344.41, 458.76, 569.19, 683.25, 791.46, 909.46]
scores: [0.6585529484102293, 0.8225634984529837, 0.7630316461093408, 0.843634493113197, 0.9795706981439365, 1.0, 1.0, 1.0]
