training_data_sizes: [0.1, 0.2, 0.3]
times: [473.91, 940.51, 1409.23]
scores: [0.9364500161615058, 0.9836615991594191, 0.9072189565567843]
