training_data_sizes: [0.1, 0.2, 0.3, 0.4, 0.5]
times: [39.0, 76.0, 115.0, 154.0, 195.0]
scores: [0.782785004232802, 0.7710629863104945, 0.8446256983627339, 1.0, 1.0]
