training_data_sizes: [0.1, 0.2, 0.3, 0.4, 0.5, 0.6]
times: [189.91, 370.35, 555.04, 743.32, 917.13, 1103.74]
scores: [0.9287037079875091, 0.9110225512660889, 1.0, 1.0, 1.0, 1.0]
