training_data_sizes: [0.1, 0.2, 0.3, 0.4, 0.5, 0.6, 0.7, 0.8]
times: [206.95, 261.17, 401.93, 782.93, 634.66, 1118.2, 972.55, 1115.37]
scores: [0.99225288545925, 0.9841088937005079, 0.9809048410324861, 0.9894874952565876, 0.9750459462897911, 0.9827565964460896, 0.9789789054302205, 0.9728623551014751]
