training_data_sizes: [0.1, 0.2]
times: [601.64, 1201.09]
scores: [0.9344648603884569, 0.7985392564887558]
