training_data_sizes: [0.1, 0.2]
times: [652.69, 1307.1]
scores: [0.7320321800779384, 0.7370287264295203]
