training_data_sizes: [0.1, 0.2, 0.3, 0.4, 0.5]
times: [270.15, 478.45, 680.4, 875.56, 1086.48]
scores: [0.5254213057101227, 0.4099304586755437, 0.3735363608454034, 0.3566514800882892, 0.34795364216375646]
