training_data_sizes: [0.1, 0.2, 0.3, 0.4, 0.5, 0.6, 0.7]
times: [70.0, 152.0, 236.0, 314.0, 397.0, 473.0, 552.0]
scores: [0.8034508939648366, 0.9855427403124328, 0.8898264272158974, 0.9084648672564841, 0.9661118734912262, 1.0, 1.0]
