training_data_sizes: [0.1, 0.2, 0.3, 0.4]
times: [358.85, 705.19, 1050.88, 1406.75]
scores: [0.6174062408492705, 0.4618938066777975, 0.5269075394703611, 0.5087746274841467]
