training_data_sizes: [0.1, 0.2, 0.3, 0.4, 0.5, 0.6, 0.7, 0.8, 0.9, 1.0]
times: [104.96, 200.74, 309.46, 408.46, 500.56, 609.49, 709.9, 805.95, 904.15, 1001.78]
scores: [0.8350754416993549, 0.8524674128837852, 0.8369858813851792, 0.9782762449163254, 0.955568007204908, 0.9914109000906204, 0.8920928321177207, 0.93988598635909, 0.8955558870627558, 0.9199539342642857]
