training_data_sizes: [0.1, 0.2, 0.3, 0.4, 0.5, 0.6, 0.7, 0.8]
times: [50.0, 111.0, 176.0, 237.0, 292.0, 353.0, 419.0, 471.0]
scores: [0.6278652126458223, 0.7756648936789802, 0.6853892033073681, 0.7660251632119743, 0.8415594528125172, 0.8603398234998586, 0.8725609966098518, 0.955105031060637]
