training_data_sizes: [0.1, 0.2, 0.3, 0.4, 0.5, 0.6, 0.7]
times: [158.84, 317.59, 477.52, 637.82, 795.63, 947.0, 1102.6]
scores: [0.5763607956833314, 0.7045770790591285, 0.6040230844283961, 0.6900545833457303, 0.7751955999691287, 0.895826672118802, 0.9143216137081434]
