training_data_sizes: [0.1, 0.2, 0.3, 0.4]
times: [60.0, 130.0, 201.0, 270.0]
scores: [0.7236377578986967, 0.7088410667529668, 0.8163605445333761, 0.8443912430009817]
