training_data_sizes: [0.1, 0.2, 0.3]
times: [26.0, 52.0, 85.0]
scores: [0.9024091352834422, 0.9219500411502611, 0.7476451967344915]
