training_data_sizes: [0.1, 0.2, 0.3, 0.4, 0.5, 0.6, 0.7, 0.8, 0.9, 1.0]
times: [0.74, 1.33, 1.84, 2.36, 2.78, 3.16, 3.68, 4.1, 4.62, 4.66]
scores: [0.7249783821639968, 0.6721771262922147, 0.6371856295954444, 0.6156259014345624, 0.5957480992653159, 0.5814403349238773, 0.5705079337810397, 0.564254734556325, 0.5579576250834868, 0.5508758756602742]
