training_data_sizes: [0.1, 0.2, 0.3, 0.4, 0.5]
times: [101.0, 216.0, 320.0, 433.0, 541.0]
scores: [0.967168263879217, 0.8563366001496943, 0.9787241091902539, 0.9861380585998871, 0.912022206553788]
