training_data_sizes: [0.1, 0.2, 0.3, 0.4, 0.5, 0.6, 0.7]
times: [64.0, 131.0, 200.0, 277.0, 347.0, 415.0, 480.99999999999994]
scores: [0.6817526027869252, 0.6410351806896126, 0.8097503344528585, 0.6216329172709316, 0.6177101964467546, 0.7662991110074535, 0.7019770337709226]
