training_data_sizes: [0.1, 0.2, 0.3, 0.4]
times: [332.4, 657.52, 980.5, 1307.99]
scores: [0.7673580569205946, 0.7739977799082303, 0.8611063990973268, 1.0]
