training_data_sizes: [0.1, 0.2, 0.3]
times: [14.0, 39.0, 51.0]
scores: [0.917871770942424, 0.8503437200738182, 1.0]
