training_data_sizes: [0.1, 0.2, 0.3, 0.4, 0.5, 0.6, 0.7, 0.8, 0.9]
times: [72.37, 142.15, 203.96, 273.27, 336.07, 409.23, 470.99, 542.66, 602.39]
scores: [0.44544257059888753, 0.5565660868103934, 0.6565308269153388, 0.585096602430725, 0.6237319021152578, 0.6535772541637768, 0.8369436833231697, 0.8273045354686879, 0.9670269363013895]
