training_data_sizes: [0.1, 0.2]
times: [555.55, 1108.76]
scores: [0.989782175914406, 0.9778703131440016]
