training_data_sizes: [0.1, 0.2, 0.3, 0.4, 0.5, 0.6, 0.7, 0.8, 0.9, 1.0]
times: [65.35, 125.73, 186.11, 241.96, 300.46, 368.8, 423.4, 486.38, 540.1, 607.72]
scores: [0.7933799429152975, 0.854133166956722, 0.8254886422380199, 0.8291197618305173, 1.0, 0.9600556510509664, 1.0, 1.0, 1.0, 1.0]
