training_data_sizes: [0.1, 0.2, 0.3, 0.4, 0.5]
times: [166.5, 326.98, 488.5, 648.11, 804.89]
scores: [0.9487376760798234, 0.8296222405953382, 0.8973558166524327, 1.0, 1.0]
