training_data_sizes: [0.1, 0.2, 0.3, 0.4, 0.5, 0.6]
times: [107.0, 219.0, 326.0, 431.0, 540.0, 658.0]
scores: [0.8063666355541305, 0.8523588269745923, 0.9297960345760903, 0.9073097679807924, 0.7599447391341279, 0.7930260631706169]
