training_data_sizes: [0.1, 0.2, 0.3, 0.4, 0.5, 0.6, 0.7, 0.8]
times: [109.62, 203.26, 304.85, 401.57, 503.06, 602.43, 708.93, 804.28]
scores: [0.8901907052762219, 0.9351975641679473, 0.955666938326038, 0.9556143575259812, 1.0, 1.0, 1.0, 1.0]
