training_data_sizes: [0.1, 0.2, 0.3, 0.4, 0.5, 0.6, 0.7, 0.8, 0.9, 1.0]
times: [89.74, 179.83, 279.18, 368.61, 442.27, 542.74, 614.26, 688.98, 776.43, 871.13]
scores: [0.771538893398026, 0.6355628260387093, 0.6058426141821935, 0.5931067061879506, 0.589071202591659, 0.5681342862358338, 0.566795465581441, 0.561948523770493, 0.55987117583877, 0.5590704417602964]
