training_data_sizes: [0.1, 0.2, 0.3, 0.4, 0.5, 0.6, 0.7, 0.8]
times: [97.29, 182.9, 271.62, 353.21, 438.34, 528.19, 615.52, 706.04]
scores: [0.9600458897783202, 0.9538276876070878, 0.9572155392065171, 0.94702767244185, 0.95514525641999, 1.0, 1.0, 1.0]
