training_data_sizes: [0.1, 0.2, 0.3, 0.4, 0.5, 0.6, 0.7, 0.8, 0.9]
times: [42.0, 93.0, 143.0, 193.0, 248.0, 290.0, 342.0, 397.0, 449.0]
scores: [0.8396935113868467, 0.8114911656823485, 0.9463552076892339, 0.8435900765738749, 1.0, 1.0, 1.0, 1.0, 1.0]
