training_data_sizes: [0.1, 0.2, 0.3, 0.4, 0.5, 0.6, 0.7, 0.8, 0.9]
times: [62.0, 136.0, 204.0, 279.0, 345.0, 418.0, 479.99999999999994, 555.0, 622.0]
scores: [0.7527704035825559, 0.7547767463022299, 0.605355128170078, 0.6545003419208161, 0.6931754652135044, 0.591908881215471, 0.6268517970082851, 0.7019326391649956, 0.6984228366597337]
