training_data_sizes: [0.1, 0.2, 0.3, 0.4, 0.5, 0.6, 0.7, 0.8, 0.9, 1.0]
times: [105.87, 207.51, 307.0, 400.2, 507.61, 604.84, 706.13, 801.19, 903.31, 1002.28]
scores: [0.8659521072471335, 0.9073772256751222, 1.0, 1.0, 1.0, 1.0, 1.0, 1.0, 1.0, 1.0]
