training_data_sizes: [0.1, 0.2, 0.3, 0.4, 0.5, 0.6, 0.7, 0.8, 0.9, 1.0]
times: [78.0, 153.0, 233.0, 310.0, 398.0, 472.0, 558.0, 632.0, 719.0, 791.0]
scores: [1.0, 0.9580313375092839, 1.0, 0.9329327811476811, 1.0, 1.0, 1.0, 1.0, 1.0, 1.0]
