training_data_sizes: [0.1, 0.2, 0.3, 0.4]
times: [105.0, 211.0, 326.0, 436.0]
scores: [0.857027354315496, 0.8559809728731108, 0.8553722216836414, 0.9472730228548469]
