training_data_sizes: [0.1, 0.2, 0.3, 0.4, 0.5]
times: [18.0, 31.0, 52.0, 79.0, 99.0]
scores: [0.8143926476553593, 0.9448189726018349, 0.940203113853137, 0.9024199492708712, 0.9243382211283031]
