training_data_sizes: [0.1, 0.2, 0.3, 0.4, 0.5, 0.6]
times: [154.32, 300.1, 459.06, 600.62, 758.33, 907.43]
scores: [0.8521273969083125, 0.8288453078564568, 0.9118412450529663, 0.9213472032198005, 0.823193143154413, 0.7793510001117522]
