training_data_sizes: [0.1, 0.2, 0.3, 0.4, 0.5, 0.6, 0.7, 0.8, 0.9, 1.0]
times: [3.19, 6.1, 9.44, 12.73, 16.01, 18.86, 22.2, 25.48, 28.85, 32.26]
scores: [0.891716305061309, 0.677728064134398, 0.5865428778040053, 0.5408983947599512, 0.529732733254957, 0.5198861391927186, 0.4925539385246, 0.47890856748099014, 0.464202384410374, 0.4645600584852252]
