training_data_sizes: [0.1, 0.2, 0.3, 0.4, 0.5, 0.6]
times: [37.0, 70.0, 116.0, 158.0, 191.0, 234.0]
scores: [0.6322747473898187, 0.6437480694921784, 0.8082702410611352, 0.719766365957375, 0.8450982872421453, 0.8951994753373259]
