training_data_sizes: [0.1, 0.2, 0.3, 0.4, 0.5, 0.6, 0.7, 0.8]
times: [102.0, 218.0, 322.0, 438.0, 543.0, 650.0, 767.0, 877.0]
scores: [0.9525761449245462, 1.0, 0.9535862051132793, 0.8862635258535729, 1.0, 0.9228023475681864, 1.0, 1.0]
