training_data_sizes: [0.1, 0.2, 0.3, 0.4, 0.5, 0.6, 0.7, 0.8, 0.9]
times: [56.0, 117.0, 170.0, 239.0, 295.0, 352.0, 414.0, 471.0, 536.0]
scores: [0.8228738455448082, 0.8335418913439265, 0.8970306687405386, 0.8191009803678743, 0.8800628316137691, 0.8356037668843015, 0.811430733097283, 0.9056905457507696, 0.8828731239413674]
