training_data_sizes: [0.1, 0.2, 0.3, 0.4, 0.5, 0.6, 0.7, 0.8, 0.9, 1.0]
times: [53.0, 119.0, 179.0, 237.0, 291.0, 350.0, 417.0, 476.0, 534.0, 598.0]
scores: [0.8398269392434548, 0.9064891899551805, 1.0, 0.916410842935933, 1.0, 1.0, 0.9717450490184566, 1.0, 1.0, 1.0]
