training_data_sizes: [0.1, 0.2, 0.3, 0.4, 0.5, 0.6, 0.7, 0.8, 0.9]
times: [41.0, 96.0, 140.0, 197.0, 244.0, 296.0, 347.0, 391.0, 440.0]
scores: [0.6660899091440111, 0.6637989083654173, 0.6698168455691026, 0.7342858267550468, 0.5962403472251743, 0.6648897483459315, 0.5604219635782444, 0.6860669339878408, 0.5903256799005361]
