training_data_sizes: [0.1, 0.2, 0.3, 0.4, 0.5, 0.6, 0.7, 0.8, 0.9]
times: [96.0, 195.0, 292.0, 394.0, 498.0, 590.0, 695.0, 796.0, 899.0]
scores: [0.9370632039922084, 0.9417255282902496, 0.9451788772557311, 0.9560287654207402, 0.9387232073953505, 1.0, 1.0, 1.0, 1.0]
