training_data_sizes: [0.1, 0.2, 0.3, 0.4, 0.5, 0.6, 0.7, 0.8]
times: [49.0, 90.0, 144.0, 199.0, 243.0, 291.0, 342.0, 397.0]
scores: [0.6684527948127864, 0.8150815851167453, 0.7211285078933178, 0.6986682104443039, 0.7580908038647889, 0.7198128633685146, 0.6901396069866871, 0.6685912451798992]
