training_data_sizes: [0.1, 0.2, 0.3, 0.4, 0.5, 0.6, 0.7, 0.8]
times: [164.18, 327.66, 494.3, 656.36, 814.68, 984.69, 1138.91, 1303.62]
scores: [0.8804132581435637, 0.7947258793798415, 0.8883080504458305, 1.0, 1.0, 0.9910589325767142, 1.0, 1.0]
