training_data_sizes: [0.1, 0.2, 0.3, 0.4, 0.5, 0.6, 0.7, 0.8]
times: [151.64, 303.64, 456.43, 601.89, 753.54, 908.6, 1051.54, 1201.05]
scores: [0.9498870157900019, 0.8955817113113158, 0.9968391300170093, 0.9659037301741129, 1.0, 1.0, 1.0, 1.0]
