training_data_sizes: [0.1, 0.2, 0.3, 0.4, 0.5, 0.6, 0.7, 0.8, 0.9, 1.0]
times: [9.0, 10.0, 22.0, 38.0, 40.0, 54.0, 64.0, 79.0, 86.0, 96.0]
scores: [0.8900944056166117, 0.8576789736187191, 0.8664945741185175, 0.9160343171252961, 0.8370149219768093, 0.8288473732644245, 0.8068913832801543, 0.8039126025286589, 0.833918995485367, 0.87948027402071]
