training_data_sizes: [0.1, 0.2, 0.3, 0.4, 0.5, 0.6, 0.7, 0.8, 0.9, 1.0]
times: [42.9, 73.07, 114.89, 156.62, 198.42, 236.98, 289.58, 334.21, 385.3, 417.19]
scores: [0.8251934808395178, 0.8566051699515436, 0.8711505778500503, 0.8831532600492524, 0.8938435619425749, 0.9033619238033965, 0.9092495336142539, 0.9137161348362648, 0.9171266170106165, 0.9202891192244453]
