training_data_sizes: [0.1, 0.2, 0.3, 0.4, 0.5, 0.6]
times: [238.83, 467.2, 702.2, 940.61, 1170.98, 1407.46]
scores: [0.6014654890167143, 0.7002483917075215, 0.6200281443517667, 0.6817618625258068, 0.6807132343177384, 0.9177309564613829]
