training_data_sizes: [0.1, 0.2]
times: [25.0, 58.0]
scores: [0.8418655127389536, 0.7221078569992854]
