training_data_sizes: [0.1, 0.2]
times: [404.51, 809.43]
scores: [0.8145439208620953, 0.9025601389833651]
