training_data_sizes: [0.1, 0.2]
times: [550.99, 1105.27]
scores: [0.6341226992244224, 0.8343895417443985]
