training_data_sizes: [0.1, 0.2, 0.3]
times: [69.0, 134.0, 206.0]
scores: [0.8757147209300404, 0.899258439631218, 1.0]
