training_data_sizes: [0.1, 0.2, 0.3, 0.4, 0.5, 0.6, 0.7, 0.8, 0.9, 1.0]
times: [73.0, 150.0, 230.0, 313.0, 399.0, 470.0, 550.0, 633.0, 710.0, 792.0]
scores: [0.9658248610375537, 0.8702577247511698, 0.9447162517681584, 1.0, 0.9564892481706637, 1.0, 0.969804296734431, 1.0, 1.0, 1.0]
