training_data_sizes: [0.1, 0.2, 0.3, 0.4, 0.5, 0.6, 0.7, 0.8, 0.9, 1.0]
times: [107.96, 207.77, 300.79, 406.99, 505.82, 606.92, 700.2, 800.26, 908.49, 1004.34]
scores: [0.6195352163154166, 0.6342129619733905, 0.5552646328730045, 0.5002040604615119, 0.6196214127352095, 0.615613823281825, 0.5921830295182915, 0.5781573429159066, 0.595489552049479, 0.5746405890550667]
