training_data_sizes: [0.1, 0.2, 0.3, 0.4]
times: [279.84, 552.5, 829.68, 1102.22]
scores: [0.9161168930994346, 0.903530993962798, 0.8712778345264317, 1.0]
