training_data_sizes: [0.1, 0.2, 0.3, 0.4, 0.5, 0.6]
times: [119.34, 234.94, 352.21, 472.43, 584.16, 702.23]
scores: [0.8168022129407924, 0.8498765746217666, 0.8467534438855099, 0.83398803095202, 0.7060411858589037, 0.7722294350521126]
