training_data_sizes: [0.1, 0.2, 0.3, 0.4, 0.5, 0.6, 0.7, 0.8]
times: [93.74, 181.76, 269.18, 354.42, 438.64, 528.26, 615.47, 703.49]
scores: [0.7341333548844491, 0.723061403862683, 0.7786478160790153, 0.9403185981371769, 0.9749866504374929, 0.8470857208885769, 0.952988130936024, 0.9943016145752837]
