training_data_sizes: [0.1, 0.2, 0.3, 0.4, 0.5]
times: [120.0, 253.0, 387.0, 512.0, 646.0]
scores: [0.7965837238217984, 0.8009692261312811, 0.9575242767886999, 0.9151115110835303, 1.0]
