training_data_sizes: [0.1, 0.2, 0.3, 0.4, 0.5, 0.6, 0.7, 0.8]
times: [30.0, 78.0, 111.0, 151.0, 197.0, 231.0, 275.0, 317.0]
scores: [0.6016325997263106, 0.5763476748312533, 0.6520284802290283, 0.7628594783845757, 0.8709528058939471, 0.8378500769769313, 1.0, 0.8869362170095179]
