training_data_sizes: [0.1, 0.2, 0.3, 0.4]
times: [101.0, 213.0, 326.0, 437.0]
scores: [0.9352421103330069, 1.0, 0.9105333391844392, 0.9533783348818343]
