training_data_sizes: [0.1, 0.2, 0.3, 0.4]
times: [325.83, 659.09, 982.4, 1304.05]
scores: [0.8187622862268659, 0.8582209276385713, 0.9656190321933685, 0.9542449932497459]
