training_data_sizes: [0.1, 0.2, 0.3, 0.4, 0.5, 0.6, 0.7, 0.8]
times: [89.54, 181.79, 267.37, 356.01, 443.38, 528.32, 612.99, 702.37]
scores: [0.7648563955408769, 0.8478093831319844, 0.9233852906196445, 0.8975819517071703, 0.9402250275359587, 0.9976676413273723, 0.9549658797664264, 0.9225470932481076]
