training_data_sizes: [0.1, 0.2, 0.3, 0.4, 0.5, 0.6, 0.7, 0.8]
times: [22.0, 58.0, 89.0, 113.0, 140.0, 172.0, 209.0, 239.0]
scores: [0.8117127818101377, 0.7574625186788008, 0.8721340314292776, 0.8608520613888595, 0.7980629848029719, 0.8279172277434976, 1.0, 0.9922614935801044]
