training_data_sizes: [0.1, 0.2, 0.3, 0.4, 0.5, 0.6]
times: [141.76, 268.22, 408.6, 539.6, 671.85, 803.27]
scores: [0.8266313053658065, 0.9208182275864878, 0.9427922259270396, 0.987508118708945, 0.996541566212822, 1.0]
