training_data_sizes: [0.1, 0.2, 0.3]
times: [39.0, 75.0, 115.0]
scores: [0.707798534212086, 0.74557714116159, 0.7213933758898086]
