training_data_sizes: [0.1, 0.2, 0.3, 0.4, 0.5, 0.6, 0.7, 0.8, 0.9, 1.0]
times: [77.36, 140.33, 212.11, 288.34, 351.43, 421.5, 494.84, 569.44, 631.78, 708.37]
scores: [0.761073307323572, 0.8108427219477542, 0.7897725458688645, 0.7128582282666048, 0.8865393721785504, 0.8139224629986808, 0.8923969010213568, 0.8122297225048191, 0.8009671805237644, 0.826109779487896]
