training_data_sizes: [0.1, 0.2, 0.3]
times: [341.31, 675.03, 1002.23]
scores: [0.6073096717993185, 0.5337762577358274, 0.5481454533393907]
