training_data_sizes: [0.1, 0.2, 0.3, 0.4, 0.5, 0.6, 0.7, 0.8, 0.9, 1.0]
times: [67.0, 136.0, 207.0, 277.0, 344.0, 413.0, 479.99999999999994, 558.0, 622.0, 694.0]
scores: [0.6374310376141897, 0.8029263621401332, 0.773262235835013, 0.9370109947321061, 0.9203202383087237, 0.8807682289836981, 1.0, 0.9983207270800065, 0.9568011287230874, 1.0]
