training_data_sizes: [0.1, 0.2]
times: [100.0, 212.0]
scores: [0.9147883633386809, 0.7603999694094377]
