training_data_sizes: [0.1, 0.2, 0.3, 0.4, 0.5, 0.6]
times: [40.0, 90.0, 149.0, 194.0, 244.0, 290.0]
scores: [0.7732914996396507, 0.9434412719154124, 0.8659836801330675, 0.9489747843948833, 0.9476391816399886, 1.0]
