training_data_sizes: [0.1, 0.2, 0.3, 0.4, 0.5, 0.6]
times: [2.0, 13.0, 25.0, 32.0, 49.0, 55.0]
scores: [0.7114115051480235, 0.7904609351404026, 0.787274660522491, 0.748755340355091, 0.8422561565529605, 0.6895933503187062]
