training_data_sizes: [0.1, 0.2]
times: [454.37, 903.53]
scores: [0.6975723860010576, 0.7253811745344653]
