training_data_sizes: [0.1, 0.2, 0.3, 0.4, 0.5]
times: [182.72, 368.63, 541.09, 727.59, 909.21]
scores: [0.7900705589115472, 0.8238339751004022, 0.8446124408269563, 0.914589444660953, 0.838656594527917]
