training_data_sizes: [0.1, 0.2, 0.3]
times: [337.77, 675.92, 1006.69]
scores: [0.7612580423182423, 0.8173643850801167, 0.8969426520383921]
