training_data_sizes: [0.1, 0.2, 0.3, 0.4, 0.5]
times: [124.0, 259.0, 387.0, 516.0, 642.0]
scores: [0.9222560198325437, 0.7226570496242326, 0.9116304726497548, 0.918307750031478, 0.8508076669016338]
