training_data_sizes: [0.1, 0.2, 0.3, 0.4, 0.5, 0.6, 0.7, 0.8]
times: [81.0, 175.0, 264.0, 352.0, 441.0, 537.0, 625.0, 713.0]
scores: [0.9411626976179938, 0.9719600379201241, 1.0, 1.0, 0.910885618444435, 1.0, 0.9676009419297442, 0.9932528326020451]
