training_data_sizes: [0.1, 0.2, 0.3, 0.4, 0.5, 0.6, 0.7, 0.8, 0.9, 1.0]
times: [126.35, 247.55, 367.32, 486.08, 603.04, 726.22, 843.05, 969.75, 1080.35, 1207.35]
scores: [0.6648934793130619, 0.607124657144861, 0.4592176896880097, 0.5326219986051968, 0.4842371774376159, 0.5767357895138091, 0.5968419796894541, 0.5715090097233506, 0.4313872164133537, 0.576274716633239]
