training_data_sizes: [0.1, 0.2, 0.3, 0.4, 0.5]
times: [50.0, 113.0, 175.0, 236.0, 298.0]
scores: [0.8673708513931772, 0.915641456709351, 1.0, 0.8646063337127733, 0.9657793293271038]
