training_data_sizes: [0.1, 0.2, 0.3, 0.4]
times: [36.0, 70.0, 118.0, 158.0]
scores: [0.9129580367396722, 0.8822644955167107, 1.0, 0.8996777902054705]
