training_data_sizes: [0.1, 0.2, 0.3, 0.4]
times: [202.05, 408.04, 609.26, 802.51]
scores: [0.7322508279581343, 0.7748577123490783, 0.919731614753291, 0.944352335148172]
