training_data_sizes: [0.1, 0.2, 0.3, 0.4, 0.5, 0.6, 0.7, 0.8]
times: [79.63, 153.73, 232.64, 301.91, 377.89, 454.03, 525.23, 609.29]
scores: [0.8929677346058913, 0.8318376367677497, 0.8269979540477335, 0.8273649199462265, 0.9217256443640798, 1.0, 0.965306563633668, 1.0]
