training_data_sizes: [0.1, 0.2, 0.3]
times: [403.38, 805.08, 1209.31]
scores: [0.8976951367899955, 1.0, 0.9665958962115335]
