training_data_sizes: [0.1, 0.2, 0.3, 0.4, 0.5]
times: [165.62, 322.53, 484.68, 649.87, 802.42]
scores: [0.9917794806751083, 0.9591046685653727, 1.0, 1.0, 1.0]
