training_data_sizes: [0.1, 0.2, 0.3, 0.4, 0.5, 0.6, 0.7, 0.8, 0.9, 1.0]
times: [130.88, 263.07, 391.19, 521.84, 650.56, 785.23, 912.87, 1048.3, 1174.85, 1309.41]
scores: [0.9700680344595835, 0.9045845832876971, 1.0, 1.0, 1.0, 1.0, 1.0, 0.9811107522533491, 1.0, 1.0]
