training_data_sizes: [0.1, 0.2, 0.3, 0.4, 0.5, 0.6]
times: [57.0, 117.0, 177.0, 230.0, 299.0, 355.0]
scores: [0.7950703877675319, 0.6639970263815655, 0.7720827765377057, 0.8068325759692835, 0.7391494653562302, 0.6833142664513391]
