training_data_sizes: [0.1, 0.2, 0.3, 0.4, 0.5, 0.6, 0.7]
times: [127.0, 259.0, 383.0, 510.0, 649.0, 776.0, 906.9999999999999]
scores: [0.8045644639684885, 0.8547161542723429, 0.8446246216776656, 0.8696184661235273, 0.9249862621831946, 1.0, 0.970679884302489]
