training_data_sizes: [0.1, 0.2, 0.3, 0.4, 0.5, 0.6, 0.7]
times: [148.88, 287.06, 438.37, 571.56, 720.33, 862.06, 1009.81]
scores: [0.8856464037654247, 0.7447111057666962, 0.800929913930184, 0.8835097480511414, 0.903578980795864, 0.8373445611929334, 0.9919348196696277]
