training_data_sizes: [0.1, 0.2, 0.3, 0.4, 0.5, 0.6, 0.7, 0.8]
times: [54.0, 111.0, 174.0, 230.0, 290.0, 355.0, 418.0, 478.0]
scores: [0.6577241932623951, 0.5920944797408492, 0.7785611614292715, 0.6806021438994958, 0.7748506797307146, 0.8109595648043899, 1.0, 0.9633735319800361]
