training_data_sizes: [0.1, 0.2, 0.3]
times: [9.0, 12.0, 29.0]
scores: [0.8326740563012645, 0.8790704345130694, 1.0]
