training_data_sizes: [0.1, 0.2, 0.3, 0.4, 0.5, 0.6]
times: [168.39, 336.06, 506.55, 675.01, 836.73, 1007.31]
scores: [0.8025864083747022, 0.980343034352162, 0.9238819785602355, 1.0, 0.9238656576467017, 0.9727020317450187]
