training_data_sizes: [0.1, 0.2, 0.3, 0.4, 0.5, 0.6, 0.7, 0.8, 0.9, 1.0]
times: [0.2, 0.32, 0.43, 0.56, 0.69, 0.81, 0.95, 1.12, 1.25, 1.37]
scores: [0.0808572589741548, 0.17590988886900685, 0.23644626222378004, 0.27643986076437, 0.3023717332070852, 0.3100452762962053, 0.3197988314632049, 0.3254784625514251, 0.32943636584744784, 0.33115259639941647]
