training_data_sizes: [0.1, 0.2, 0.3]
times: [241.34, 473.47, 705.05]
scores: [0.8286441171705357, 0.7994877682453235, 0.9053279780181459]
