training_data_sizes: [0.1, 0.2]
times: [409.23, 804.55]
scores: [0.67042181125532, 0.5952617899723281]
