training_data_sizes: [0.1, 0.2, 0.3, 0.4, 0.5, 0.6, 0.7, 0.8, 0.9, 1.0]
times: [13.69, 28.48, 46.57, 61.61, 76.14, 88.88, 110.92, 118.46, 136.69, 158.27]
scores: [0.019165200083515084, 0.024111403150690564, 0.027158159729663307, 0.03079520082702297, 0.03269102912324456, 0.03332599943337728, 0.03423918239518971, 0.034443195499156115, 0.03498710513443387, 0.03572590005754609]
