training_data_sizes: [0.1, 0.2, 0.3, 0.4, 0.5, 0.6, 0.7]
times: [86.0, 175.0, 261.0, 356.0, 449.0, 536.0, 623.0]
scores: [0.7356861791219679, 0.8006588621063544, 0.818102084796027, 0.7963899870686897, 0.8810776139555009, 0.8180206441641809, 0.846353680910293]
