training_data_sizes: [0.1, 0.2, 0.3, 0.4, 0.5]
times: [265.87, 522.51, 786.84, 1048.22, 1302.6]
scores: [0.4416941252279801, 0.5142306836471047, 0.5922343560172946, 0.5369688752186713, 0.5402230472800942]
