training_data_sizes: [0.1, 0.2, 0.3, 0.4, 0.5]
times: [112.0, 232.0, 352.0, 471.0, 598.0]
scores: [0.9016282469818471, 0.9770782130661798, 0.9459921662863591, 0.9222131712563582, 0.9535270824884199]
