training_data_sizes: [0.1, 0.2, 0.3, 0.4, 0.5, 0.6, 0.7, 0.8, 0.9, 1.0]
times: [68.35, 183.52, 368.81, 578.06, 677.06, 783.89, 883.91, 993.69, 1097.76, 1191.99]
scores: [1.0, 1.0, 0.9999999854319832, 0.9999999345550925, 0.9999998302165642, 0.999999554045282, 0.9999983547931093, 0.999998501719098, 0.9999949795817535, 0.9999544620737169]
