training_data_sizes: [0.1, 0.2, 0.3, 0.4, 0.5]
times: [56.0, 111.0, 174.0, 234.0, 290.0]
scores: [0.5638849163827018, 0.6887751478706907, 0.7736669122915123, 0.7368992886601865, 0.9332536217354941]
