training_data_sizes: [0.1, 0.2, 0.3, 0.4, 0.5, 0.6, 0.7, 0.8, 0.9]
times: [85.24, 149.35, 282.19, 541.78, 550.07, 548.08, 907.17, 1063.73, 1180.21]
scores: [1.0, 0.9999972924821949, 1.0, 0.9999799712897448, 0.9999993815954447, 0.9999999999067652, 0.9998682033012283, 0.9999846002480672, 0.9999295165630699]
