training_data_sizes: [0.1, 0.2, 0.3, 0.4, 0.5, 0.6, 0.7]
times: [11.0, 39.0, 52.0, 76.0, 95.0, 117.0, 137.0]
scores: [0.8266352723703991, 0.9621203832727552, 0.998535556268745, 0.8800685844700633, 1.0, 1.0, 1.0]
