training_data_sizes: [0.1, 0.2, 0.3, 0.4, 0.5, 0.6, 0.7, 0.8]
times: [147.28, 278.87, 421.12, 557.34, 694.55, 832.76, 969.75, 1109.43]
scores: [0.7528467572886799, 0.8318113043067, 0.7528035277776677, 0.831637746044462, 0.9160309704673217, 0.8262907897595491, 0.8744598984276386, 0.9152911499819705]
