training_data_sizes: [0.1, 0.2, 0.3, 0.4, 0.5]
times: [48.0, 95.0, 149.0, 193.0, 245.0]
scores: [0.4748621791327678, 0.5463726166654669, 0.71294185294965, 0.5972303514310339, 0.7632420822417549]
