training_data_sizes: [0.1, 0.2, 0.3]
times: [68.0, 136.0, 205.0]
scores: [0.9731575831725149, 0.8877979814067039, 1.0]
