training_data_sizes: [0.1, 0.2, 0.3, 0.4, 0.5, 0.6, 0.7, 0.8]
times: [93.06, 181.12, 265.85, 352.73, 441.77, 531.52, 619.25, 705.48]
scores: [0.7457952884245882, 0.6958979426163989, 0.7180144363601633, 0.7819464230621416, 0.6768398262009963, 0.6250187982110704, 0.735382179892273, 0.5687042375072033]
