training_data_sizes: [0.1, 0.2, 0.3, 0.4, 0.5, 0.6, 0.7]
times: [174.75, 329.05, 473.52, 608.58, 789.6, 918.1, 1079.28]
scores: [0.6382965188862252, 0.6552129771064951, 0.6635083302600041, 0.6694709551280286, 0.6733577810380142, 0.6771556536617968, 0.6806947295322285]
