training_data_sizes: [0.1, 0.2, 0.3, 0.4, 0.5, 0.6, 0.7]
times: [128.0, 250.0, 388.0, 511.0, 645.0, 773.0, 899.9999999999999]
scores: [0.8514035304901968, 0.801172087432541, 0.9447176378173443, 0.9264567763323487, 0.7743064885160771, 0.877514997572103, 0.9308754099985832]
