training_data_sizes: [0.1, 0.2, 0.3, 0.4, 0.5, 0.6, 0.7, 0.8, 0.9]
times: [11.0, 34.0, 50.0, 73.0, 92.0, 112.0, 130.0, 152.0, 170.0]
scores: [0.9150577843862608, 0.9314369766190728, 0.8598705273271514, 0.8228507855681011, 0.8506681800221039, 0.8855743735027979, 0.8831797741486471, 1.0, 0.9601000488516143]
