training_data_sizes: [0.1, 0.2, 0.3, 0.4, 0.5, 0.6, 0.7, 0.8, 0.9, 1.0]
times: [12.0, 31.0, 58.0, 76.0, 95.0, 112.0, 139.0, 156.0, 170.0, 198.0]
scores: [0.8930147008130473, 0.9743652945057617, 0.8738302007602117, 0.9776368037556398, 0.9933282891402526, 0.9746693152941388, 0.8833697872419954, 0.9663386201541047, 1.0, 1.0]
