training_data_sizes: [0.1, 0.2, 0.3, 0.4]
times: [159.42, 301.09, 456.68, 607.71]
scores: [0.577850613933227, 0.607717936380169, 0.5073145565700816, 0.4842008957466859]
