training_data_sizes: [0.1, 0.2, 0.3, 0.4, 0.5, 0.6, 0.7]
times: [79.0, 153.0, 233.0, 316.0, 399.0, 479.0, 553.0]
scores: [0.6585374692104482, 0.8082563101291337, 0.7724566708973741, 0.7251033493585403, 0.832397480920503, 0.711495628555724, 0.7290541801614102]
