training_data_sizes: [0.1, 0.2]
times: [26.0, 56.0]
scores: [0.8794726316688424, 0.773492677229596]
