training_data_sizes: [0.1, 0.2, 0.3]
times: [275.76, 542.38, 804.11]
scores: [0.5432325470746923, 0.4838476781726223, 0.6176831183064705]
