training_data_sizes: [0.1, 0.2, 0.3, 0.4, 0.5, 0.6]
times: [134.0, 274.0, 410.0, 552.0, 696.0, 833.0]
scores: [0.8350259422391759, 0.7317210197785642, 0.762603876926657, 0.862516620169161, 0.7997922730443668, 0.8605386130064516]
