training_data_sizes: [0.1, 0.2, 0.3, 0.4, 0.5, 0.6, 0.7, 0.8, 0.9, 1.0]
times: [78.99, 140.29, 213.39, 280.27, 357.29, 428.04, 497.86, 562.16, 631.08, 703.4]
scores: [0.6107319066487826, 0.6797660300270972, 0.6834780606053257, 0.6672902229847983, 0.6134813372877703, 0.5318964083847031, 0.6168376112454599, 0.5432420214953153, 0.5868329794115603, 0.5087165998715072]
