training_data_sizes: [0.1, 0.2, 0.3, 0.4, 0.5]
times: [97.0, 190.0, 297.0, 392.0, 494.0]
scores: [0.8862339411510161, 0.7473700484339099, 0.8181616851166936, 0.9182556466997616, 0.8809840892789325]
