training_data_sizes: [0.1, 0.2, 0.3, 0.4]
times: [328.76, 657.15, 982.18, 1303.68]
scores: [0.6100762787647063, 0.5912124350269036, 0.5160078675339147, 0.6620404802343922]
