training_data_sizes: [0.1, 0.2, 0.3, 0.4, 0.5, 0.6]
times: [184.3, 369.17, 550.7, 738.65, 918.42, 1105.61]
scores: [0.9667447832942793, 1.0, 1.0, 0.9219734780221945, 1.0, 1.0]
