training_data_sizes: [0.1, 0.2, 0.3]
times: [368.31, 734.97, 1102.61]
scores: [0.8416603020978, 0.9048348410266565, 0.874597836228321]
