training_data_sizes: [0.1, 0.2, 0.3, 0.4, 0.5, 0.6, 0.7]
times: [133.57, 258.36, 390.93, 515.22, 652.3, 778.64, 903.13]
scores: [0.6656709351594321, 0.7924815433260848, 0.7034536260284441, 0.7913122642905503, 0.8755350031602112, 1.0, 1.0]
