training_data_sizes: [0.1, 0.2, 0.3, 0.4, 0.5, 0.6, 0.7, 0.8, 0.9]
times: [150.88, 80.38, 100.18, 185.04, 166.38, 220.88, 156.1, 288.41, 280.31]
scores: [0.9987517143353347, 0.9986802386946542, 0.9989773268535291, 0.9993222093458424, 0.9993929817294773, 0.9993617230949586, 0.9991155711445207, 0.9993440450750452, 0.9991851395504038]
