training_data_sizes: [0.1, 0.2, 0.3, 0.4]
times: [13.0, 31.0, 51.0, 74.0]
scores: [0.772956939641307, 0.8810147853367146, 0.8567146486115245, 0.8629708642401882]
