training_data_sizes: [0.1, 0.2]
times: [77.0, 155.0]
scores: [0.6233958190003621, 0.7874167735680839]
