training_data_sizes: [0.1, 0.2, 0.3, 0.4]
times: [209.98, 408.05, 600.18, 804.25]
scores: [0.8064604995249971, 0.8622310096438883, 0.8169510228586283, 0.7908797408217527]
