training_data_sizes: [0.1, 0.2, 0.3, 0.4]
times: [46.0, 94.0, 144.0, 191.0]
scores: [0.8374693721615079, 0.8375844441973421, 0.9071675204120679, 0.9863669297985385]
