training_data_sizes: [0.1, 0.2, 0.3, 0.4, 0.5, 0.6]
times: [22.0, 50.0, 86.0, 118.0, 144.0, 177.0]
scores: [0.6150369485421967, 0.579117964932037, 0.605525687284219, 0.4972327181149847, 0.500464971830988, 0.5334585695085161]
