training_data_sizes: [0.1, 0.2, 0.3, 0.4]
times: [176.79, 354.64, 532.4, 705.94]
scores: [0.8795266195325587, 0.8665832164313907, 0.8340705038607179, 0.8238879761484134]
