training_data_sizes: [0.1, 0.2, 0.3, 0.4, 0.5, 0.6, 0.7, 0.8]
times: [96.07, 183.18, 272.03, 357.54, 443.36, 533.23, 618.94, 704.33]
scores: [0.9159039012688865, 0.9570191507407827, 0.9133992058596827, 0.8850960854128638, 0.8499450596889055, 0.966563656378396, 0.8472353517013163, 0.9702393107835595]
