training_data_sizes: [0.1, 0.2, 0.3, 0.4, 0.5, 0.6, 0.7, 0.8, 0.9, 1.0]
times: [12.18, 27.37, 38.48, 51.54, 63.29, 73.69, 86.55, 94.89, 110.59, 121.02]
scores: [0.6666828639155904, 0.667362295122472, 0.672828109294, 0.6763645764596118, 0.6773190731693144, 0.6788012215568102, 0.6796315615697115, 0.6790147168218279, 0.679834928018952, 0.6816005307321884]
