training_data_sizes: [0.1, 0.2]
times: [455.42, 903.96]
scores: [0.5568188447382498, 0.6302289877400263]
