training_data_sizes: [0.1, 0.2, 0.3, 0.4, 0.5, 0.6, 0.7]
times: [11.0, 32.0, 50.0, 71.0, 99.0, 111.0, 138.0]
scores: [0.8883220399321802, 1.0, 0.9031897734495821, 0.9517823541508387, 1.0, 0.9733919713063663, 1.0]
