training_data_sizes: [0.1, 0.2, 0.3, 0.4, 0.5, 0.6, 0.7, 0.8, 0.9, 1.0]
times: [10.68, 19.72, 29.01, 38.93, 53.01, 59.97, 69.49, 81.96, 94.43, 105.25]
scores: [0.22532780883091785, 0.207923546521951, 0.20246182540625224, 0.19674831172406837, 0.19169258894973285, 0.18978611275861634, 0.1899978240415363, 0.18773077406204597, 0.1858981412691908, 0.18223711978276425]
