training_data_sizes: [0.1, 0.2, 0.3, 0.4]
times: [203.9, 403.54, 602.27, 807.69]
scores: [0.9307808621122183, 0.9877445080914451, 1.0, 1.0]
