training_data_sizes: [0.1, 0.2, 0.3, 0.4, 0.5, 0.6, 0.7, 0.8, 0.9, 1.0]
times: [1.32, 2.35, 3.44, 4.56, 5.74, 6.81, 8.02, 9.12, 9.72, 11.38]
scores: [0.33442456874040644, 0.331258852778231, 0.34560918911160304, 0.34101505088095907, 0.3427108727797797, 0.3433803461869654, 0.34767005763615044, 0.3472108625586208, 0.3486058402196603, 0.3492573905910345]
