training_data_sizes: [0.1, 0.2, 0.3, 0.4, 0.5]
times: [16.0, 37.0, 58.0, 74.0, 91.0]
scores: [0.7351207554951956, 0.6826977392336531, 0.7285930599540547, 0.8334095026238943, 0.8244724557036356]
