training_data_sizes: [0.1, 0.2, 0.3, 0.4, 0.5, 0.6, 0.7, 0.8, 0.9]
times: [109.63, 200.29, 309.72, 408.72, 501.76, 604.88, 704.15, 809.72, 903.39]
scores: [0.9397561300657005, 0.7886486623087412, 0.8909159551103429, 0.9458434139130542, 0.8589105332459868, 0.9671108052238048, 0.8911317346553301, 0.9361161639911194, 0.9327828322945233]
