training_data_sizes: [0.1, 0.2, 0.3, 0.4, 0.5, 0.6]
times: [220.52, 435.67, 656.2, 868.49, 1091.76, 1300.54]
scores: [0.8900994304462604, 0.7381070197022178, 0.7353439077697439, 0.870910759257114, 0.8539577621468023, 0.7643911191213831]
