training_data_sizes: [0.1, 0.2, 0.3, 0.4, 0.5, 0.6, 0.7, 0.8]
times: [15.0, 38.0, 58.0, 70.0, 90.0, 113.0, 132.0, 155.0]
scores: [0.9061748761697495, 0.9619639994841156, 0.8555116666344398, 0.9519418936012414, 0.8923439054642217, 1.0, 1.0, 1.0]
