training_data_sizes: [0.1, 0.2, 0.3, 0.4, 0.5, 0.6, 0.7, 0.8, 0.9]
times: [84.46, 158.37, 240.24, 311.77, 394.81, 472.02, 549.18, 624.35, 701.15]
scores: [0.8862523438380897, 0.9319153092195217, 0.7891384121523157, 0.8231788367176066, 0.8418648652810035, 0.957548583460562, 0.9337458865262798, 0.9118831002610672, 1.0]
