training_data_sizes: [0.1, 0.2, 0.3, 0.4, 0.5, 0.6, 0.7, 0.8, 0.9, 1.0]
times: [70.28, 142.72, 219.68, 285.89, 353.43, 428.74, 494.05, 566.48, 638.43, 704.58]
scores: [0.9183396512970031, 0.9183935519842625, 1.0, 0.9842435166035997, 1.0, 1.0, 1.0, 1.0, 1.0, 1.0]
