training_data_sizes: [0.1, 0.2, 0.3, 0.4, 0.5]
times: [70.0, 152.0, 230.0, 318.0, 393.0]
scores: [0.7233798188545952, 0.8807405463132278, 0.8143621694064673, 1.0, 0.9310171284828616]
