training_data_sizes: [0.1, 0.2, 0.3, 0.4, 0.5]
times: [30.0, 73.0, 110.0, 159.0, 190.0]
scores: [0.8119374690695504, 0.8550648792295922, 0.7376162005562839, 0.7851255157498074, 0.7630817051112373]
