training_data_sizes: [0.1, 0.2, 0.3, 0.4, 0.5, 0.6, 0.7, 0.8, 0.9]
times: [130.83, 249.41, 375.33, 493.53, 612.29, 741.78, 856.93, 985.69, 1105.36]
scores: [0.8333541718850399, 0.8634622902044241, 0.9352709508550916, 0.8453924167799428, 1.0, 0.9713125128661784, 0.8600557188928004, 1.0, 0.9257395125417576]
