training_data_sizes: [0.1, 0.2, 0.3, 0.4, 0.5, 0.6]
times: [7.0, 13.0, 25.0, 38.0, 47.0, 52.0]
scores: [0.9451721202354026, 0.8542036445522944, 0.9305904031212562, 0.869308573894419, 0.9888205114891815, 0.9770286782791873]
