training_data_sizes: [0.1, 0.2, 0.3, 0.4]
times: [48.0, 91.0, 148.0, 194.0]
scores: [0.8267399124064332, 0.8460020618839266, 1.0, 0.8928502512755]
