training_data_sizes: [0.1, 0.2, 0.3, 0.4, 0.5]
times: [138.0, 279.0, 414.0, 551.0, 692.0]
scores: [0.8284575467339238, 0.9422085099533787, 0.9223777897680032, 0.9550015558372467, 1.0]
