training_data_sizes: [0.1, 0.2, 0.3, 0.4, 0.5, 0.6, 0.7]
times: [7.0, 18.0, 22.0, 34.0, 44.0, 59.0, 61.0]
scores: [0.9464142276708567, 0.8189635015107226, 0.8567106090420731, 1.0, 0.9131232060715215, 0.8907897004580729, 1.0]
