training_data_sizes: [0.1, 0.2, 0.3, 0.4, 0.5, 0.6]
times: [93.0, 197.0, 299.0, 398.0, 491.0, 598.0]
scores: [0.8484432046945061, 0.7979990086474632, 0.8130929976325421, 0.7398693650917598, 0.7227228864461372, 0.8200577023784622]
