training_data_sizes: [0.1, 0.2, 0.3, 0.4, 0.5, 0.6, 0.7, 0.8]
times: [82.0, 172.0, 264.0, 351.0, 440.0, 539.0, 625.0, 717.0]
scores: [0.8563637598642255, 0.7791899650751823, 0.8776731183200033, 0.7757195940192894, 0.9069225065107365, 0.7973938759007462, 0.7610048038498722, 0.939093641163355]
