training_data_sizes: [0.1, 0.2, 0.3, 0.4, 0.5, 0.6, 0.7, 0.8, 0.9, 1.0]
times: [59.0, 116.0, 176.0, 238.0, 293.0, 352.0, 410.0, 479.0, 539.0, 593.0]
scores: [0.8342458428265578, 0.8755201900238747, 0.916239020507924, 0.9399919151560269, 0.9892909264538403, 1.0, 0.9995901969048244, 1.0, 1.0, 1.0]
