training_data_sizes: [0.1, 0.2, 0.3]
times: [46.0, 99.0, 144.0]
scores: [0.6065669244924679, 0.5468046339352557, 0.6503227233217109]
