training_data_sizes: [0.1, 0.2, 0.3, 0.4]
times: [12.0, 30.0, 58.0, 76.0]
scores: [0.7312186340312328, 0.9065195752986455, 0.9432435316146444, 0.9131349737801313]
