training_data_sizes: [0.1, 0.2, 0.3, 0.4, 0.5, 0.6, 0.7, 0.8, 0.9]
times: [51.0, 114.0, 178.0, 236.0, 295.0, 353.0, 415.0, 476.0, 530.0]
scores: [0.9118096856295258, 0.8849005097495628, 0.8950921233118585, 1.0, 0.9790673500750142, 1.0, 1.0, 1.0, 1.0]
