training_data_sizes: [0.1, 0.2, 0.3, 0.4, 0.5, 0.6, 0.7, 0.8, 0.9, 1.0]
times: [16.0, 32.0, 57.0, 79.0, 97.0, 114.0, 137.0, 152.0, 170.0, 196.0]
scores: [0.9177236295297313, 0.9487647929190519, 0.8757093620504792, 0.9314396830274508, 1.0, 1.0, 1.0, 1.0, 1.0, 1.0]
