training_data_sizes: [0.1, 0.2, 0.3, 0.4]
times: [225.99, 457.21, 678.34, 903.2]
scores: [0.865820861195979, 0.8699147410794242, 1.0, 0.9731098700347349]
