training_data_sizes: [0.1, 0.2, 0.3, 0.4, 0.5]
times: [269.55, 526.99, 789.32, 1047.58, 1300.45]
scores: [0.7459123044021346, 0.7746934730640258, 0.7827872199104685, 0.8449199616885461, 0.7195978812621278]
