training_data_sizes: [0.1, 0.2, 0.3, 0.4, 0.5, 0.6, 0.7, 0.8]
times: [108.0, 212.0, 327.0, 430.0, 547.0, 656.0, 767.0, 874.0]
scores: [0.826595621111615, 0.8119974650761926, 0.7939239675054564, 0.9103122834781939, 0.8181119984652481, 0.8047878681855124, 0.7630668391544267, 0.9320568636377284]
