training_data_sizes: [0.1, 0.2, 0.3, 0.4, 0.5, 0.6]
times: [77.0, 159.0, 236.0, 312.0, 398.0, 476.0]
scores: [0.8147995597674598, 0.8286442933722442, 0.882221883502101, 0.8394665923706419, 0.867179025680687, 0.7701294956445436]
