training_data_sizes: [0.1, 0.2, 0.3, 0.4, 0.5, 0.6, 0.7, 0.8, 0.9]
times: [101.16, 202.66, 308.96, 409.49, 505.29, 605.63, 709.63, 805.29, 901.17]
scores: [0.5207990663871478, 0.6098277812226346, 0.6458304098237292, 0.6760868290608821, 0.7364913124540855, 0.7223381238413424, 0.7761684576580288, 0.8992579478215987, 1.0]
