training_data_sizes: [0.1, 0.2, 0.3, 0.4, 0.5, 0.6, 0.7]
times: [147.03, 291.83, 438.49, 580.07, 722.8, 866.77, 1002.16]
scores: [0.7330246821225899, 0.7971080732216698, 0.7777315488791657, 0.8569116408637838, 0.9054049690515595, 0.9488872334381675, 0.9630321405000051]
