training_data_sizes: [0.1, 0.2, 0.3]
times: [35.0, 75.0, 113.0]
scores: [0.8067194543547195, 0.8173652861573046, 0.7669395073691655]
