training_data_sizes: [0.1, 0.2, 0.3, 0.4, 0.5]
times: [282.65, 561.45, 841.73, 1120.4, 1402.83]
scores: [0.6028265365714158, 0.7475338923628614, 0.5770406842431997, 0.5868946763608601, 0.6139800597484714]
