training_data_sizes: [0.1, 0.2, 0.3, 0.4, 0.5, 0.6, 0.7, 0.8, 0.9, 1.0]
times: [21.0, 58.0, 82.0, 117.0, 148.0, 174.0, 202.0, 236.0, 269.0, 291.0]
scores: [0.8194409324883213, 0.6133209132874322, 0.6750344027799258, 0.601099381877242, 0.7090270530556517, 0.5615849779079178, 0.5427438549497057, 0.5860125494275544, 0.6813824103333613, 0.6322165394394114]
