training_data_sizes: [0.1, 0.2, 0.3, 0.4, 0.5]
times: [225.95, 449.57, 663.15, 885.76, 1109.36]
scores: [0.7775605408705046, 0.8420413405343585, 0.7701086575420164, 0.9065696897223204, 0.7924522847483251]
