training_data_sizes: [0.1, 0.2, 0.3, 0.4, 0.5, 0.6, 0.7]
times: [117.0, 233.0, 351.0, 479.0, 598.0, 716.0, 838.0]
scores: [0.9943381749275851, 0.9907646775027898, 0.9077880236294829, 1.0, 0.9449577889709256, 1.0, 0.9837855725712872]
