training_data_sizes: [0.1, 0.2, 0.3, 0.4, 0.5, 0.6, 0.7, 0.8, 0.9, 1.0]
times: [125.18, 248.48, 368.11, 489.05, 605.83, 729.05, 840.32, 960.88, 1086.87, 1207.77]
scores: [0.8791878705843643, 0.9654868872639437, 0.9585564392241851, 0.8708498528134202, 0.9877765322290368, 1.0, 0.9301826416375277, 1.0, 1.0, 1.0]
