training_data_sizes: [0.1, 0.2, 0.3, 0.4, 0.5, 0.6, 0.7, 0.8, 0.9, 1.0]
times: [136.0, 270.0, 415.0, 550.0, 696.0, 838.0, 977.9999999999999, 1111.0, 1257.0, 1390.0]
scores: [0.9555502703945389, 0.852233771041441, 0.9589237648751909, 0.8837984368105116, 1.0, 0.9898693732947709, 0.9654106756558437, 1.0, 1.0, 1.0]
