training_data_sizes: [0.1, 0.2, 0.3, 0.4, 0.5, 0.6, 0.7, 0.8]
times: [41.0, 92.0, 149.0, 196.0, 249.0, 299.0, 340.0, 391.0]
scores: [0.8773388757998498, 1.0, 1.0, 1.0, 0.9778021421333185, 0.9406120111122874, 1.0, 0.9507350230013583]
