training_data_sizes: [0.1, 0.2, 0.3, 0.4]
times: [175.57, 359.26, 534.0, 704.8]
scores: [0.6579231329678425, 0.7808942617267697, 0.7400789808777488, 0.8160202851061601]
