training_data_sizes: [0.1, 0.2, 0.3, 0.4, 0.5, 0.6, 0.7, 0.8]
times: [37.0, 78.0, 119.0, 156.0, 192.0, 239.0, 279.0, 310.0]
scores: [0.9636184958428391, 1.0, 1.0, 1.0, 1.0, 0.9697519773093711, 1.0, 1.0]
