training_data_sizes: [0.1, 0.2, 0.3, 0.4, 0.5, 0.6, 0.7]
times: [79.0, 154.0, 232.0, 313.0, 399.0, 475.0, 553.0]
scores: [0.9312782122333636, 0.8768418632049486, 1.0, 0.8786885349639328, 0.9911795864306865, 0.987684992950949, 0.9352069210962684]
