training_data_sizes: [0.1, 0.2, 0.3, 0.4, 0.5, 0.6, 0.7, 0.8, 0.9, 1.0]
times: [134.67, 265.69, 394.64, 521.96, 650.95, 781.99, 911.4, 1043.51, 1175.87, 1307.16]
scores: [0.9091866414795846, 0.9832550390649157, 0.8876353445543853, 0.9769649145439268, 1.0, 1.0, 1.0, 1.0, 1.0, 1.0]
