training_data_sizes: [0.1, 0.2, 0.3, 0.4, 0.5, 0.6, 0.7, 0.8, 0.9, 1.0]
times: [1.97, 3.51, 5.42, 7.77, 8.89, 9.25, 11.35, 12.65, 13.33, 14.28]
scores: [0.7153751537515376, 0.6676682036450945, 0.6637410154782251, 0.6548293397616634, 0.6412029668647774, 0.616003478029036, 0.6112870436618105, 0.5948475746878918, 0.5951844810471592, 0.5839793281653747]
