training_data_sizes: [0.1, 0.2, 0.3, 0.4, 0.5, 0.6, 0.7, 0.8, 0.9]
times: [87.61, 164.2, 241.99, 314.26, 397.37, 469.9, 552.1, 628.71, 704.57]
scores: [0.7178801728815051, 0.7146827858123798, 0.60795217594883, 0.68217734474412, 0.6478775535397479, 0.5883974611309992, 0.6707832747844762, 0.7265831461658743, 0.736029968133866]
