training_data_sizes: [0.1, 0.2, 0.3, 0.4, 0.5, 0.6, 0.7]
times: [0.0, 11.0, 25.0, 38.0, 40.0, 50.0, 61.0]
scores: [0.9852383205307726, 1.0, 0.9171746893184651, 0.8988442691407015, 1.0, 1.0, 1.0]
