training_data_sizes: [0.1, 0.2, 0.3, 0.4]
times: [230.21, 453.61, 678.07, 903.3]
scores: [0.8292895587243776, 0.8743908009517363, 0.931748012977508, 0.9520717592874316]
