training_data_sizes: [0.1, 0.2, 0.3, 0.4, 0.5, 0.6, 0.7, 0.8, 0.9, 1.0]
times: [103.54, 201.86, 307.98, 408.32, 509.9, 608.27, 704.07, 800.39, 908.04, 1007.76]
scores: [0.909907479275675, 0.9292175056327889, 0.8766759698853945, 1.0, 0.8845558788161427, 0.9181687510780803, 1.0, 1.0, 0.98760395255705, 1.0]
