training_data_sizes: [0.1, 0.2, 0.3, 0.4, 0.5, 0.6, 0.7, 0.8]
times: [133.78, 253.52, 382.59, 504.09, 625.22, 758.16, 882.1, 1009.5]
scores: [0.837400897271029, 0.8453541937333838, 0.9350605918598702, 1.0, 1.0, 0.9868386100235074, 1.0, 1.0]
