training_data_sizes: [0.1, 0.2, 0.3, 0.4, 0.5, 0.6]
times: [206.37, 407.92, 608.38, 803.68, 1006.06, 1208.06]
scores: [0.8419164065382432, 0.7680198678551786, 0.8321767278099748, 0.9311349625904813, 0.961370476217842, 0.920422809532859]
