training_data_sizes: [0.1, 0.2, 0.3, 0.4, 0.5, 0.6, 0.7, 0.8, 0.9, 1.0]
times: [94.72, 188.66, 274.68, 363.1, 454.87, 542.53, 638.47, 723.02, 818.81, 901.7]
scores: [0.5032995166197448, 0.5395660967539061, 0.430601423290744, 0.602667083808084, 0.5656850874579187, 0.4974097751971685, 0.6417862464546488, 0.5807002339231979, 0.6825169148659169, 0.8743030360331496]
