training_data_sizes: [0.1, 0.2]
times: [2.0, 11.0]
scores: [0.8760184279204488, 0.8063985293576772]
