training_data_sizes: [0.1, 0.2, 0.3, 0.4, 0.5, 0.6, 0.7]
times: [33.0, 75.0, 115.0, 152.0, 198.0, 236.0, 275.0]
scores: [0.6512175096786319, 0.7549412007726595, 0.8170888232558231, 0.8024373215507854, 0.8719554171011079, 0.906702962014915, 0.8364530666397727]
