training_data_sizes: [0.1, 0.2, 0.3, 0.4, 0.5, 0.6, 0.7, 0.8]
times: [184.7, 357.34, 526.91, 709.47, 880.14, 1054.34, 1232.58, 1405.99]
scores: [0.7744043456856359, 0.8022702544460207, 0.9136238322157743, 0.8213363649965931, 1.0, 1.0, 1.0, 1.0]
