training_data_sizes: [0.1, 0.2, 0.3, 0.4, 0.5, 0.6, 0.7, 0.8, 0.9]
times: [148.7, 294.04, 436.41, 583.84, 729.69, 868.91, 1020.81, 1161.16, 1307.29]
scores: [0.7495871708219941, 0.7547238728520735, 0.7749411258837994, 0.9611378214636779, 0.9261929370345454, 0.8285658232594861, 0.9217834051037689, 0.9659634953135493, 1.0]
