training_data_sizes: [0.1, 0.2, 0.3, 0.4]
times: [36.0, 77.0, 111.0, 154.0]
scores: [0.9370806362149693, 0.9560579716978126, 1.0, 0.9902615854790797]
