training_data_sizes: [0.1, 0.2]
times: [702.54, 1402.48]
scores: [0.6307451519475545, 0.4923294270615264]
