training_data_sizes: [0.1, 0.2, 0.3]
times: [24.0, 55.0, 87.0]
scores: [0.8881909915110533, 1.0, 0.8965774468898393]
