training_data_sizes: [0.1, 0.2, 0.3, 0.4, 0.5, 0.6, 0.7, 0.8, 0.9, 1.0]
times: [134.37, 264.19, 391.69, 528.6, 657.75, 789.47, 910.62, 1048.17, 1170.7, 1304.5]
scores: [0.7661881334156438, 0.737259732966361, 0.8596369645565256, 0.9405168886660729, 0.8585518564368242, 0.8368201794027552, 1.0, 1.0, 1.0, 0.9693927966834688]
