training_data_sizes: [0.1, 0.2, 0.3, 0.4, 0.5, 0.6, 0.7, 0.8, 0.9, 1.0]
times: [49.0, 98.0, 144.0, 190.0, 247.0, 293.0, 345.0, 394.0, 446.0, 493.0]
scores: [0.7872139685985664, 0.7741522967132342, 0.752430148541064, 0.9466514558554568, 0.9417455525090874, 0.9680150945563928, 0.9649281670509247, 0.8467771950309089, 0.99207102160851, 0.92802996832603]
