training_data_sizes: [0.1, 0.2, 0.3, 0.4, 0.5, 0.6, 0.7, 0.8, 0.9, 1.0]
times: [0.49, 0.58, 0.7, 0.89, 1.2, 1.37, 1.56, 1.49, 1.55, 1.6]
scores: [0.5927361211247297, 0.6166638422866182, 0.6306440820158399, 0.6209624369591986, 0.6253910042066659, 0.6367549536593162, 0.6445320133769445, 0.6438892056065582, 0.6245459982932977, 0.6333780160857909]
