training_data_sizes: [0.1, 0.2, 0.3, 0.4, 0.5]
times: [283.56, 561.8, 843.17, 1124.73, 1402.86]
scores: [0.7651512595950734, 0.8162069418434106, 0.8655302644402888, 0.8394823014987032, 0.924673689863509]
