training_data_sizes: [0.1, 0.2, 0.3, 0.4, 0.5, 0.6, 0.7, 0.8, 0.9, 1.0]
times: [15.0, 30.0, 51.0, 79.0, 91.0, 112.0, 139.0, 159.0, 174.0, 190.0]
scores: [0.8810887121814053, 0.8762721782614441, 1.0, 0.9466514097899399, 1.0, 1.0, 1.0, 1.0, 1.0, 1.0]
