training_data_sizes: [0.1, 0.2, 0.3, 0.4, 0.5, 0.6, 0.7, 0.8, 0.9]
times: [83.71, 165.37, 236.78, 312.55, 392.91, 475.67, 545.4, 625.71, 708.44]
scores: [0.8634263094104568, 0.8557455559376966, 0.8311173811139668, 0.9105457617852283, 0.8432905409199967, 0.9740816939187454, 0.9935327000758972, 0.9861821462369975, 1.0]
