training_data_sizes: [0.1, 0.2, 0.3, 0.4, 0.5, 0.6, 0.7, 0.8, 0.9]
times: [77.0, 155.0, 237.0, 315.0, 398.0, 471.0, 557.0, 633.0, 717.0]
scores: [0.7705129688813337, 0.9136729596563701, 0.8508241887129232, 0.9856645323532294, 0.836823188138555, 1.0, 1.0, 0.9325291623519725, 1.0]
