training_data_sizes: [0.1, 0.2, 0.3, 0.4, 0.5]
times: [202.09, 404.28, 607.85, 803.81, 1008.97]
scores: [0.6157245919128104, 0.5490441477962377, 0.6362762105936602, 0.5318654068738266, 0.6925194384720685]
