training_data_sizes: [0.1, 0.2, 0.3]
times: [474.71, 935.41, 1401.19]
scores: [0.8338113892961447, 0.7698545190107571, 0.8012350139218645]
