training_data_sizes: [0.1, 0.2, 0.3, 0.4, 0.5, 0.6]
times: [123.0, 253.0, 386.0, 510.0, 644.0, 775.0]
scores: [0.8473753886127802, 0.9388511755333697, 0.9476940156200347, 0.8944092377464363, 0.8909830064069617, 0.9756993445871882]
