training_data_sizes: [0.1, 0.2, 0.3, 0.4, 0.5, 0.6, 0.7, 0.8, 0.9, 1.0]
times: [103.06, 201.61, 309.56, 404.73, 501.2, 602.44, 704.16, 803.49, 903.99, 1009.06]
scores: [0.778897913488026, 0.79301552213996, 0.8529416496492539, 0.7652963507852322, 0.9222854330835561, 0.8827137970920509, 0.9663213182338185, 0.9391858586730438, 1.0, 1.0]
