training_data_sizes: [0.1, 0.2, 0.3, 0.4, 0.5, 0.6, 0.7, 0.8, 0.9, 1.0]
times: [102.77, 203.92, 302.42, 406.11, 508.69, 604.82, 701.98, 805.89, 901.29, 1006.08]
scores: [0.718840125945575, 0.8404384678264081, 0.6829876024964618, 0.7917518213732418, 0.7241760329796114, 0.8021342466568553, 0.675492794178266, 0.7203720331694221, 0.7788400867755766, 0.6760624053904104]
