training_data_sizes: [0.1, 0.2, 0.3, 0.4, 0.5, 0.6, 0.7]
times: [148.3, 293.02, 434.2, 581.26, 717.05, 865.58, 1001.19]
scores: [0.699695218667373, 0.684478411317615, 0.8050229051016073, 0.7113335790054091, 0.6293718601144682, 0.6393179907136957, 0.5872281759567779]
