training_data_sizes: [0.1, 0.2, 0.3, 0.4, 0.5, 0.6, 0.7, 0.8]
times: [39.0, 76.0, 114.0, 156.0, 195.0, 237.0, 278.0, 319.0]
scores: [0.6568164065111108, 0.6156118703457162, 0.617648361935376, 0.8396271916471334, 0.6871725810705491, 0.7542005595149348, 0.9449972112720182, 0.9108148615854541]
