training_data_sizes: [0.1, 0.2, 0.3, 0.4, 0.5, 0.6]
times: [240.64, 469.43, 704.1, 935.23, 1172.17, 1404.79]
scores: [0.773682982655659, 0.7068685687601155, 0.9046919356015293, 0.7265099278151013, 0.7297390857188077, 0.8301022132836917]
