training_data_sizes: [0.1, 0.2, 0.3, 0.4, 0.5]
times: [64.0, 133.0, 208.0, 277.0, 341.0]
scores: [0.9448142721593905, 0.9189251798609805, 0.9031485689957091, 0.962357467251294, 1.0]
