training_data_sizes: [0.1, 0.2, 0.3, 0.4, 0.5, 0.6, 0.7]
times: [195.37, 378.95, 559.91, 744.33, 934.32, 1119.83, 1304.46]
scores: [0.8457667468796097, 1.0, 0.8742589624731272, 1.0, 0.89559527310881, 1.0, 0.9128460609043483]
