training_data_sizes: [0.1, 0.2, 0.3, 0.4, 0.5, 0.6]
times: [224.67, 435.64, 658.56, 866.98, 1087.58, 1308.45]
scores: [0.8327660472876204, 0.9433488861358952, 0.919879087585227, 1.0, 0.9882236045865169, 0.9678321168518909]
