training_data_sizes: [0.1, 0.2, 0.3, 0.4, 0.5, 0.6]
times: [138.0, 271.0, 418.0, 550.0, 696.0, 839.0]
scores: [0.7758600081023965, 0.7669416094699831, 0.7533724068475139, 0.7301818326510312, 0.852123670361711, 0.7141307394965739]
