training_data_sizes: [0.1, 0.2]
times: [111.0, 234.0]
scores: [0.5959224064255301, 0.7747376036095065]
