training_data_sizes: [0.1, 0.2, 0.3, 0.4, 0.5, 0.6, 0.7, 0.8, 0.9, 1.0]
times: [72.0, 151.0, 235.0, 311.0, 394.0, 473.0, 553.0, 636.0, 713.0, 796.0]
scores: [0.545846265634055, 0.6465720781759315, 0.6891101361314749, 0.6305174378991045, 0.49373117328246635, 0.5203989632322387, 0.6355514665962123, 0.5427645928420166, 0.5768435349519383, 0.5857930185999092]
