training_data_sizes: [0.1, 0.2, 0.3, 0.4, 0.5, 0.6, 0.7, 0.8, 0.9, 1.0]
times: [107.55, 202.03, 300.38, 404.2, 508.82, 604.48, 709.15, 801.76, 902.42, 1009.3]
scores: [0.9148696347343367, 0.9714637944204126, 0.9952118427248899, 0.8493325173808512, 1.0, 0.9067422454041849, 0.8636049248040939, 1.0, 0.9797917745316511, 0.9299182657535182]
