training_data_sizes: [0.1, 0.2, 0.3, 0.4, 0.5, 0.6]
times: [74.0, 158.0, 237.0, 316.0, 399.0, 474.0]
scores: [0.9895487948803054, 0.8846442359988576, 1.0, 1.0, 1.0, 1.0]
