training_data_sizes: [0.1, 0.2, 0.3, 0.4, 0.5, 0.6, 0.7]
times: [147.44, 294.62, 438.47, 574.03, 716.93, 863.63, 1003.22]
scores: [0.5808104402397106, 0.5539616978587567, 0.5495094005799291, 0.5519930118933235, 0.6027940540716246, 0.8202784493772282, 0.8435883906540578]
