training_data_sizes: [0.1, 0.2, 0.3, 0.4, 0.5, 0.6, 0.7, 0.8, 0.9]
times: [96.62, 180.2, 275.21, 355.86, 451.65, 534.42, 628.68, 719.03, 801.15]
scores: [0.6070453999283718, 0.6454144342393412, 0.7330824937961302, 0.6506185819986114, 0.7714496680621994, 0.8959555822169842, 0.988820130250968, 0.8984826709037732, 1.0]
