training_data_sizes: [0.1, 0.2, 0.3, 0.4, 0.5, 0.6]
times: [7.0, 15.0, 22.0, 33.0, 47.0, 51.0]
scores: [0.9837489025821091, 1.0, 1.0, 0.9820860019829869, 1.0, 0.9755852945752285]
