training_data_sizes: [0.1, 0.2, 0.3, 0.4]
times: [80.14, 208.45, 379.77, 747.44]
scores: [0.4552692327792306, 0.4605520473603737, 0.4596763110883956, 0.4651164368104287]
