training_data_sizes: [0.1, 0.2, 0.3, 0.4, 0.5, 0.6, 0.7, 0.8, 0.9]
times: [120.48, 223.59, 339.64, 453.03, 556.07, 671.76, 784.87, 892.1, 1000.35]
scores: [1.0, 1.0, 0.9990601821956835, 1.0, 0.9998680083924383, 1.0, 1.0, 1.0, 1.0]
