training_data_sizes: [0.1, 0.2, 0.3, 0.4, 0.5]
times: [3.0, 10.0, 26.0, 31.0, 46.0]
scores: [0.9651894783744627, 0.8578207579902163, 1.0, 0.9465605175049923, 0.9296828550793884]
