training_data_sizes: [0.1, 0.2, 0.3, 0.4, 0.5, 0.6, 0.7, 0.8, 0.9, 1.0]
times: [0.9, 1.71, 2.34, 3.08, 3.89, 4.79, 5.48, 6.23, 6.98, 7.62]
scores: [0.4390144316832741, 0.44009141633421917, 0.43378635439996227, 0.43526167180157876, 0.42942230876226245, 0.4318048708078936, 0.4309379229254488, 0.4341039354693568, 0.43506086393160687, 0.43376820086512086]
