training_data_sizes: [0.1, 0.2]
times: [606.12, 1208.62]
scores: [0.5511172257040107, 0.49628350515387376]
