training_data_sizes: [0.1, 0.2]
times: [61.0, 131.0]
scores: [0.9204596022196045, 0.9064756516097183]
