training_data_sizes: [0.1, 0.2, 0.3, 0.4, 0.5, 0.6, 0.7]
times: [55.0, 115.0, 173.0, 231.0, 298.0, 351.0, 416.0]
scores: [0.843349509694056, 0.9160427183321321, 0.8125870763006509, 1.0, 0.9435353350919697, 1.0, 0.9341117327586672]
