training_data_sizes: [0.1, 0.2, 0.3, 0.4, 0.5, 0.6, 0.7]
times: [26.0, 52.0, 88.0, 115.0, 144.0, 172.0, 202.0]
scores: [0.6057459290660766, 0.518346327419057, 0.5519551543025334, 0.6636627497393028, 0.5056831326806231, 0.5229772067993015, 0.46947989699100146]
