training_data_sizes: [0.1, 0.2, 0.3, 0.4, 0.5, 0.6, 0.7, 0.8, 0.9, 1.0]
times: [48.51, 98.89, 150.75, 205.65, 270.23, 327.39, 397.3, 457.99, 524.92, 593.34]
scores: [1.0, 0.9997653298289255, 0.969527290334169, 0.8959783131681784, 0.8248245144194175, 0.7671340173885801, 0.7192752409867429, 0.68381366898012, 0.6548474730492579, 0.6306963461995345]
