training_data_sizes: [0.1, 0.2, 0.3, 0.4, 0.5, 0.6, 0.7, 0.8]
times: [21.0, 54.0, 83.0, 118.0, 144.0, 179.0, 207.0, 232.0]
scores: [0.921723279276404, 0.9479668384122568, 0.9808616233415585, 1.0, 1.0, 1.0, 1.0, 1.0]
