training_data_sizes: [0.1, 0.2, 0.3, 0.4, 0.5, 0.6, 0.7, 0.8]
times: [138.0, 278.0, 413.0, 558.0, 690.0, 837.0, 973.9999999999999, 1114.0]
scores: [0.7745099951398708, 0.9778973403079028, 0.9103858104995601, 0.8504778607416863, 1.0, 1.0, 1.0, 1.0]
