training_data_sizes: [0.1, 0.2, 0.3, 0.4, 0.5, 0.6, 0.7, 0.8, 0.9]
times: [45.0, 96.0, 148.0, 191.0, 241.0, 296.0, 348.0, 398.0, 442.0]
scores: [0.8647895766569289, 0.7943294644186462, 0.7208071170824009, 0.7345191959217716, 0.7078342916869895, 0.7680450914019791, 0.8599497455863789, 0.882635424810339, 0.8450006288004861]
