training_data_sizes: [0.1, 0.2, 0.3]
times: [240.76, 471.91, 703.36]
scores: [0.5502770284940772, 0.5537606532334143, 0.5505412453148881]
