training_data_sizes: [0.1, 0.2]
times: [305.34, 608.83]
scores: [0.8322661720619076, 0.8824541246911377]
