training_data_sizes: [0.1, 0.2, 0.3, 0.4, 0.5, 0.6, 0.7]
times: [173.78, 350.4, 520.13, 689.61, 864.54, 1038.1, 1207.35]
scores: [0.7912974028259975, 0.8050953340037512, 0.9241808288701858, 0.879871344343645, 1.0, 1.0, 0.9864116302614087]
