training_data_sizes: [0.1, 0.2, 0.3, 0.4, 0.5, 0.6]
times: [22.0, 56.0, 85.0, 115.0, 141.0, 175.0]
scores: [0.7997160615204701, 0.7426544830429649, 0.7638899524782885, 0.697602355584817, 0.7009129686888144, 0.6290930127123828]
