training_data_sizes: [0.1, 0.2]
times: [110.0, 235.0]
scores: [0.9676695327632473, 0.8347749392922492]
