training_data_sizes: [0.1, 0.2, 0.3, 0.4, 0.5, 0.6, 0.7, 0.8, 0.9]
times: [34.0, 74.0, 111.0, 158.0, 193.0, 230.0, 272.0, 317.0, 358.0]
scores: [0.934364209257492, 0.8777345698247654, 0.9928048314558743, 0.9880638628431838, 1.0, 1.0, 1.0, 1.0, 1.0]
