training_data_sizes: [0.1, 0.2, 0.3, 0.4, 0.5, 0.6]
times: [106.21, 201.29, 303.28, 405.21, 507.18, 603.27]
scores: [0.8576699856462962, 0.8605292745765498, 0.7793436657239008, 0.7592515722096711, 0.8559020521005984, 0.800903752091592]
