training_data_sizes: [0.1, 0.2, 0.3, 0.4, 0.5, 0.6, 0.7, 0.8, 0.9]
times: [117.0, 239.0, 355.0, 471.0, 593.0, 716.0, 834.0, 955.0, 1075.0]
scores: [0.8196762862461071, 0.9174917951909263, 0.8356304840994648, 0.8919511077748767, 0.9433103706290862, 1.0, 1.0, 1.0, 1.0]
