training_data_sizes: [0.1, 0.2, 0.3, 0.4, 0.5, 0.6]
times: [50.0, 111.0, 178.0, 230.0, 296.0, 358.0]
scores: [0.7513808318851084, 0.6921632418341712, 0.674826383927193, 0.612634416037804, 0.6517003593402505, 0.7043342970003117]
