training_data_sizes: [0.1, 0.2, 0.3, 0.4, 0.5, 0.6, 0.7]
times: [84.0, 178.0, 266.0, 350.0, 443.0, 537.0, 625.0]
scores: [0.9568564679005832, 1.0, 0.8720821780077531, 1.0, 0.9495972713895784, 0.9137437832919759, 0.9323007469782878]
