training_data_sizes: [0.1, 0.2, 0.3, 0.4]
times: [65.0, 138.0, 209.0, 276.0]
scores: [0.6182310589525862, 0.513532877645347, 0.6097584659016226, 0.6276388581868918]
