training_data_sizes: [0.1, 0.2]
times: [24.0, 56.0]
scores: [0.9514793176511084, 0.879047878467229]
