training_data_sizes: [0.1, 0.2, 0.3, 0.4, 0.5, 0.6, 0.7]
times: [148.55, 291.77, 434.44, 573.7, 722.54, 863.1, 1005.75]
scores: [0.9437914356614373, 0.9943767794505003, 1.0, 0.9399552928937394, 0.9781099331065022, 1.0, 1.0]
