training_data_sizes: [0.1, 0.2, 0.3, 0.4, 0.5, 0.6, 0.7, 0.8, 0.9]
times: [72.0, 157.0, 236.0, 317.0, 396.0, 476.0, 556.0, 631.0, 714.0]
scores: [0.6125786275197982, 0.6211576572961265, 0.6249691467575851, 0.7992566643118372, 0.8362976180354665, 0.7379188388547779, 0.929448968605516, 0.8158141972219337, 0.89838101682988]
