training_data_sizes: [0.1, 0.2, 0.3, 0.4, 0.5, 0.6, 0.7, 0.8, 0.9, 1.0]
times: [80.0, 173.0, 264.0, 359.0, 442.0, 538.0, 620.0, 716.0, 800.0, 898.0]
scores: [0.7519920548869115, 0.7372602370689672, 0.8261165417796204, 0.9522645920013593, 0.8703574278612309, 0.8909193437005476, 0.9747092632207186, 1.0, 1.0, 0.9449518038824783]
