training_data_sizes: [0.1, 0.2, 0.3, 0.4, 0.5, 0.6, 0.7, 0.8]
times: [97.0, 199.0, 298.0, 399.0, 495.0, 597.0, 698.0, 796.0]
scores: [0.9431821390369937, 0.9504771524586303, 0.9766971719369002, 0.942162150738626, 0.9322460583116138, 0.945652545471056, 0.9419977679380607, 0.9718597588120479]
