training_data_sizes: [0.1, 0.2, 0.3, 0.4, 0.5, 0.6, 0.7, 0.8]
times: [77.13, 150.77, 227.65, 307.59, 377.33, 452.6, 526.35, 604.33]
scores: [0.9452191080182509, 0.9896612840459241, 0.86422786082591, 0.891870136826278, 0.932950923502736, 0.9836351168938233, 0.9382859187713442, 1.0]
