training_data_sizes: [0.1, 0.2, 0.3, 0.4, 0.5]
times: [82.0, 173.0, 266.0, 353.0, 440.0]
scores: [0.777539104914112, 0.7712610407949618, 0.7519171686339761, 0.980785738553354, 0.9502766937021353]
