training_data_sizes: [0.1, 0.2, 0.3, 0.4, 0.5, 0.6, 0.7, 0.8, 0.9, 1.0]
times: [15.0, 38.0, 51.0, 72.0, 96.0, 115.0, 138.0, 150.0, 172.0, 195.0]
scores: [0.8757845797180925, 0.9578045793344239, 1.0, 1.0, 1.0, 1.0, 1.0, 1.0, 0.9949600888326098, 1.0]
