training_data_sizes: [0.1, 0.2, 0.3, 0.4, 0.5, 0.6, 0.7]
times: [164.88, 318.25, 472.35, 632.99, 791.27, 944.35, 1104.72]
scores: [0.8283121556358208, 0.8749146857199868, 0.9477928723822766, 0.8999009736789654, 0.9560977293624477, 0.9276284366383953, 0.9763851981410561]
