training_data_sizes: [0.1, 0.2, 0.3, 0.4, 0.5, 0.6, 0.7, 0.8]
times: [96.39, 179.62, 268.01, 356.74, 445.56, 531.36, 613.91, 704.07]
scores: [0.9002038622275439, 0.9440208773721515, 0.8471149374266842, 0.900150065996687, 0.9072651772854892, 0.8917514455765213, 0.9746721547085345, 0.9026573615657162]
