training_data_sizes: [0.1, 0.2, 0.3]
times: [50.0, 110.0, 179.0]
scores: [0.7368178039453128, 0.8239796587198862, 0.7592221555582852]
