training_data_sizes: [0.1, 0.2, 0.3, 0.4, 0.5, 0.6, 0.7, 0.8, 0.9, 1.0]
times: [113.0, 232.0, 350.0, 477.0, 590.0, 712.0, 837.0, 953.0, 1071.0, 1197.0]
scores: [0.8847440800518553, 0.7840564277620814, 0.9173903935920433, 0.9919015810645615, 0.9899783293445643, 0.9566377865019178, 0.9165249203556425, 0.9909658631248842, 0.9840849237387352, 1.0]
