training_data_sizes: [0.1, 0.2, 0.3, 0.4, 0.5, 0.6]
times: [234.83, 475.3, 702.3, 938.63, 1167.04, 1405.83]
scores: [0.7027386683234181, 0.5914291420434619, 0.7487256849510887, 0.7597782449640968, 0.9001776401253425, 0.9181785680697176]
