training_data_sizes: [0.1, 0.2, 0.3, 0.4, 0.5, 0.6]
times: [46.0, 93.0, 148.0, 196.0, 245.0, 295.0]
scores: [0.771303998640936, 0.7803493838051274, 0.9731615070420119, 0.9755354027389707, 0.9487054322624989, 1.0]
