training_data_sizes: [0.1, 0.2, 0.3]
times: [441.31, 872.31, 1306.65]
scores: [0.8899685635430385, 0.8616126469945482, 0.8512216332141646]
