training_data_sizes: [0.1, 0.2, 0.3, 0.4, 0.5, 0.6, 0.7, 0.8, 0.9, 1.0]
times: [108.01, 208.93, 303.98, 407.37, 500.19, 601.48, 704.53, 809.81, 907.21, 1000.64]
scores: [0.8363921632555495, 0.8944886232182735, 0.8674444227013076, 1.0, 0.9744603235923708, 0.9592445391661953, 1.0, 1.0, 1.0, 1.0]
