training_data_sizes: [0.1, 0.2, 0.3, 0.4, 0.5, 0.6, 0.7]
times: [161.52, 324.24, 477.56, 630.27, 788.94, 948.32, 1107.58]
scores: [0.8781703908579364, 0.9240783146988985, 0.8309669838464431, 0.8647169964771175, 1.0, 0.9743751824872975, 1.0]
