training_data_sizes: [0.1, 0.2, 0.3]
times: [133.0, 274.0, 418.0]
scores: [0.9315840430542703, 0.809419554517602, 0.8367866826355667]
