training_data_sizes: [0.1, 0.2, 0.3, 0.4, 0.5, 0.6, 0.7, 0.8, 0.9, 1.0]
times: [91.95, 186.86, 270.83, 366.96, 457.18, 547.55, 638.15, 725.58, 810.68, 900.33]
scores: [0.7066702560734706, 0.600880684933446, 0.7368966239720757, 0.8009746602742, 0.8176291696305159, 0.8491641933583391, 1.0, 1.0, 1.0, 1.0]
