training_data_sizes: [0.1, 0.2, 0.3, 0.4, 0.5, 0.6, 0.7, 0.8, 0.9, 1.0]
times: [2.66, 25.09, 32.16, 34.37, 37.27, 45.2, 47.81, 55.63, 57.75, 66.41]
scores: [0.9909110771427968, 0.9920163188286134, 0.9925816796303043, 0.9927864578303115, 0.9932982788646737, 0.9932194978658055, 0.9932584070407455, 0.9936808850750996, 0.9931842030962553, 0.9934340514158578]
