training_data_sizes: [0.1, 0.2, 0.3, 0.4, 0.5, 0.6, 0.7]
times: [59.0, 112.0, 176.0, 234.0, 297.0, 358.0, 417.0]
scores: [0.8013946515542388, 0.7965762195391187, 0.7818703783547942, 0.6933854150574685, 0.6978506033202019, 0.6817412098520745, 0.6282579675213682]
