training_data_sizes: [0.1, 0.2, 0.3, 0.4, 0.5, 0.6, 0.7, 0.8, 0.9, 1.0]
times: [0.5, 0.96, 1.52, 1.87, 2.28, 2.74, 3.16, 3.52, 4.07, 4.3]
scores: [0.7891680297494014, 0.7682287260352492, 0.7539817412874795, 0.7481898135514069, 0.7356510724024587, 0.7278580722313441, 0.7164253176239596, 0.7092363870350594, 0.706483019097836, 0.6969203500568526]
