training_data_sizes: [0.1, 0.2, 0.3, 0.4, 0.5, 0.6, 0.7, 0.8, 0.9, 1.0]
times: [43.0, 91.0, 143.0, 194.0, 247.0, 296.0, 345.0, 390.0, 443.0, 499.0]
scores: [0.9202737090796143, 1.0, 0.979207733880894, 1.0, 1.0, 1.0, 0.9923631805258208, 1.0, 1.0, 1.0]
