training_data_sizes: [0.1, 0.2, 0.3, 0.4, 0.5, 0.6, 0.7, 0.8, 0.9, 1.0]
times: [29.54, 55.86, 83.79, 120.36, 151.54, 179.36, 212.27, 266.58, 274.17, 314.02]
scores: [-0.09852983768676271, -0.27240550216512394, -0.324429980763804, -0.38255180083675033, -0.4031147250052993, -0.38617470412005206, -0.37988962310148966, -0.4028330912928695, -0.42187526830785016, -0.3986572259803818]
