training_data_sizes: [0.1, 0.2, 0.3, 0.4, 0.5]
times: [147.39, 281.87, 422.0, 565.84, 703.06]
scores: [0.9191320873883837, 0.9098578574968794, 0.9912151720812483, 0.9190998401579099, 0.9669109972970575]
