training_data_sizes: [0.1, 0.2, 0.3, 0.4, 0.5, 0.6, 0.7, 0.8]
times: [50.0, 118.0, 171.0, 233.0, 297.0, 359.0, 413.0, 478.0]
scores: [0.88382985909863, 0.9116819893475998, 0.9162295048396896, 0.9256073331481218, 0.8163158844074774, 0.9101656005949446, 0.9141000264593425, 0.8254631145880486]
