training_data_sizes: [0.1, 0.2, 0.3, 0.4, 0.5, 0.6, 0.7, 0.8, 0.9, 1.0]
times: [114.98, 224.5, 338.47, 444.58, 558.4, 666.11, 779.3, 881.24, 998.23, 1109.16]
scores: [0.7958837079752723, 0.9220062964252698, 1.0, 1.0, 1.0, 1.0, 1.0, 1.0, 1.0, 1.0]
