training_data_sizes: [0.1, 0.2, 0.3]
times: [89.0, 177.0, 266.0]
scores: [0.5969129245443203, 0.508866425168399, 0.5536045997756064]
