training_data_sizes: [0.1, 0.2, 0.3, 0.4, 0.5, 0.6, 0.7, 0.8, 0.9]
times: [22.0, 50.0, 84.0, 114.0, 146.0, 171.0, 200.0, 239.0, 269.0]
scores: [0.7839357443807324, 0.8915969138150089, 0.7499998374578012, 0.8180138805020433, 0.9002703854333435, 0.6962403116389688, 0.855019916087143, 0.8586371629438538, 0.7300933208607253]
