training_data_sizes: [0.1, 0.2, 0.3, 0.4, 0.5, 0.6, 0.7]
times: [109.27, 206.48, 306.04, 406.24, 502.46, 604.73, 709.93]
scores: [0.9387723809723174, 0.934158565151095, 0.9098023932588806, 1.0, 0.9941144173110785, 1.0, 1.0]
