training_data_sizes: [0.1, 0.2, 0.3, 0.4, 0.5, 0.6, 0.7, 0.8, 0.9, 1.0]
times: [42.0, 99.0, 148.0, 196.0, 246.0, 292.0, 347.0, 397.0, 447.0, 492.0]
scores: [0.7399265043216277, 0.7020816772215053, 0.8723591886931923, 0.9173922216619124, 0.9380272632754795, 1.0, 0.9907863290685683, 0.9937101697372457, 1.0, 1.0]
