training_data_sizes: [0.1, 0.2, 0.3, 0.4, 0.5, 0.6]
times: [85.0, 179.0, 269.0, 352.0, 443.0, 535.0]
scores: [0.7870006392422724, 0.8148146678702219, 0.8486896931992188, 0.9631362483274071, 0.9793652061178402, 0.9401268082308377]
