training_data_sizes: [0.1, 0.2, 0.3, 0.4, 0.5, 0.6, 0.7, 0.8, 0.9, 1.0]
times: [147.76, 288.13, 421.76, 568.52, 705.91, 847.09, 989.5, 1121.67, 1260.81, 1406.87]
scores: [0.9539293444881289, 0.9267881945769565, 0.9408225861169464, 0.8891393104690826, 0.7771738227613157, 0.945414588107744, 0.9200210895678232, 0.9052419922667654, 0.9687190256961253, 0.8205320086737502]
