training_data_sizes: [0.1, 0.2, 0.3, 0.4]
times: [283.35, 558.21, 828.98, 1103.49]
scores: [0.7835425588336107, 0.7546104138868752, 0.9191855669955684, 0.8923593141571113]
