training_data_sizes: [0.1, 0.2]
times: [138.0, 278.0]
scores: [0.9612411573529682, 0.8329662466604417]
