training_data_sizes: [0.1, 0.2, 0.3, 0.4, 0.5, 0.6, 0.7]
times: [138.26, 263.31, 391.44, 517.4, 650.09, 779.84, 902.47]
scores: [0.8162222420411236, 0.8416141863480224, 0.8287055344204761, 0.9583021526219817, 0.9199437278657414, 0.9165414846527478, 0.9201465421840329]
