training_data_sizes: [0.1, 0.2, 0.3]
times: [31.0, 70.0, 119.0]
scores: [0.880327964591918, 0.9671370120717826, 0.9945066480079543]
