training_data_sizes: [0.1, 0.2, 0.3, 0.4, 0.5, 0.6, 0.7, 0.8, 0.9]
times: [116.0, 231.0, 353.0, 475.0, 591.0, 711.0, 830.0, 951.0, 1074.0]
scores: [0.821449445252274, 0.8978474990372773, 0.8003544888483665, 0.8233878864498, 0.8570485814576367, 0.870915667721271, 0.9765236185518755, 0.8074607360444028, 0.7970073289900051]
