training_data_sizes: [0.1, 0.2, 0.3, 0.4, 0.5]
times: [260.54, 522.87, 787.78, 1046.44, 1302.78]
scores: [0.7422011261288801, 0.7507021294984515, 0.7945693979895179, 0.8951246687746739, 0.9403073459965443]
