training_data_sizes: [0.1, 0.2, 0.3, 0.4, 0.5, 0.6, 0.7]
times: [10.0, 35.0, 53.0, 71.0, 96.0, 119.0, 132.0]
scores: [0.831918720284414, 0.8642720377739975, 0.7980240210544891, 0.835341568819064, 0.957774255336842, 0.9454763646747758, 0.9699765021754148]
