training_data_sizes: [0.1, 0.2, 0.3, 0.4, 0.5, 0.6, 0.7, 0.8, 0.9, 1.0]
times: [15.13, 21.96, 29.52, 37.82, 45.59, 54.48, 63.05, 72.84, 82.38, 91.31]
scores: [0.9720687854456604, 0.9735259877361804, 0.9508659640518549, 0.9022170936834382, 0.8834479913590176, 0.8552449013642516, 0.8371436740388403, 0.808744440093196, 0.7879824341665425, 0.7858851493381114]
