training_data_sizes: [0.1, 0.2, 0.3, 0.4, 0.5]
times: [288.78, 569.12, 847.12, 1126.56, 1405.21]
scores: [0.8416265036736359, 0.7487429256747591, 0.9056850709022894, 0.9133565853071957, 0.8362947926134343]
