training_data_sizes: [0.1, 0.2]
times: [403.04, 805.89]
scores: [0.733515106808191, 0.8745330829173823]
