training_data_sizes: [0.1, 0.2, 0.3, 0.4, 0.5, 0.6]
times: [240.07, 469.8, 704.42, 935.59, 1173.61, 1404.03]
scores: [0.9104904984793125, 0.8799908990966782, 0.931154073630172, 1.0, 1.0, 1.0]
