training_data_sizes: [0.1, 0.2, 0.3, 0.4, 0.5, 0.6, 0.7, 0.8, 0.9]
times: [122.0, 259.0, 381.0, 518.0, 646.0, 770.0, 899.9999999999999, 1033.0, 1163.0]
scores: [0.9291369483543974, 0.854448223718644, 0.984338279564319, 1.0, 0.9512966278690494, 1.0, 1.0, 1.0, 1.0]
