training_data_sizes: [0.1, 0.2, 0.3, 0.4, 0.5, 0.6, 0.7, 0.8]
times: [89.47, 182.91, 267.1, 351.94, 447.39, 527.12, 614.6, 704.93]
scores: [0.856545606864195, 0.8079315731702374, 0.8618707941235971, 0.9597671030817807, 0.8636952208701338, 0.9921442820491624, 0.9721684111508944, 1.0]
