training_data_sizes: [0.1, 0.2, 0.3, 0.4, 0.5, 0.6, 0.7, 0.8, 0.9]
times: [152.51, 290.72, 435.99, 585.27, 723.72, 875.3, 1012.08, 1163.96, 1309.09]
scores: [0.8720877866920271, 0.9422162864096002, 0.9403939199457065, 0.9828518275924278, 0.8586820256723037, 0.8704275850019327, 0.8840032504275146, 0.9296281103384485, 1.0]
