training_data_sizes: [0.1, 0.2, 0.3, 0.4, 0.5, 0.6, 0.7]
times: [91.0, 197.0, 298.0, 395.0, 491.0, 590.0, 698.0]
scores: [0.7939708007965901, 0.7443363841043471, 0.740171479367761, 0.7987685921976582, 0.8316079509481982, 0.8403008848157473, 0.9935169766186727]
