training_data_sizes: [0.1, 0.2, 0.3, 0.4, 0.5]
times: [261.64, 359.87, 564.05, 781.23, 832.87]
scores: [0.9991243377268159, 0.9985869795998806, 0.997872185142438, 0.9975538066393485, 0.9971819239314142]
