training_data_sizes: [0.1, 0.2, 0.3, 0.4, 0.5, 0.6]
times: [29.0, 57.0, 80.0, 116.0, 140.0, 179.0]
scores: [0.6072026941281504, 0.5924996949575501, 0.4955190778028604, 0.6605208251238212, 0.6788732277609157, 0.7591603487289871]
