training_data_sizes: [0.1, 0.2, 0.3]
times: [307.43, 602.53, 902.98]
scores: [0.9157495300532303, 0.8192914611972879, 0.8665097757216547]
