training_data_sizes: [0.1, 0.2, 0.3, 0.4, 0.5, 0.6]
times: [27.0, 53.0, 87.0, 110.0, 141.0, 179.0]
scores: [0.7340149130258616, 0.8658361694651728, 0.7994446319743262, 0.8085488361826838, 0.8861153697573263, 0.940711381005658]
