training_data_sizes: [0.1, 0.2, 0.3]
times: [400.95, 809.36, 1203.39]
scores: [0.5744784117482458, 0.5809234733402608, 0.4946765714436935]
