training_data_sizes: [0.1, 0.2]
times: [508.61, 1001.35]
scores: [0.6255988471525471, 0.6723787768518565]
