training_data_sizes: [0.1, 0.2, 0.3, 0.4, 0.5, 0.6, 0.7, 0.8]
times: [176.39, 358.63, 526.74, 705.91, 881.97, 1052.25, 1232.48, 1407.03]
scores: [0.7808989946754125, 0.9295116015091457, 0.8760451296136451, 0.8155247349220297, 0.8533759689828335, 0.8706394893162106, 0.8521251205757168, 0.8432427670841542]
