training_data_sizes: [0.1, 0.2, 0.3]
times: [47.0, 91.0, 145.0]
scores: [0.8759738803164874, 0.8573208263029949, 0.7652548873746002]
