training_data_sizes: [0.1, 0.2, 0.3, 0.4, 0.5, 0.6, 0.7, 0.8, 0.9, 1.0]
times: [101.15, 201.69, 306.84, 401.62, 508.91, 603.63, 700.4, 803.82, 902.46, 1004.88]
scores: [0.9225779687863429, 0.8477293525541251, 0.8420954338578754, 0.9022082170688537, 1.0, 1.0, 1.0, 1.0, 1.0, 1.0]
