training_data_sizes: [0.1, 0.2]
times: [0.0, 14.0]
scores: [0.7476539965999981, 0.7667055258005949]
