training_data_sizes: [0.1, 0.2, 0.3, 0.4, 0.5, 0.6]
times: [141.32, 269.7, 403.22, 539.18, 673.27, 805.26]
scores: [0.8903618852756159, 0.9652042105200553, 1.0, 0.8699128054526211, 0.8883234208155428, 0.8868658347990442]
