training_data_sizes: [0.1, 0.2, 0.3, 0.4, 0.5, 0.6, 0.7, 0.8, 0.9]
times: [69.52, 138.38, 205.03, 270.12, 338.35, 401.79, 470.48, 535.47, 603.47]
scores: [0.8091304084874231, 0.8589352696502153, 0.7380420287719303, 0.7623572517775319, 0.8699548163625456, 0.8919770566457881, 0.8337459515250587, 0.8324329236689043, 0.7693637426062581]
