training_data_sizes: [0.1, 0.2]
times: [114.0, 234.0]
scores: [0.7258558492162941, 0.8234127963256762]
