training_data_sizes: [0.1, 0.2]
times: [125.0, 251.0]
scores: [0.5526527395833403, 0.6532108662724059]
