training_data_sizes: [0.1, 0.2, 0.3, 0.4, 0.5, 0.6, 0.7]
times: [64.0, 130.0, 207.0, 276.0, 347.0, 415.0, 481.99999999999994]
scores: [0.7561005768234412, 0.863535675273607, 0.8099214746299711, 0.9086382869253103, 0.8478064681608974, 0.9533412308800172, 0.9702019357030963]
