training_data_sizes: [0.1, 0.2, 0.3, 0.4, 0.5, 0.6, 0.7, 0.8, 0.9]
times: [145.6, 294.27, 442.98, 584.91, 722.91, 870.89, 1013.8, 1156.95, 1302.77]
scores: [0.8122922452571326, 0.7524890828107944, 0.849510844572122, 0.9353553508088851, 1.0, 1.0, 1.0, 1.0, 1.0]
