training_data_sizes: [0.1, 0.2]
times: [405.87, 808.88]
scores: [0.6683867676809131, 0.7301116204942364]
