training_data_sizes: [0.1, 0.2]
times: [507.77, 1000.35]
scores: [0.862548609212364, 0.8779010775977695]
