training_data_sizes: [0.1, 0.2, 0.3, 0.4]
times: [178.79, 359.24, 533.74, 705.78]
scores: [0.6877737569887822, 0.8964968135817544, 0.7918486666449368, 0.924766226722668]
