training_data_sizes: [0.1, 0.2, 0.3, 0.4, 0.5]
times: [122.0, 251.0, 383.0, 512.0, 649.0]
scores: [0.8987955505724206, 0.9224826145465905, 0.9688120531987809, 0.891082503117231, 1.0]
