training_data_sizes: [0.1, 0.2, 0.3]
times: [84.0, 171.0, 268.0]
scores: [0.7023544599000071, 0.7305370379836889, 0.7315872882129477]
