training_data_sizes: [0.1, 0.2, 0.3, 0.4, 0.5, 0.6]
times: [184.31, 369.36, 555.77, 734.89, 926.62, 1102.5]
scores: [0.8666713307679531, 0.8989790190109321, 0.8388031974486274, 0.93617293272391, 0.7921190716010207, 0.8818007535520145]
