training_data_sizes: [0.1, 0.2, 0.3, 0.4, 0.5, 0.6]
times: [172.73, 337.23, 501.62, 667.73, 841.15, 1002.48]
scores: [0.8599679427952016, 0.8529139769171943, 0.8554827094516483, 0.9016243339483394, 0.9008800246638466, 0.9497184123474232]
