training_data_sizes: [0.1, 0.2, 0.3, 0.4, 0.5, 0.6, 0.7, 0.8]
times: [30.0, 72.0, 118.0, 151.0, 198.0, 236.0, 271.0, 315.0]
scores: [0.6145081377723376, 0.6266669600285142, 0.6440402703028958, 0.7311725413239452, 0.8510001727511662, 0.8126165225695663, 0.9233842083682662, 0.8203913594429193]
