training_data_sizes: [0.1, 0.2, 0.3, 0.4, 0.5, 0.6, 0.7]
times: [145.33, 287.57, 432.08, 581.05, 721.36, 863.92, 1004.8]
scores: [0.6134898902332362, 0.48582308641121313, 0.5323523072552346, 0.6137151146645748, 0.7137003187751965, 0.7309736424131362, 0.9341555296306561]
