training_data_sizes: [0.1, 0.2, 0.3]
times: [274.72, 535.36, 805.84]
scores: [0.8575859310639573, 0.9220882572134175, 0.871397292615594]
