training_data_sizes: [0.1, 0.2, 0.3, 0.4]
times: [176.79, 352.04, 526.34, 705.47]
scores: [0.6247435024328336, 0.5942528507105591, 0.8095501520683761, 0.8603317009662844]
