training_data_sizes: [0.1, 0.2, 0.3, 0.4, 0.5, 0.6]
times: [68.0, 137.0, 206.0, 271.0, 348.0, 411.0]
scores: [0.7659677678954914, 0.8597375656889935, 0.7538898620269359, 0.8934629100023148, 0.9893278977280588, 0.8876261566828911]
