training_data_sizes: [0.1, 0.2, 0.3, 0.4, 0.5, 0.6, 0.7, 0.8]
times: [23.0, 50.0, 83.0, 117.0, 141.0, 172.0, 207.0, 234.0]
scores: [0.9837600554221579, 0.866251749488171, 1.0, 1.0, 0.9720468882163829, 1.0, 1.0, 1.0]
