training_data_sizes: [0.1, 0.2, 0.3, 0.4, 0.5, 0.6, 0.7]
times: [202.84, 402.85, 603.97, 807.24, 1007.29, 1207.84, 1409.71]
scores: [0.8580468051869057, 0.7654432318926592, 0.8820821222932161, 0.890469705037576, 0.8816502455166007, 0.896424832921946, 1.0]
