training_data_sizes: [0.1, 0.2, 0.3, 0.4, 0.5]
times: [120.0, 255.0, 388.0, 515.0, 641.0]
scores: [0.7974562233006146, 0.9385897703358088, 1.0, 1.0, 1.0]
