training_data_sizes: [0.1, 0.2, 0.3, 0.4, 0.5, 0.6]
times: [142.89, 268.04, 402.99, 536.89, 674.64, 800.23]
scores: [0.7732031625899825, 0.93076479121966, 0.848996429259911, 0.9359245451869656, 0.9717241858419972, 0.8755878788895682]
