training_data_sizes: [0.1, 0.2, 0.3, 0.4]
times: [354.47, 700.98, 1054.57, 1404.45]
scores: [0.814520987090434, 0.8061750940647253, 0.8272318889253207, 1.0]
