training_data_sizes: [0.1, 0.2, 0.3, 0.4, 0.5, 0.6, 0.7, 0.8]
times: [135.0, 272.0, 410.0, 555.0, 699.0, 833.0, 977.9999999999999, 1119.0]
scores: [0.9126738460934589, 0.8052669670367101, 0.9506115703582911, 0.9318549929211595, 0.8907500055349891, 0.9906271851991186, 1.0, 1.0]
