training_data_sizes: [0.1, 0.2, 0.3, 0.4, 0.5, 0.6, 0.7, 0.8, 0.9, 1.0]
times: [11.76, 57.84, 78.32, 106.94, 121.76, 108.46, 118.75, 124.03, 141.72, 161.39]
scores: [1.0, 0.9936227468900736, 0.7874706837452643, 0.6353570006820781, 0.39735092889506296, 0.7376738419925617, 0.5188092251518275, 0.5875095085957707, 0.6398896462187602, 0.45623755740279526]
