training_data_sizes: [0.1, 0.2, 0.3]
times: [336.3, 674.29, 1008.75]
scores: [0.9539844591658192, 0.8658027333297516, 0.9014194478605588]
