training_data_sizes: [0.1, 0.2, 0.3, 0.4, 0.5, 0.6, 0.7, 0.8]
times: [154.32, 262.63, 424.61, 541.24, 692.31, 794.7, 946.86, 1075.23]
scores: [0.49200541197095304, 0.5200386121262882, 0.5338518301704266, 0.5398218964844688, 0.5426925499009582, 0.5460151226810649, 0.5486151848553361, 0.5503167912365078]
