training_data_sizes: [0.1, 0.2, 0.3, 0.4, 0.5, 0.6, 0.7, 0.8]
times: [144.82, 284.33, 419.2, 558.36, 696.41, 833.45, 963.88, 1105.25]
scores: [0.7697460236458782, 0.8604751947051574, 0.9247971249206721, 1.0, 1.0, 1.0, 1.0, 1.0]
