training_data_sizes: [0.1, 0.2, 0.3, 0.4, 0.5, 0.6, 0.7, 0.8]
times: [78.0, 156.0, 232.0, 316.0, 395.0, 475.0, 554.0, 633.0]
scores: [0.7709331773943332, 0.8597396309433606, 0.9655843186934624, 0.9207958113786976, 0.8243943695740258, 0.8782985319137526, 0.9125892247427577, 0.8480502168596376]
