training_data_sizes: [0.1, 0.2]
times: [305.77, 605.23]
scores: [0.7671692676060665, 0.9270626311046657]
