training_data_sizes: [0.1, 0.2]
times: [650.9, 1301.07]
scores: [0.7672868513844184, 0.9140239250937022]
