training_data_sizes: [0.1, 0.2, 0.3]
times: [124.0, 258.0, 382.0]
scores: [0.896501688824448, 0.9195308853579518, 0.8630462765592535]
