training_data_sizes: [0.1, 0.2, 0.3, 0.4]
times: [333.78, 659.44, 977.86, 1308.42]
scores: [0.749011603790946, 0.9094974468704158, 0.8462286538612602, 1.0]
