training_data_sizes: [0.1, 0.2, 0.3]
times: [468.11, 939.25, 1400.12]
scores: [0.8412143329907262, 0.8187492421120963, 0.8520743294044419]
