training_data_sizes: [0.1, 0.2, 0.3, 0.4]
times: [125.0, 250.0, 387.0, 511.0]
scores: [0.9636427179607594, 0.9990555171462401, 1.0, 0.9903029409137702]
