training_data_sizes: [0.1, 0.2]
times: [407.99, 801.95]
scores: [0.776471957422768, 0.6929146960768808]
