training_data_sizes: [0.1, 0.2, 0.3, 0.4, 0.5, 0.6]
times: [97.0, 198.0, 291.0, 397.0, 495.0, 593.0]
scores: [0.7873444580204821, 0.7899384963495977, 0.7463900070054501, 0.8333606087460281, 0.9036145621310077, 0.9626301185167381]
