training_data_sizes: [0.1, 0.2, 0.3, 0.4, 0.5, 0.6, 0.7, 0.8, 0.9]
times: [82.0, 174.0, 264.0, 355.0, 440.0, 538.0, 621.0, 714.0, 809.0]
scores: [0.8288206809134182, 0.8881856667320241, 0.9648560124111232, 0.8832864998818344, 0.9233162377520467, 0.9007398137634384, 1.0, 0.9079903205379148, 1.0]
