training_data_sizes: [0.1, 0.2, 0.3]
times: [239.36, 470.87, 704.79]
scores: [0.8064861579348583, 0.8222827369180907, 0.86525563842078]
