training_data_sizes: [0.1, 0.2, 0.3]
times: [340.52, 670.93, 1000.2]
scores: [0.7355154944218338, 0.6369801412588393, 0.8065561675969259]
