training_data_sizes: [0.1, 0.2, 0.3, 0.4, 0.5, 0.6, 0.7, 0.8, 0.9]
times: [11.0, 32.0, 56.0, 75.0, 99.0, 111.0, 130.0, 153.0, 179.0]
scores: [0.8703060305428613, 0.9163049210355162, 0.8925278136877124, 0.8580747020508068, 0.9398950841085177, 1.0, 1.0, 1.0, 1.0]
