training_data_sizes: [0.1, 0.2, 0.3, 0.4, 0.5, 0.6, 0.7, 0.8, 0.9]
times: [156.78, 312.48, 471.19, 625.43, 779.43, 941.73, 1091.48, 1246.37, 1405.65]
scores: [0.6778223676157327, 0.781666392463264, 0.6820259670249832, 0.6308338313519786, 0.7513408729116393, 0.7717451042572907, 0.619818161136086, 0.6388198265310009, 0.7408712565862631]
