training_data_sizes: [0.1, 0.2]
times: [559.36, 1106.24]
scores: [0.9869200522691994, 0.8933938804711166]
