training_data_sizes: [0.1, 0.2, 0.3, 0.4, 0.5]
times: [124.08, 247.07, 361.16, 489.71, 602.47]
scores: [0.9373909111554749, 0.9010364920153908, 0.9434770815633158, 0.9645314121543755, 1.0]
