training_data_sizes: [0.1, 0.2, 0.3, 0.4, 0.5, 0.6, 0.7, 0.8, 0.9, 1.0]
times: [60.93, 124.17, 180.81, 246.68, 303.93, 365.2, 427.32, 484.16, 546.56, 607.38]
scores: [0.6607284814033051, 0.5615512958111042, 0.5109934934258059, 0.4861771065171033, 0.4885828777750146, 0.6279883573887675, 0.45914531174370515, 0.4352423845803736, 0.4760650515075372, 0.6114450760105359]
