training_data_sizes: [0.1, 0.2, 0.3, 0.4, 0.5, 0.6]
times: [126.65, 243.06, 356.49, 467.58, 585.82, 708.05]
scores: [0.6648427993604685, 0.7445106010795055, 0.7766242483382266, 0.8136004541966342, 0.9614529752151172, 0.9918536882485273]
