training_data_sizes: [0.1, 0.2, 0.3, 0.4, 0.5, 0.6, 0.7, 0.8]
times: [123.0, 257.0, 381.0, 512.0, 647.0, 778.0, 907.9999999999999, 1038.0]
scores: [0.9978544600259529, 0.964841586172209, 1.0, 0.9943218198532229, 0.9530754339097378, 1.0, 1.0, 1.0]
