training_data_sizes: [0.1, 0.2, 0.3, 0.4, 0.5]
times: [54.0, 114.0, 173.0, 236.0, 292.0]
scores: [0.8261435833163664, 0.885235378192684, 0.8526817508025262, 0.8367981603696726, 0.8751661158915991]
