training_data_sizes: [0.1, 0.2, 0.3]
times: [72.0, 155.0, 239.0]
scores: [0.8664689981038818, 0.7079673509582824, 0.7434938258632826]
