training_data_sizes: [0.1, 0.2, 0.3, 0.4, 0.5, 0.6, 0.7, 0.8]
times: [175.94, 350.68, 533.22, 700.68, 880.11, 1050.69, 1227.96, 1406.09]
scores: [0.5832625697412819, 0.5893031685028295, 0.7542040611304535, 0.7324278202438206, 0.7193559528572104, 0.8571974674405655, 0.9402368938743427, 0.9834294381481582]
