training_data_sizes: [0.1, 0.2, 0.3, 0.4]
times: [139.0, 279.0, 412.0, 559.0]
scores: [0.9422207026064995, 0.8848031481077204, 1.0, 1.0]
