training_data_sizes: [0.1, 0.2, 0.3, 0.4, 0.5, 0.6, 0.7, 0.8, 0.9, 1.0]
times: [24.45, 50.38, 78.98, 107.93, 135.56, 164.28, 192.56, 228.71, 261.06, 294.79]
scores: [0.4573881786206505, 0.36939539490775564, 0.33344258502271296, 0.3131331341662865, 0.29810506649787105, 0.2853185812211617, 0.2806781465987368, 0.27222284814137065, 0.2664666855050759, 0.26161026005504273]
