training_data_sizes: [0.1, 0.2, 0.3, 0.4, 0.5, 0.6, 0.7]
times: [207.79, 406.59, 602.43, 801.12, 1008.35, 1203.85, 1402.67]
scores: [0.9737593740106235, 0.8654436058729367, 1.0, 0.8760079654502233, 0.8846514371689069, 1.0, 1.0]
