training_data_sizes: [0.1, 0.2, 0.3, 0.4, 0.5, 0.6, 0.7, 0.8, 0.9, 1.0]
times: [48.86, 164.52, 315.12, 395.11, 469.15, 604.96, 710.13, 815.21, 883.44, 957.37]
scores: [1.0, 1.0, 0.9999999854319832, 0.9999997960191949, 0.9999974617027119, 0.9999869170872497, 0.9999470635940719, 0.9996109300794356, 0.9992994649070943, 0.9983272434021733]
