training_data_sizes: [0.1, 0.2, 0.3, 0.4, 0.5, 0.6, 0.7, 0.8, 0.9, 1.0]
times: [106.2, 209.64, 308.58, 401.89, 503.87, 601.99, 705.07, 804.43, 906.76, 1002.74]
scores: [0.8025253534060841, 0.859072929696221, 0.8169848318746564, 0.9791728557592968, 0.9445515400893272, 1.0, 1.0, 1.0, 1.0, 1.0]
