training_data_sizes: [0.1, 0.2, 0.3, 0.4, 0.5, 0.6, 0.7, 0.8, 0.9, 1.0]
times: [16.92, 27.98, 35.76, 41.13, 47.98, 54.98, 58.08, 65.28, 74.05, 77.85]
scores: [0.9000058493121247, 0.8909080110704957, 0.8782777825091316, 0.8785996658393114, 0.8796950875362444, 0.8809523171924492, 0.8815460739613326, 0.8827169793958206, 0.8813741078536984, 0.8800861438035845]
