training_data_sizes: [0.1, 0.2, 0.3, 0.4, 0.5, 0.6, 0.7, 0.8, 0.9]
times: [39.0, 71.0, 116.0, 159.0, 199.0, 232.0, 273.0, 311.0, 351.0]
scores: [0.8390406528839389, 0.8037272997465935, 0.8908981023132172, 0.8882576136221934, 0.9374134238700154, 0.9391087429520003, 1.0, 1.0, 1.0]
