training_data_sizes: [0.1, 0.2, 0.3, 0.4, 0.5, 0.6, 0.7, 0.8, 0.9, 1.0]
times: [35.81, 80.55, 138.1, 205.49, 288.69, 382.5, 487.84, 604.23, 735.71, 876.45]
scores: [0.43421757269779393, 0.4566298728116257, 0.46205239474585, 0.48913517528254113, 0.4864933333852953, 0.49304191672936065, 0.5000788554674005, 0.49975540500420756, 0.4963545604451998, 0.5013709003443118]
