training_data_sizes: [0.1, 0.2, 0.3, 0.4, 0.5, 0.6]
times: [54.0, 118.0, 171.0, 238.0, 299.0, 359.0]
scores: [0.9545716340297012, 1.0, 0.8969645697210336, 0.9486164282643712, 0.916906847017774, 1.0]
