training_data_sizes: [0.1, 0.2, 0.3, 0.4, 0.5, 0.6, 0.7, 0.8, 0.9, 1.0]
times: [70.55, 140.43, 215.85, 286.03, 351.26, 426.78, 493.41, 562.31, 639.32, 701.06]
scores: [0.8080534734700948, 0.9052807205371725, 0.7887926508020722, 0.797612731438802, 0.9498124334402087, 1.0, 1.0, 1.0, 1.0, 1.0]
