training_data_sizes: [0.1, 0.2]
times: [112.0, 231.0]
scores: [0.7873295922688824, 0.9311231138520375]
