training_data_sizes: [0.1, 0.2]
times: [704.1, 1404.77]
scores: [0.8605052823491925, 0.8723447451370598]
