training_data_sizes: [0.1, 0.2, 0.3]
times: [369.19, 740.61, 1104.89]
scores: [0.6408159697795541, 0.8191887832191779, 0.6903652682661042]
