training_data_sizes: [0.1, 0.2, 0.3, 0.4, 0.5, 0.6, 0.7, 0.8, 0.9, 1.0]
times: [86.94, 163.2, 241.73, 325.72, 405.21, 485.27, 567.59, 648.21, 722.45, 803.9]
scores: [0.9786317712296864, 0.8665801474728111, 0.9302577775630179, 0.8742378751078395, 0.9907450955765746, 0.8382102853655015, 0.8909661559400848, 0.8249771795833253, 0.9098098191648252, 0.9744058985511188]
