training_data_sizes: [0.1, 0.2, 0.3, 0.4, 0.5, 0.6, 0.7, 0.8, 0.9, 1.0]
times: [5.26, 8.45, 12.22, 14.63, 17.6, 18.28, 21.86, 25.05, 25.91, 26.4]
scores: [0.24691656377545768, 0.25189937478685687, 0.25473721980187103, 0.2551409430457525, 0.2552184558728193, 0.2558597916701443, 0.25532178801068695, 0.2548926577914229, 0.25376409263959065, 0.25366121745393155]
