training_data_sizes: [0.1, 0.2, 0.3, 0.4, 0.5, 0.6]
times: [19.0, 32.0, 52.0, 79.0, 92.0, 115.0]
scores: [0.7897246916887677, 0.8942998953930074, 0.8757097859818921, 0.810516688256502, 0.8021521847879405, 0.8679274714145865]
