training_data_sizes: [0.1, 0.2, 0.3, 0.4, 0.5, 0.6, 0.7]
times: [157.46, 319.17, 472.28, 637.43, 791.47, 946.94, 1102.17]
scores: [0.8914636095073925, 0.9804525993084638, 1.0, 1.0, 0.9551379099235906, 1.0, 1.0]
