training_data_sizes: [0.1, 0.2, 0.3, 0.4, 0.5]
times: [88.0, 173.0, 266.0, 352.0, 448.0]
scores: [0.7559153299040431, 0.8636033391303196, 0.9664897839417392, 0.9473498754755112, 0.9943864836858006]
