training_data_sizes: [0.1, 0.2, 0.3, 0.4, 0.5]
times: [203.87, 406.4, 602.43, 803.12, 1004.72]
scores: [0.8788986464569029, 0.930680768664764, 0.807790636751964, 0.8322427616526418, 0.8633543884456574]
