training_data_sizes: [0.1, 0.2, 0.3, 0.4]
times: [182.74, 355.71, 532.64, 707.6]
scores: [0.7720170625866783, 0.6823753765989604, 0.8393608112058746, 0.7133901931353298]
