training_data_sizes: [0.1, 0.2, 0.3, 0.4, 0.5, 0.6, 0.7, 0.8, 0.9]
times: [106.0, 210.0, 323.0, 430.0, 548.0, 650.0, 763.0, 873.0, 981.0]
scores: [0.9292453188179279, 0.8908683714604047, 1.0, 1.0, 1.0, 1.0, 1.0, 1.0, 1.0]
