training_data_sizes: [0.1, 0.2, 0.3]
times: [300.76, 608.12, 907.65]
scores: [0.728055618017251, 0.8079199805515216, 0.8434443498644655]
