training_data_sizes: [0.1, 0.2, 0.3, 0.4, 0.5, 0.6]
times: [169.57, 342.08, 508.02, 669.47, 836.97, 1003.6]
scores: [0.900292336917219, 0.8036933836046125, 0.816017418718652, 0.8701514019310992, 0.9665163899168667, 0.9884797202028921]
