training_data_sizes: [0.1, 0.2]
times: [0.0, 11.0]
scores: [0.906096481630764, 0.9991177912766434]
