training_data_sizes: [0.1, 0.2, 0.3, 0.4]
times: [27.0, 50.0, 87.0, 119.0]
scores: [0.7536742304694869, 0.8144813015448882, 0.8952383766265468, 0.9224310371299709]
