training_data_sizes: [0.1, 0.2, 0.3, 0.4, 0.5, 0.6, 0.7, 0.8]
times: [94.0, 196.0, 290.0, 395.0, 496.0, 593.0, 695.0, 799.0]
scores: [0.9387081204273622, 0.9673051729818465, 0.9721816533413472, 0.9982416812635522, 1.0, 0.9170380406011258, 0.9420540722206676, 1.0]
