training_data_sizes: [0.1, 0.2]
times: [601.37, 1205.92]
scores: [0.9679762730009842, 0.9057904175128808]
