training_data_sizes: [0.1, 0.2, 0.3, 0.4]
times: [325.95, 657.65, 979.84, 1307.98]
scores: [0.7429411258063061, 0.937546310716541, 0.8757319699936204, 0.914566040867732]
