training_data_sizes: [0.1, 0.2, 0.3, 0.4, 0.5, 0.6, 0.7, 0.8, 0.9]
times: [26.0, 53.0, 88.0, 115.0, 144.0, 171.0, 200.0, 231.0, 265.0]
scores: [0.722502189002838, 0.9000289080698518, 0.8594928916962177, 0.8095132335908464, 0.8822503852237906, 0.8681235439177343, 0.77222463925477, 0.8443837683445409, 0.7819686139883141]
