training_data_sizes: [0.1, 0.2, 0.3, 0.4]
times: [202.27, 400.26, 602.74, 801.66]
scores: [0.8702660209106616, 1.0, 0.9296913320608957, 1.0]
