training_data_sizes: [0.1, 0.2, 0.3, 0.4]
times: [73.0, 151.0, 234.0, 312.0]
scores: [0.7916210140189189, 0.7334557995569055, 0.8008339632513239, 0.8734569613555073]
