training_data_sizes: [0.1, 0.2, 0.3, 0.4, 0.5]
times: [137.0, 278.0, 416.0, 552.0, 698.0]
scores: [0.8269874578046033, 0.8348217723272233, 0.9101475213045689, 0.9009508420585437, 1.0]
