training_data_sizes: [0.1, 0.2, 0.3, 0.4]
times: [56.0, 111.0, 178.0, 234.0]
scores: [0.8992086587978441, 0.9197680760839037, 0.7993127636646576, 0.920680520946068]
