training_data_sizes: [0.1, 0.2, 0.3, 0.4, 0.5, 0.6]
times: [218.65, 442.25, 654.53, 866.86, 1088.32, 1306.5]
scores: [0.8753346520386835, 0.8834639166186363, 0.918410038028141, 0.8539716229551292, 0.8387078943661476, 0.8744949082839482]
