training_data_sizes: [0.1, 0.2, 0.3, 0.4, 0.5, 0.6]
times: [53.0, 118.0, 170.0, 237.0, 290.0, 359.0]
scores: [0.476947726852227, 0.5308898739547273, 0.5856320401234744, 0.5279169097302371, 0.4930295285260559, 0.57616705826402]
