training_data_sizes: [0.1, 0.2, 0.3, 0.4, 0.5]
times: [245.04, 483.04, 722.2, 960.25, 1201.6]
scores: [0.7758446128101142, 0.875688812986683, 0.9620583996968243, 0.8759540988501737, 0.9678796021672713]
