training_data_sizes: [0.1, 0.2, 0.3, 0.4]
times: [63.0, 134.0, 207.0, 279.0]
scores: [0.6960020860825779, 0.6691294748720306, 0.6060679029283059, 0.6715430472052255]
