training_data_sizes: [0.1, 0.2, 0.3, 0.4, 0.5, 0.6, 0.7]
times: [37.0, 71.0, 111.0, 155.0, 190.0, 237.0, 279.0]
scores: [0.6867034411618581, 0.7744620247055197, 0.6601111151701115, 0.6308369620713419, 0.7084193081420016, 0.6704164817463846, 0.6516469875252787]
