training_data_sizes: [0.1, 0.2, 0.3, 0.4, 0.5, 0.6]
times: [41.0, 97.0, 142.0, 193.0, 241.0, 294.0]
scores: [1.0, 0.9181443914745091, 1.0, 0.9371702585895793, 1.0, 1.0]
