training_data_sizes: [0.1, 0.2]
times: [76.0, 159.0]
scores: [0.7062062309946859, 0.7087778799455419]
