training_data_sizes: [0.1, 0.2, 0.3, 0.4, 0.5, 0.6]
times: [187.32, 369.46, 552.1, 738.49, 919.6, 1105.77]
scores: [0.8511533929259449, 0.776221754788099, 0.811538964516369, 0.8622678664499129, 0.825603074290993, 0.9097935665081228]
