training_data_sizes: [0.1, 0.2, 0.3, 0.4, 0.5]
times: [29.0, 56.0, 86.0, 114.0, 141.0]
scores: [0.6842866958399005, 0.6895098337741534, 0.8145481766366085, 0.9695560549711573, 1.0]
