training_data_sizes: [0.1, 0.2, 0.3, 0.4, 0.5, 0.6, 0.7, 0.8, 0.9, 1.0]
times: [0.45, 0.46, 0.48, 0.5, 0.63, 0.92, 0.99, 1.26, 1.42, 1.7]
scores: [0.8013698630136985, 0.7437722419928825, 0.7376681614349776, 0.7458745874587458, 0.7650918635170605, 0.7633928571428572, 0.7607655502392343, 0.7666112956810631, 0.7654504839910647, 0.7741286863270778]
