training_data_sizes: [0.1, 0.2, 0.3]
times: [440.48, 874.5, 1302.82]
scores: [0.8573028673907519, 0.8360132058675154, 0.8192637839135781]
