training_data_sizes: [0.1, 0.2, 0.3, 0.4, 0.5, 0.6, 0.7, 0.8]
times: [122.46, 253.14, 393.81, 523.65, 700.61, 892.46, 1016.47, 1156.76]
scores: [0.7721418938451335, 0.6378251954032557, 0.6119940232567486, 0.5835774219176014, 0.5910314595437695, 0.5667687878586364, 0.5706891003310162, 0.5611863821277318]
