training_data_sizes: [0.1, 0.2, 0.3, 0.4, 0.5, 0.6, 0.7]
times: [104.0, 211.0, 322.0, 435.0, 540.0, 651.0, 760.0]
scores: [0.9164000816916811, 0.9014884989561146, 1.0, 0.9101193671769419, 1.0, 0.9376702425993344, 1.0]
