training_data_sizes: [0.1, 0.2, 0.3]
times: [372.09, 741.44, 1100.57]
scores: [0.48869696793324213, 0.5682148105361708, 0.6884357378044538]
