training_data_sizes: [0.1, 0.2]
times: [74.0, 154.0]
scores: [0.9005015746866527, 0.8232846945369785]
