training_data_sizes: [0.1, 0.2, 0.3, 0.4, 0.5, 0.6, 0.7]
times: [27.0, 55.0, 84.0, 110.0, 144.0, 171.0, 203.0]
scores: [0.9773261493462396, 1.0, 0.9560338564627331, 0.9424897949312002, 1.0, 1.0, 1.0]
