training_data_sizes: [0.1, 0.2, 0.3, 0.4]
times: [201.61, 406.7, 604.92, 809.34]
scores: [0.6679125336274455, 0.7566710996190735, 0.8467814900388989, 0.8175888760945251]
