training_data_sizes: [0.1, 0.2, 0.3, 0.4]
times: [6.0, 10.0, 21.0, 35.0]
scores: [0.7502371981759087, 0.7553425192759533, 0.8816819472450383, 0.9432492192520852]
