training_data_sizes: [0.1, 0.2, 0.3, 0.4, 0.5, 0.6, 0.7, 0.8]
times: [48.0, 96.0, 148.0, 191.0, 241.0, 299.0, 341.0, 396.0]
scores: [0.8872366663111333, 1.0, 0.9012749699732054, 0.9732966646573196, 0.9018814543842819, 1.0, 0.9706595307516436, 0.9471781662742274]
