training_data_sizes: [0.1, 0.2, 0.3, 0.4, 0.5, 0.6, 0.7, 0.8, 0.9]
times: [94.21, 187.44, 271.52, 356.02, 444.82, 539.06, 629.45, 713.18, 802.39]
scores: [0.9666611369974452, 0.9526904189705432, 0.9149409979980809, 0.9682633441941673, 1.0, 0.9946326350657961, 1.0, 1.0, 1.0]
