training_data_sizes: [0.1, 0.2, 0.3, 0.4]
times: [23.0, 56.0, 88.0, 112.0]
scores: [0.748170361087448, 0.8166734163338996, 0.9459643912725169, 0.8354933123953621]
