training_data_sizes: [0.1, 0.2]
times: [509.42, 1007.89]
scores: [0.9111360978198748, 0.836112772198571]
