training_data_sizes: [0.1, 0.2, 0.3, 0.4, 0.5, 0.6, 0.7, 0.8, 0.9, 1.0]
times: [0.59, 0.76, 1.02, 1.5, 1.96, 2.53, 3.24, 4.13, 5.29, 6.36]
scores: [0.603526763744735, 0.6555231762590468, 0.6893615604832439, 0.6934599540300592, 0.6992544168300645, 0.7040468515220646, 0.7073966339578296, 0.7112984618629786, 0.7155243403440413, 0.7196368689754268]
