training_data_sizes: [0.1, 0.2, 0.3, 0.4]
times: [54.0, 118.0, 174.0, 238.0]
scores: [0.6891941453818606, 0.8417172291961861, 0.8938370534685949, 0.7916138503415797]
