training_data_sizes: [0.1, 0.2, 0.3, 0.4, 0.5, 0.6, 0.7, 0.8, 0.9]
times: [100.37, 200.14, 301.0, 409.37, 504.21, 603.43, 705.83, 805.52, 906.86]
scores: [0.9725069605367718, 1.0, 0.9868345714908446, 1.0, 1.0, 1.0, 1.0, 1.0, 1.0]
