training_data_sizes: [0.1, 0.2, 0.3]
times: [75.0, 153.0, 232.0]
scores: [0.8355383153281073, 0.9002534985928141, 1.0]
