training_data_sizes: [0.1, 0.2, 0.3]
times: [83.0, 174.0, 260.0]
scores: [0.7816121560217306, 0.752459986580604, 0.8673089430495406]
