training_data_sizes: [0.1, 0.2, 0.3, 0.4, 0.5, 0.6, 0.7, 0.8, 0.9, 1.0]
times: [11.73, 21.31, 29.86, 37.03, 44.93, 51.9, 58.52, 64.68, 76.39, 77.67]
scores: [0.5136815067417075, 0.5078531121952854, 0.4951759026086402, 0.49068070467107905, 0.4845548349469391, 0.48099392691001275, 0.47653086078803364, 0.4680151505389536, 0.4625892897161432, 0.4576615042095429]
