training_data_sizes: [0.1, 0.2, 0.3, 0.4, 0.5, 0.6, 0.7]
times: [146.81, 293.91, 430.83, 580.62, 723.76, 858.02, 1009.45]
scores: [0.9081012929407057, 0.9186706767107512, 0.9604590849257266, 0.999798223299877, 0.9342163859199896, 0.9156405810986191, 0.9260291279862337]
