training_data_sizes: [0.1, 0.2, 0.3, 0.4, 0.5]
times: [221.8, 445.11, 665.43, 883.57, 1101.75]
scores: [0.787909441319544, 0.8128262286793131, 0.7813901777085712, 0.8678620587831365, 0.9475894062795411]
