training_data_sizes: [0.1, 0.2, 0.3, 0.4]
times: [35.0, 72.0, 111.0, 158.0]
scores: [0.6683907896345274, 0.8366189259608774, 0.7636021027102038, 0.8776075327788836]
