training_data_sizes: [0.1, 0.2, 0.3, 0.4, 0.5, 0.6, 0.7, 0.8]
times: [51.0, 111.0, 179.0, 237.0, 296.0, 355.0, 413.0, 470.0]
scores: [1.0, 0.8772584743068897, 0.903929588717527, 0.9777565709089242, 1.0, 1.0, 1.0, 1.0]
