training_data_sizes: [0.1, 0.2, 0.3, 0.4, 0.5, 0.6, 0.7, 0.8]
times: [77.0, 152.0, 236.0, 312.0, 397.0, 478.0, 557.0, 633.0]
scores: [0.7734153856097625, 0.7448127060225237, 0.7098635052430762, 0.909883931390342, 1.0, 1.0, 1.0, 1.0]
