training_data_sizes: [0.1, 0.2, 0.3, 0.4, 0.5, 0.6, 0.7, 0.8, 0.9]
times: [70.0, 151.0, 230.0, 319.0, 394.0, 478.0, 558.0, 633.0, 719.0]
scores: [0.9014158918917727, 0.8253020189815767, 0.912697923869753, 0.8624887048168558, 0.8493701694229034, 0.8597256958447952, 0.8217098734415662, 0.9119430843244154, 1.0]
