training_data_sizes: [0.1, 0.2, 0.3, 0.4, 0.5, 0.6]
times: [9.0, 17.0, 25.0, 31.0, 49.0, 50.0]
scores: [0.47633112855270493, 0.6243273120768896, 0.6339448786347145, 0.6091179733451453, 0.7813050938626724, 0.7353678477793767]
