training_data_sizes: [0.1, 0.2, 0.3, 0.4, 0.5, 0.6, 0.7, 0.8, 0.9, 1.0]
times: [437.98, 543.73, 585.1, 688.89, 783.68, 808.89, 873.83, 940.04, 1017.02, 1078.24]
scores: [1.0, 1.0, 1.0, 1.0, 0.9999999934747976, 0.9999999942920437, 0.9999999832815551, 0.9999999808461113, 0.9999999831184512, 0.9999999824286807]
