training_data_sizes: [0.1, 0.2, 0.3, 0.4, 0.5, 0.6, 0.7, 0.8, 0.9, 1.0]
times: [102.03, 207.79, 309.46, 400.5, 506.2, 601.63, 708.77, 803.57, 906.74, 1000.86]
scores: [0.597669370258872, 0.6567396940696292, 0.845383130483473, 0.844588309263249, 0.8021582904597249, 0.8939715509966006, 0.915691933583852, 0.9200949617134033, 0.972564482644548, 1.0]
