training_data_sizes: [0.1, 0.2, 0.3, 0.4, 0.5, 0.6]
times: [40.0, 92.0, 142.0, 197.0, 249.0, 295.0]
scores: [0.9304142691345665, 0.9188147375648527, 1.0, 0.98005323795964, 1.0, 1.0]
