training_data_sizes: [0.1, 0.2]
times: [32.0, 78.0]
scores: [0.7120093984797352, 0.7465910344715132]
