training_data_sizes: [0.1, 0.2, 0.3, 0.4, 0.5, 0.6, 0.7, 0.8, 0.9, 1.0]
times: [93.39, 189.43, 275.5, 363.94, 459.97, 547.01, 630.61, 723.25, 815.11, 908.99]
scores: [0.904877367275948, 0.835908392588688, 0.9867502054617555, 0.971617264723021, 1.0, 1.0, 1.0, 1.0, 1.0, 1.0]
