training_data_sizes: [0.1, 0.2, 0.3, 0.4, 0.5, 0.6, 0.7, 0.8]
times: [158.88, 301.83, 457.28, 604.39, 758.51, 904.39, 1052.99, 1201.38]
scores: [0.8449515108661205, 0.9550226441627203, 0.8231155451674645, 0.9671532810684272, 0.9891477254660703, 0.9745822039567691, 1.0, 1.0]
