training_data_sizes: [0.1, 0.2, 0.3, 0.4, 0.5, 0.6, 0.7, 0.8, 0.9, 1.0]
times: [27.79, 54.56, 83.08, 116.08, 140.85, 185.81, 223.54, 253.45, 290.93, 335.56]
scores: [0.9729080369928885, 0.984339282302789, 0.988438939784588, 0.9908959634332216, 0.9923282049033089, 0.9935442899319161, 0.9943464123371516, 0.9949546867939958, 0.9954677845890395, 0.9958573871620434]
