training_data_sizes: [0.1, 0.2, 0.3, 0.4, 0.5, 0.6, 0.7, 0.8, 0.9, 1.0]
times: [61.62, 122.15, 182.68, 243.01, 304.62, 364.45, 420.91, 486.5, 542.58, 608.4]
scores: [0.521911786025536, 0.7389636561789849, 0.6204480072993305, 0.7974710458920444, 0.8659406209613095, 0.8830881236482536, 1.0, 1.0, 1.0, 1.0]
