training_data_sizes: [0.1, 0.2, 0.3, 0.4, 0.5, 0.6, 0.7, 0.8, 0.9]
times: [79.18, 162.03, 240.02, 318.39, 394.48, 475.08, 545.52, 625.26, 708.14]
scores: [0.8945237323978468, 0.8903666022501746, 0.9845050321953971, 0.9565744519856256, 0.8861594302661131, 1.0, 1.0, 0.9927765041718082, 0.9325167080433175]
