training_data_sizes: [0.1, 0.2, 0.3, 0.4, 0.5, 0.6, 0.7, 0.8]
times: [131.02, 250.78, 378.51, 508.14, 632.18, 758.91, 881.8, 1000.92]
scores: [0.9126671924988959, 1.0, 0.9528464456855759, 1.0, 1.0, 1.0, 1.0, 1.0]
