training_data_sizes: [0.1, 0.2, 0.3, 0.4]
times: [232.83, 454.75, 680.49, 904.9]
scores: [1.0, 0.914135918976222, 0.8556359129716105, 1.0]
