training_data_sizes: [0.1, 0.2, 0.3, 0.4, 0.5]
times: [6.0, 14.0, 21.0, 36.0, 49.0]
scores: [0.9808781602534359, 0.8496664339888838, 0.9882357583661849, 0.9500078009289541, 0.9357895024176522]
