training_data_sizes: [0.1, 0.2, 0.3, 0.4, 0.5, 0.6, 0.7, 0.8, 0.9, 1.0]
times: [0.34, 0.54, 0.86, 0.95, 1.23, 1.38, 1.67, 1.82, 2.17, 2.18]
scores: [0.9721397210743801, 0.8922276017674156, 0.8446265112842266, 0.7766556569815448, 0.7681933401118917, 0.750997349422861, 0.7401390156809551, 0.7335728857970027, 0.7245031878647616, 0.7110103595623636]
