training_data_sizes: [0.1, 0.2, 0.3, 0.4, 0.5, 0.6, 0.7]
times: [6.0, 17.0, 27.0, 37.0, 47.0, 54.0, 60.0]
scores: [0.9164565573505519, 0.8148025454018515, 0.8868186142424052, 0.89277819605489, 0.9408269039546262, 0.9854452868255585, 0.8471587171632837]
