training_data_sizes: [0.1, 0.2, 0.3, 0.4, 0.5]
times: [188.87, 368.48, 545.38, 726.72, 908.36]
scores: [0.4555516463794995, 0.5061798865872577, 0.5429330207149196, 0.4473752386094167, 0.6290247242722142]
