training_data_sizes: [0.1, 0.2, 0.3, 0.4, 0.5, 0.6, 0.7]
times: [48.0, 95.0, 143.0, 198.0, 249.0, 298.0, 347.0]
scores: [0.7612543375874732, 0.9291036956996959, 0.9635734700921503, 0.9196842152883014, 0.9722645674730336, 0.837198533224791, 1.0]
