training_data_sizes: [0.1, 0.2, 0.3, 0.4, 0.5, 0.6, 0.7]
times: [148.15, 287.28, 428.88, 575.6, 719.83, 857.49, 1000.79]
scores: [0.8303762528837977, 0.8613356028496416, 0.8304121752753058, 0.9973304372654721, 1.0, 0.9194903873289255, 1.0]
