training_data_sizes: [0.1, 0.2]
times: [654.59, 1304.98]
scores: [0.9898476029888917, 0.9645641599563464]
