training_data_sizes: [0.1, 0.2, 0.3, 0.4, 0.5, 0.6]
times: [155.38, 305.36, 459.14, 601.87, 754.69, 902.76]
scores: [0.7485587815104585, 0.6878256909583392, 0.7284633891161972, 0.8112463689732334, 0.8569961550651889, 0.8950919190563791]
