training_data_sizes: [0.1, 0.2, 0.3, 0.4, 0.5, 0.6, 0.7]
times: [0.0, 16.0, 28.0, 32.0, 45.0, 52.0, 69.0]
scores: [0.8970510948901804, 0.8364940862383703, 0.9335405182056247, 0.9353799268020757, 0.8153959538861235, 0.9521504096961911, 0.8045033780040496]
