training_data_sizes: [0.1, 0.2, 0.3, 0.4, 0.5, 0.6, 0.7, 0.8]
times: [112.0, 232.0, 352.0, 479.0, 598.0, 711.0, 836.0, 957.0]
scores: [0.8533054179007633, 0.9083383879754312, 0.8535290784667161, 0.8129689859398105, 0.7843834039161137, 0.7688905014280947, 0.761466653356253, 0.8697992405719364]
