training_data_sizes: [0.1, 0.2, 0.3, 0.4, 0.5, 0.6, 0.7, 0.8, 0.9, 1.0]
times: [79.77, 146.45, 216.34, 281.97, 351.66, 428.43, 494.5, 567.27, 639.43, 702.74]
scores: [0.7765743441724434, 0.9175140684215486, 0.9353754701319457, 0.8382627134566462, 1.0, 0.9408028127970041, 0.9013514144275239, 0.9777352391900753, 1.0, 0.9418560391909825]
