training_data_sizes: [0.1, 0.2, 0.3, 0.4]
times: [31.0, 73.0, 119.0, 156.0]
scores: [1.0, 0.9652768392688865, 0.9935931225532191, 1.0]
