training_data_sizes: [0.1, 0.2, 0.3, 0.4, 0.5, 0.6, 0.7, 0.8, 0.9]
times: [22.0, 58.0, 85.0, 115.0, 140.0, 173.0, 202.0, 235.0, 264.0]
scores: [0.8297655594324941, 0.8626994102286984, 0.916487433261947, 0.9440129284009485, 1.0, 0.9285134621494782, 0.8918097291598001, 1.0, 1.0]
