training_data_sizes: [0.1, 0.2, 0.3, 0.4, 0.5, 0.6, 0.7, 0.8, 0.9]
times: [102.87, 207.03, 305.81, 400.61, 505.28, 608.24, 708.5, 801.79, 907.66]
scores: [0.9664167364707827, 1.0, 0.9855236580487896, 0.917262006432455, 0.805221872650882, 0.9305003203962533, 0.8211973700911176, 0.8498422388764582, 0.7725417018026879]
