training_data_sizes: [0.1, 0.2, 0.3, 0.4]
times: [81.0, 179.0, 267.0, 355.0]
scores: [0.7796283490369099, 0.8792343786531028, 0.9645624801752479, 0.9666486273386318]
