training_data_sizes: [0.1, 0.2, 0.3, 0.4]
times: [75.0, 157.0, 235.0, 314.0]
scores: [0.8514014010571342, 0.7389380575368636, 0.7783761190372189, 0.7247052419600208]
