training_data_sizes: [0.1, 0.2, 0.3, 0.4]
times: [45.0, 97.0, 144.0, 192.0]
scores: [0.8646507321930665, 0.8869920793977593, 0.796208098788699, 1.0]
