training_data_sizes: [0.1, 0.2, 0.3]
times: [469.07, 940.7, 1400.14]
scores: [0.8152728053915641, 0.8808416177819238, 0.8162708816928781]
