training_data_sizes: [0.1, 0.2, 0.3, 0.4, 0.5, 0.6, 0.7, 0.8, 0.9, 1.0]
times: [95.54, 189.77, 271.22, 369.53, 451.25, 548.78, 631.6, 727.22, 813.62, 906.69]
scores: [0.7400669793551147, 0.7958347052284722, 0.6928162616781804, 0.8810719882975975, 0.7489322993881005, 0.8167286019045858, 0.870621744429478, 0.9320173808783199, 1.0, 0.9656784329501955]
