training_data_sizes: [0.1, 0.2, 0.3]
times: [68.0, 130.0, 209.0]
scores: [0.9317421022362762, 0.9480634016211245, 0.936592508706989]
