training_data_sizes: [0.1, 0.2, 0.3, 0.4]
times: [51.0, 113.0, 179.0, 236.0]
scores: [0.8466649684298424, 0.8817795760559406, 0.8808940225615396, 0.8477659911762552]
