training_data_sizes: [0.1, 0.2, 0.3]
times: [20.0, 59.0, 81.0]
scores: [0.5079787812767698, 0.5983827848194921, 0.7597184798647898]
