training_data_sizes: [0.1, 0.2, 0.3, 0.4, 0.5, 0.6, 0.7]
times: [72.0, 158.0, 233.0, 314.0, 394.0, 479.0, 553.0]
scores: [0.8109710177719839, 0.9644194046652252, 0.8801490432753619, 0.8578854835992084, 1.0, 0.9585998706498925, 1.0]
