training_data_sizes: [0.1, 0.2, 0.3, 0.4, 0.5]
times: [56.0, 111.0, 174.0, 236.0, 298.0]
scores: [0.8168594309594508, 0.7959580159455728, 0.9675792040767629, 0.8657557213648324, 1.0]
