training_data_sizes: [0.1, 0.2, 0.3, 0.4, 0.5]
times: [161.57, 325.38, 481.98, 647.55, 808.5]
scores: [0.872186202721573, 0.8603856169570503, 0.831117638372509, 0.8807957489283162, 0.9214720296545763]
