training_data_sizes: [0.1, 0.2, 0.3, 0.4, 0.5, 0.6, 0.7, 0.8, 0.9]
times: [34.0, 70.0, 114.0, 159.0, 195.0, 239.0, 271.0, 312.0, 359.0]
scores: [1.0, 0.9624426132888938, 0.9815470595523452, 0.9833826594020072, 1.0, 1.0, 1.0, 1.0, 1.0]
