training_data_sizes: [0.1, 0.2, 0.3, 0.4, 0.5, 0.6]
times: [116.0, 234.0, 351.0, 472.0, 595.0, 716.0]
scores: [0.931147302656304, 0.9632838085640778, 0.9214301114291776, 0.9600784778998631, 0.8558147474237614, 0.8827792730216045]
