training_data_sizes: [0.1, 0.2, 0.3, 0.4, 0.5, 0.6, 0.7, 0.8]
times: [48.0, 98.0, 142.0, 192.0, 245.0, 299.0, 342.0, 394.0]
scores: [0.6910488726147759, 0.8262559516045731, 0.8603734738171516, 0.9287087201454381, 0.9864108209849389, 0.8914473924068, 0.8441927145016004, 0.8734636088930967]
