training_data_sizes: [0.1, 0.2, 0.3, 0.4, 0.5, 0.6, 0.7, 0.8, 0.9, 1.0]
times: [102.0, 216.0, 320.0, 434.0, 540.0, 657.0, 765.0, 878.0, 988.0, 1096.0]
scores: [0.9336251596540843, 0.8055014372933724, 0.9842855687538157, 0.8753155238886311, 0.9207045182053835, 0.9926855141322646, 1.0, 1.0, 1.0, 1.0]
