training_data_sizes: [0.1, 0.2, 0.3, 0.4, 0.5, 0.6, 0.7, 0.8, 0.9]
times: [55.0, 115.0, 176.0, 232.0, 298.0, 351.0, 412.0, 479.0, 532.0]
scores: [0.7243782262802657, 0.7637110379920076, 0.7273645592657947, 0.6967967985609496, 0.9104847074709419, 0.7912630774978807, 1.0, 0.9970969145511908, 1.0]
