training_data_sizes: [0.1, 0.2]
times: [659.63, 1309.12]
scores: [0.9133506818527966, 0.8666221512910501]
