training_data_sizes: [0.1, 0.2, 0.3, 0.4, 0.5, 0.6, 0.7]
times: [26.0, 52.0, 87.0, 114.0, 142.0, 176.0, 205.0]
scores: [0.6368884881292588, 0.7890962970586721, 0.6216891948791016, 0.7578619099786151, 0.579392577166641, 0.6101066362957214, 0.5921923339481084]
