training_data_sizes: [0.1, 0.2, 0.3]
times: [438.21, 869.98, 1302.96]
scores: [0.9280630021693981, 0.9037796852792231, 0.7809683380394121]
