training_data_sizes: [0.1, 0.2, 0.3, 0.4]
times: [10.0, 35.0, 53.0, 78.0]
scores: [0.7343984456096869, 0.8574561652896839, 0.7853103111363666, 0.8861365543252373]
