training_data_sizes: [0.1, 0.2, 0.3]
times: [137.0, 274.0, 410.0]
scores: [0.9476146756437747, 1.0, 0.9672910141464417]
