training_data_sizes: [0.1, 0.2, 0.3, 0.4, 0.5, 0.6, 0.7, 0.8, 0.9]
times: [3.0, 18.0, 28.0, 39.0, 40.0, 55.0, 62.0, 74.0, 87.0]
scores: [0.9067473267521482, 0.8479843509813008, 0.9936695478616991, 0.8623900457222891, 0.9788949922843317, 1.0, 1.0, 1.0, 1.0]
