training_data_sizes: [0.1, 0.2]
times: [502.54, 1004.47]
scores: [0.9143706034958884, 0.8898458611562283]
