training_data_sizes: [0.1, 0.2, 0.3, 0.4]
times: [306.83, 604.71, 902.14, 1201.84]
scores: [0.605539586345334, 0.5947324409895502, 0.4568774128692177, 0.531534173173138]
