training_data_sizes: [0.1, 0.2, 0.3, 0.4, 0.5, 0.6, 0.7, 0.8, 0.9, 1.0]
times: [0.03, 0.04, 0.05, 0.06, 0.06, 0.07, 0.08, 0.09, 0.1, 0.1]
scores: [0.5593006488824801, 0.47536575721629104, 0.5102120307209843, 0.5047031108562305, 0.5031388199762701, 0.5015355345158197, 0.5266892062370692, 0.5328539975230493, 0.526952692827966, 0.5147453083109919]
