training_data_sizes: [0.1, 0.2, 0.3, 0.4, 0.5]
times: [26.0, 56.0, 83.0, 119.0, 140.0]
scores: [0.7308934351799175, 0.7843691207616235, 0.7794153018913135, 0.7902709073085572, 0.8501546984083244]
