training_data_sizes: [0.1, 0.2, 0.3, 0.4, 0.5, 0.6, 0.7, 0.8, 0.9, 1.0]
times: [5.7, 12.16, 17.68, 23.44, 28.81, 34.22, 39.9, 45.49, 50.54, 57.18]
scores: [0.6687819215961075, 0.6839857120068622, 0.694975939321852, 0.7053309609126925, 0.7105280914594656, 0.7158156848860227, 0.7203706463250041, 0.7230229456175468, 0.7265766036902623, 0.7294594564769206]
