training_data_sizes: [0.1, 0.2, 0.3, 0.4, 0.5]
times: [122.66, 247.62, 365.55, 483.16, 601.14]
scores: [0.9554341993714812, 0.8372991282732142, 0.9023601639031663, 0.9787303224854513, 0.9716871109292899]
