training_data_sizes: [0.1, 0.2, 0.3, 0.4, 0.5, 0.6, 0.7]
times: [44.0, 93.0, 148.0, 191.0, 240.0, 298.0, 346.0]
scores: [0.8483461756870996, 0.8347394694547396, 0.7692750791553313, 0.8684697783597634, 0.7512341306436563, 0.749822882619551, 0.7830837624132982]
