training_data_sizes: [0.1, 0.2, 0.3, 0.4, 0.5, 0.6, 0.7]
times: [91.04, 176.56, 258.96, 349.65, 429.46, 520.66, 604.89]
scores: [0.7521315325425367, 0.8192555686089343, 0.740359102727273, 0.8378366648981682, 0.8559335057428192, 1.0, 0.9928494651684023]
