training_data_sizes: [0.1, 0.2, 0.3]
times: [70.0, 155.0, 236.0]
scores: [0.8599444566495507, 0.8528516440992726, 0.923863835911599]
