training_data_sizes: [0.1, 0.2, 0.3]
times: [442.16, 876.62, 1301.05]
scores: [0.8847489834232289, 0.8504785928676609, 0.8533416208596216]
