training_data_sizes: [0.1, 0.2, 0.3, 0.4, 0.5, 0.6, 0.7]
times: [205.42, 409.73, 604.55, 803.33, 1001.63, 1201.63, 1408.01]
scores: [0.9165329435745535, 0.901666658600528, 0.9362640347961859, 0.9766722198685828, 0.9949355285619107, 0.9494665941250827, 1.0]
