training_data_sizes: [0.1, 0.2, 0.3, 0.4, 0.5, 0.6]
times: [222.95, 435.72, 655.9, 875.88, 1086.75, 1300.9]
scores: [0.8299636259309107, 0.8327278187603336, 0.9466629515190114, 0.9275658028829132, 0.9108843459322139, 0.9624836921434714]
