training_data_sizes: [0.1, 0.2]
times: [703.32, 1406.58]
scores: [0.7169409114962462, 0.8846765293905516]
