training_data_sizes: [0.1, 0.2, 0.3, 0.4, 0.5, 0.6, 0.7, 0.8, 0.9]
times: [115.0, 236.0, 353.0, 479.0, 595.0, 710.0, 837.0, 959.0, 1078.0]
scores: [0.7105601233993043, 0.7110698366078196, 0.8539599906577289, 0.9856703514271921, 0.9503395995823889, 0.9783149036617915, 0.9640547095511633, 1.0, 1.0]
