training_data_sizes: [0.1, 0.2, 0.3, 0.4, 0.5, 0.6, 0.7, 0.8, 0.9, 1.0]
times: [41.0, 90.0, 149.0, 197.0, 240.0, 296.0, 343.0, 395.0, 444.0, 497.0]
scores: [0.9499538446296547, 0.8496830733009407, 0.846381430685186, 0.8736894978981884, 0.9263711411640272, 0.9310633255496621, 0.9246767028399008, 0.815052908158868, 0.8214372368605795, 0.8136246326870508]
