training_data_sizes: [0.1, 0.2, 0.3, 0.4, 0.5, 0.6, 0.7, 0.8, 0.9]
times: [68.33, 138.51, 205.28, 268.71, 336.17, 403.43, 472.77, 538.55, 608.6]
scores: [0.7560662170461354, 0.7470353923572708, 0.7450715530269796, 0.851935599925175, 0.7015419497983806, 0.6815729414633734, 0.7347049827890026, 0.6694630064833982, 0.782735495739639]
