training_data_sizes: [0.1, 0.2, 0.3]
times: [38.0, 71.0, 110.0]
scores: [0.8893042052893723, 0.8578738988855386, 0.9290470914970985]
