training_data_sizes: [0.1, 0.2, 0.3, 0.4, 0.5, 0.6, 0.7, 0.8, 0.9, 1.0]
times: [7.23, 11.62, 15.54, 18.45, 21.89, 25.83, 27.71, 32.2, 35.56, 42.83]
scores: [0.24691538138032043, 0.2518987153557838, 0.25473813506404885, 0.255115936101878, 0.25513196839755237, 0.2558763220408684, 0.25532473328901106, 0.2548002557452044, 0.25377427239605466, 0.2536607531398898]
