training_data_sizes: [0.1, 0.2, 0.3, 0.4, 0.5, 0.6, 0.7, 0.8]
times: [22.0, 55.0, 85.0, 116.0, 140.0, 178.0, 204.0, 231.0]
scores: [0.9947485018488977, 1.0, 1.0, 0.986095751869261, 1.0, 1.0, 1.0, 0.9347594228981178]
