training_data_sizes: [0.1, 0.2, 0.3, 0.4, 0.5, 0.6, 0.7]
times: [35.0, 71.0, 117.0, 159.0, 191.0, 236.0, 276.0]
scores: [1.0, 1.0, 1.0, 1.0, 0.9101113723583237, 1.0, 0.9326470797097267]
