training_data_sizes: [0.1, 0.2]
times: [708.15, 1408.17]
scores: [0.8680827131456228, 0.84131211697187]
