training_data_sizes: [0.1, 0.2, 0.3, 0.4, 0.5, 0.6]
times: [172.99, 342.81, 501.8, 672.29, 835.44, 1002.99]
scores: [0.5281124554114844, 0.525573143708323, 0.5309656873499028, 0.5174666431374005, 0.576925372674502, 0.4664219464204774]
