training_data_sizes: [0.1, 0.2, 0.3, 0.4, 0.5]
times: [186.94, 365.82, 547.97, 725.18, 904.78]
scores: [0.579694628867098, 0.6398220270834034, 0.5392472069349976, 0.5890845755445719, 0.523256744963031]
