training_data_sizes: [0.1, 0.2, 0.3, 0.4, 0.5, 0.6, 0.7, 0.8, 0.9]
times: [4.0, 10.0, 28.0, 39.0, 43.0, 53.0, 62.0, 78.0, 82.0]
scores: [0.9526230630781389, 0.938676230161543, 0.8766288467000771, 0.9925706616012502, 0.9774976711568257, 1.0, 1.0, 1.0, 1.0]
