training_data_sizes: [0.1, 0.2, 0.3, 0.4, 0.5, 0.6, 0.7, 0.8, 0.9, 1.0]
times: [0.78, 1.43, 2.09, 2.74, 3.44, 4.04, 4.73, 5.42, 6.07, 6.34]
scores: [0.801906269140508, 0.7789857192413064, 0.7784890044243881, 0.7645455671430451, 0.7582937884479617, 0.7521248011129386, 0.7420896910841903, 0.7403427876431556, 0.738911346937391, 0.7303858117311463]
