training_data_sizes: [0.1, 0.2, 0.3, 0.4, 0.5, 0.6, 0.7, 0.8, 0.9]
times: [82.12, 164.67, 235.3, 315.92, 393.78, 475.88, 551.03, 627.27, 700.12]
scores: [0.9883376919086139, 0.8738702950609053, 1.0, 1.0, 1.0, 1.0, 1.0, 1.0, 1.0]
