training_data_sizes: [0.1, 0.2]
times: [551.71, 1109.07]
scores: [0.8881320328563009, 0.8047463380745843]
