training_data_sizes: [0.1, 0.2, 0.3, 0.4, 0.5, 0.6, 0.7, 0.8, 0.9, 1.0]
times: [122.0, 254.0, 381.0, 513.0, 644.0, 770.0, 906.9999999999999, 1035.0, 1160.0, 1295.0]
scores: [0.6620587294341198, 0.8595889694935868, 0.7557076489196151, 0.821837286961939, 0.8311164974606058, 0.8911111175762338, 0.9495549591379537, 0.9896703836390643, 0.9638343240690572, 0.9714914249117126]
