training_data_sizes: [0.1, 0.2, 0.3, 0.4, 0.5, 0.6, 0.7]
times: [178.34, 347.84, 522.56, 692.68, 866.84, 1032.89, 1209.09]
scores: [0.8979380054701771, 0.9975980456843636, 0.9239661097198991, 1.0, 1.0, 0.9271302643463377, 0.9830819640355547]
