training_data_sizes: [0.1, 0.2, 0.3, 0.4, 0.5, 0.6, 0.7, 0.8, 0.9, 1.0]
times: [130.96, 262.56, 390.33, 521.16, 658.96, 781.48, 916.78, 1040.51, 1178.75, 1300.68]
scores: [0.7905273166082477, 0.8617238867644907, 0.7867582785909919, 0.9684211917038279, 1.0, 0.9861304638885844, 1.0, 1.0, 1.0, 1.0]
