training_data_sizes: [0.1, 0.2, 0.3, 0.4, 0.5, 0.6, 0.7]
times: [10.0, 35.0, 59.0, 72.0, 91.0, 114.0, 139.0]
scores: [0.867657039992537, 0.7872543634616826, 0.7921206727457483, 0.965396590079556, 0.9090685542625985, 1.0, 1.0]
