training_data_sizes: [0.1, 0.2, 0.3]
times: [473.83, 938.35, 1409.95]
scores: [0.7467879985012404, 0.6554204421680898, 0.615228897760572]
