training_data_sizes: [0.1, 0.2, 0.3, 0.4, 0.5, 0.6]
times: [171.18, 336.83, 503.86, 675.91, 833.76, 1007.46]
scores: [0.9928907131160705, 0.9167762924049582, 0.9448821342834581, 0.943813471125916, 1.0, 1.0]
