training_data_sizes: [0.1, 0.2]
times: [504.84, 1009.83]
scores: [0.8022221442957751, 0.8211971879860073]
