training_data_sizes: [0.1, 0.2]
times: [308.62, 601.58]
scores: [0.8325834585874142, 0.8562892989672263]
