training_data_sizes: [0.1, 0.2, 0.3]
times: [375.91, 736.13, 1104.97]
scores: [0.7181931138485531, 0.6860457113776197, 0.7238451786147502]
