training_data_sizes: [0.1, 0.2, 0.3, 0.4, 0.5, 0.6, 0.7, 0.8, 0.9, 1.0]
times: [33.36, 65.89, 104.08, 146.11, 184.83, 235.46, 284.46, 332.67, 365.45, 395.65]
scores: [0.9999990285957134, 1.0, 1.0, 1.0, 0.9999999983976129, 0.9999999955443983, 0.9999998872428428, 0.9999998907209902, 0.9999999063135732, 0.9999999202818763]
