training_data_sizes: [0.1, 0.2, 0.3, 0.4, 0.5, 0.6, 0.7]
times: [106.99, 206.64, 306.56, 407.59, 500.7, 602.42, 709.54]
scores: [0.9847233166915241, 0.9286860205068532, 1.0, 0.841812954236479, 0.948764386992651, 0.9542153661297756, 1.0]
