training_data_sizes: [0.1, 0.2, 0.3]
times: [16.0, 31.0, 51.0]
scores: [0.7805727300224371, 0.8430215440474245, 0.7582503230492131]
