training_data_sizes: [0.1, 0.2, 0.3, 0.4, 0.5, 0.6, 0.7, 0.8, 0.9]
times: [118.99, 224.54, 335.38, 447.23, 564.62, 668.75, 786.14, 895.37, 1005.19]
scores: [0.9897116732534845, 0.8830575873320499, 1.0, 0.9760579591815084, 0.9720093677002586, 0.9786361508350414, 1.0, 0.9929152893864474, 1.0]
