training_data_sizes: [0.1, 0.2, 0.3, 0.4, 0.5, 0.6]
times: [135.32, 272.46, 408.93, 535.45, 675.07, 808.9]
scores: [0.7900517226941961, 0.9109369608908182, 0.8514914150259912, 0.9593016864179271, 1.0, 1.0]
