training_data_sizes: [0.1, 0.2, 0.3, 0.4, 0.5, 0.6, 0.7, 0.8, 0.9]
times: [83.0, 179.0, 263.0, 355.0, 443.0, 537.0, 621.0, 714.0, 805.0]
scores: [0.8303456876727701, 0.8160355288007642, 0.8974673534992713, 0.8784744889913143, 0.8487658417372799, 0.7650293899241137, 0.8584294961084661, 0.8303468335103836, 0.9252899039351958]
