training_data_sizes: [0.1, 0.2]
times: [507.64, 1003.16]
scores: [0.8031278981282434, 0.7642910697498784]
