training_data_sizes: [0.1, 0.2, 0.3]
times: [275.41, 539.89, 803.51]
scores: [0.8543822711375284, 0.994992560055495, 0.9167161104634348]
