training_data_sizes: [0.1, 0.2, 0.3, 0.4, 0.5]
times: [70.0, 158.0, 234.0, 310.0, 390.0]
scores: [0.6999322549777154, 0.7395570425572439, 0.7799555390312473, 0.7958627366292959, 0.6981209826383649]
