training_data_sizes: [0.1, 0.2, 0.3, 0.4]
times: [359.58, 708.4, 1058.94, 1401.86]
scores: [0.8280658589608707, 0.8118126359282554, 0.8408297340399287, 0.9456594156552753]
