training_data_sizes: [0.1, 0.2, 0.3, 0.4, 0.5, 0.6, 0.7, 0.8, 0.9, 1.0]
times: [1.52, 2.89, 4.08, 5.45, 6.84, 8.16, 9.6, 11.09, 12.57, 14.24]
scores: [0.19895695137014502, 0.2001364877161056, 0.20316718469950312, 0.2022519881366449, 0.2040175253830827, 0.20084853239695177, 0.199789767144261, 0.1989353520856978, 0.19912341512591358, 0.19889714959809068]
