training_data_sizes: [0.1, 0.2, 0.3, 0.4]
times: [42.0, 99.0, 149.0, 191.0]
scores: [0.8345338910958776, 0.851610981513312, 0.9532857497346239, 1.0]
