training_data_sizes: [0.1, 0.2, 0.3, 0.4, 0.5, 0.6]
times: [201.14, 403.24, 609.0, 806.51, 1006.54, 1208.4]
scores: [0.8946817059259411, 0.9032664711790389, 0.8685462792223303, 0.7544799441892649, 0.8236830148288432, 0.8763328837256906]
