training_data_sizes: [0.1, 0.2, 0.3, 0.4, 0.5, 0.6, 0.7]
times: [43.0, 99.0, 143.0, 190.0, 243.0, 297.0, 347.0]
scores: [0.7517442797123135, 0.6494636037164986, 0.7490112102013098, 0.6263564931438858, 0.7152503845124385, 0.6533723710797651, 0.5825940919283277]
