training_data_sizes: [0.1, 0.2, 0.3, 0.4, 0.5, 0.6, 0.7, 0.8, 0.9]
times: [141.6, 270.7, 400.65, 535.25, 673.66, 808.09, 937.79, 1069.26, 1200.48]
scores: [0.6465474775353617, 0.7095414691677737, 0.7724942402469497, 0.792725424206441, 0.8872631094625988, 0.9838818176299382, 1.0, 1.0, 1.0]
