training_data_sizes: [0.1, 0.2, 0.3, 0.4, 0.5, 0.6, 0.7, 0.8, 0.9]
times: [11.0, 36.0, 53.0, 76.0, 94.0, 115.0, 134.0, 158.0, 173.0]
scores: [0.8458893829762428, 0.9205288611001747, 0.9507488147346682, 0.915953352350758, 0.9263485656093284, 0.88396840463453, 0.910728680891953, 0.9475982975655767, 0.9782047595094041]
