training_data_sizes: [0.1, 0.2, 0.3, 0.4, 0.5, 0.6, 0.7, 0.8, 0.9, 1.0]
times: [3.38, 5.74, 7.91, 9.84, 12.12, 14.74, 16.63, 19.19, 21.19, 23.49]
scores: [0.6799742784405017, 0.73602702856379, 0.6960714268063906, 0.7372418330528205, 0.7411509746275131, 0.7297817334592144, 0.712672660065375, 0.7073423495207634, 0.7302562896992175, 0.7190307369099386]
