training_data_sizes: [0.1, 0.2, 0.3, 0.4, 0.5, 0.6, 0.7, 0.8, 0.9, 1.0]
times: [28.0, 54.0, 81.0, 110.0, 142.0, 175.0, 209.0, 239.0, 260.0, 294.0]
scores: [0.9367880043273155, 0.9327193700222061, 1.0, 1.0, 1.0, 0.910537918846632, 1.0, 0.9928564926494696, 1.0, 1.0]
