training_data_sizes: [0.1, 0.2, 0.3, 0.4, 0.5]
times: [117.0, 230.0, 357.0, 477.0, 595.0]
scores: [0.7955801990643656, 0.9444487426135293, 0.9519601931733013, 0.8939745081688661, 1.0]
