training_data_sizes: [0.1, 0.2, 0.3, 0.4, 0.5]
times: [115.0, 238.0, 357.0, 479.0, 599.0]
scores: [0.7107493513070314, 0.725091527678613, 0.7710110982114693, 0.8772280148350846, 0.8806028584328769]
