training_data_sizes: [0.1, 0.2, 0.3, 0.4, 0.5, 0.6, 0.7]
times: [172.83, 349.29, 518.89, 687.11, 859.99, 1031.77, 1200.13]
scores: [0.8660926164629321, 0.7812579401594272, 0.9688849297280808, 0.9827866627159514, 0.8397197285805841, 0.8986782317139732, 0.9814904314003324]
