training_data_sizes: [0.1, 0.2, 0.3, 0.4]
times: [67.0, 138.0, 200.0, 273.0]
scores: [0.8191910906079374, 0.6060559506884575, 0.6354771553398553, 0.6126960710815617]
