training_data_sizes: [0.1, 0.2, 0.3, 0.4, 0.5, 0.6, 0.7, 0.8]
times: [121.1, 230.32, 342.78, 453.79, 566.26, 678.79, 790.71, 906.34]
scores: [0.7795469566195339, 0.8981700300191965, 1.0, 0.9048240423722809, 1.0, 1.0, 1.0, 1.0]
