training_data_sizes: [0.1, 0.2, 0.3]
times: [469.68, 933.83, 1405.47]
scores: [0.8986402462773824, 0.7956163125240561, 0.7920591354273201]
