training_data_sizes: [0.1, 0.2, 0.3, 0.4, 0.5, 0.6, 0.7, 0.8, 0.9, 1.0]
times: [115.73, 224.18, 330.67, 444.91, 553.84, 668.46, 778.87, 882.96, 998.32, 1101.06]
scores: [0.7891306320952702, 0.8331604824294376, 0.9018898817474299, 0.8023240372283503, 0.9465459542584909, 0.8681378011945735, 0.9161375237886367, 0.8363120712424721, 0.9643287267090779, 0.7774397164419689]
