training_data_sizes: [0.1, 0.2]
times: [19.0, 38.0]
scores: [0.7002517258206049, 0.7102298527691089]
