training_data_sizes: [0.1, 0.2, 0.3, 0.4]
times: [71.0, 155.0, 235.0, 317.0]
scores: [0.8892215282322057, 0.7617328412621758, 0.8056283484643627, 0.8673033632743375]
