training_data_sizes: [0.1, 0.2, 0.3, 0.4, 0.5, 0.6, 0.7, 0.8]
times: [177.28, 353.76, 527.86, 701.82, 876.78, 1051.53, 1225.19, 1405.22]
scores: [0.8339470592674396, 0.9505943853936027, 0.9856550639702364, 0.9647819593229341, 0.9665472202466935, 0.9730640636354206, 0.9794620310262945, 0.8780773161193656]
