training_data_sizes: [0.1, 0.2, 0.3, 0.4, 0.5, 0.6, 0.7, 0.8, 0.9]
times: [106.0, 210.0, 325.0, 439.0, 542.0, 653.0, 765.0, 877.0, 985.0]
scores: [0.7601427710708569, 0.7749953201285391, 0.7947287896434884, 0.7682260159248873, 0.8044135356832065, 1.0, 1.0, 1.0, 1.0]
