training_data_sizes: [0.1, 0.2, 0.3, 0.4, 0.5, 0.6]
times: [151.12, 302.76, 450.81, 604.02, 756.54, 903.8]
scores: [0.7623468595520058, 0.8257573057839345, 0.9183125680161277, 0.8808251193392778, 0.8707434261013997, 0.8851820098985951]
