training_data_sizes: [0.1, 0.2, 0.3, 0.4, 0.5, 0.6, 0.7]
times: [207.21, 403.8, 601.06, 800.84, 1009.98, 1207.17, 1409.43]
scores: [0.6375451504479775, 0.8112857732676755, 0.8475550923862867, 0.7919004315041327, 0.9203482160938055, 1.0, 0.9850107153647937]
