training_data_sizes: [0.1, 0.2, 0.3, 0.4, 0.5, 0.6, 0.7, 0.8, 0.9]
times: [118.0, 230.49, 335.03, 449.16, 559.51, 672.99, 786.05, 889.79, 1007.67]
scores: [0.5947260983465387, 0.6762954205446348, 0.6989851386092651, 0.8335291837986163, 0.7651425413832809, 0.9283407261440104, 0.9428162181161244, 0.9843627455260204, 0.9406331168755464]
