training_data_sizes: [0.1, 0.2, 0.3, 0.4, 0.5, 0.6, 0.7]
times: [119.0, 231.0, 359.0, 479.0, 599.0, 718.0, 838.0]
scores: [0.8201292485148582, 0.9966582905726933, 0.9015686414519408, 0.9680760707142821, 1.0, 1.0, 1.0]
