training_data_sizes: [0.1, 0.2, 0.3, 0.4, 0.5, 0.6, 0.7, 0.8, 0.9]
times: [98.4, 184.57, 273.01, 355.88, 449.32, 537.68, 624.52, 712.25, 809.51]
scores: [1.0, 0.889904976022891, 0.8988741524022832, 1.0, 0.8865436129963746, 0.9626298084932154, 0.9572714703557532, 0.9416071378200737, 1.0]
