training_data_sizes: [0.1, 0.2, 0.3, 0.4, 0.5, 0.6]
times: [207.59, 404.57, 608.23, 808.48, 1005.76, 1202.86]
scores: [0.5485301722929045, 0.4143311004666817, 0.45250722725735565, 0.5976670671615429, 0.5166557949480488, 0.5053181567874272]
