training_data_sizes: [0.1, 0.2, 0.3, 0.4, 0.5, 0.6, 0.7, 0.8]
times: [82.0, 179.0, 268.0, 353.0, 445.0, 537.0, 623.0, 711.0]
scores: [0.8692430749979417, 0.8444320714813272, 0.9023315391142586, 0.9569208582648216, 1.0, 0.9585044786326036, 0.9769944076268491, 0.9929175170156677]
