training_data_sizes: [0.1, 0.2, 0.3]
times: [473.55, 937.09, 1401.35]
scores: [0.7665438546620958, 0.7626575431000409, 0.8650677183556337]
