training_data_sizes: [0.1, 0.2, 0.3, 0.4, 0.5, 0.6, 0.7, 0.8, 0.9]
times: [104.9, 200.52, 307.17, 407.51, 507.98, 604.05, 703.43, 804.76, 902.72]
scores: [0.8042945714333078, 0.840313714192302, 0.8287895673885579, 0.9024248849421685, 0.859798524438854, 0.9214583566712257, 0.9593688468445856, 1.0, 1.0]
