training_data_sizes: [0.1, 0.2, 0.3]
times: [60.0, 132.0, 205.0]
scores: [0.8326734092868348, 0.8820590960476409, 0.9299858074656835]
