training_data_sizes: [0.1, 0.2, 0.3, 0.4, 0.5, 0.6, 0.7, 0.8, 0.9]
times: [71.0, 154.0, 230.0, 319.0, 397.0, 476.0, 554.0, 636.0, 712.0]
scores: [0.789911192767009, 0.7272368952738117, 0.7332735313997583, 0.7247068404632163, 0.6939652161697499, 0.7032272725053921, 0.678194887526444, 0.6850674005362216, 0.6569207194627202]
