training_data_sizes: [0.1, 0.2, 0.3, 0.4, 0.5, 0.6]
times: [37.0, 79.0, 119.0, 155.0, 193.0, 233.0]
scores: [0.695860177056748, 0.6810285796529992, 0.6650147435449592, 0.7236768102180009, 0.7111209575741584, 0.8715649650494912]
