training_data_sizes: [0.1, 0.2, 0.3]
times: [74.0, 154.0, 233.0]
scores: [0.8408708930259332, 0.9687579423759336, 0.9480427800137201]
