training_data_sizes: [0.1, 0.2, 0.3, 0.4, 0.5, 0.6, 0.7]
times: [52.0, 110.0, 178.0, 237.0, 296.0, 350.0, 415.0]
scores: [0.6630305505480919, 0.7586382315071367, 0.7060236210092803, 0.8883564742841867, 0.8049009884585707, 1.0, 0.9844258662479086]
