training_data_sizes: [0.1, 0.2, 0.3, 0.4, 0.5, 0.6, 0.7, 0.8, 0.9, 1.0]
times: [97.62, 189.26, 275.48, 365.37, 459.75, 541.5, 633.97, 725.45, 812.37, 904.81]
scores: [0.7403816954254252, 0.7683739189697256, 0.8804945468713548, 0.8293756730086908, 0.9361678287644458, 1.0, 1.0, 1.0, 1.0, 1.0]
