training_data_sizes: [0.1, 0.2, 0.3, 0.4, 0.5, 0.6, 0.7, 0.8, 0.9, 1.0]
times: [100.89, 200.63, 307.46, 409.36, 506.72, 602.55, 705.03, 802.07, 900.94, 1004.13]
scores: [0.9916919574818124, 0.9048896925931904, 0.8803310414613658, 0.892545247799372, 1.0, 1.0, 0.9488402770995445, 1.0, 1.0, 1.0]
