training_data_sizes: [0.1, 0.2]
times: [83.0, 177.0]
scores: [0.8669627717104698, 0.7921935366735315]
