training_data_sizes: [0.1, 0.2, 0.3, 0.4]
times: [257.4, 500.49, 754.85, 1001.76]
scores: [0.8680469505071224, 0.9067364642747141, 0.9712887245908828, 0.8842086648097948]
