training_data_sizes: [0.1, 0.2, 0.3, 0.4, 0.5, 0.6, 0.7, 0.8, 0.9, 1.0]
times: [3.48, 10.62, 10.98, 22.61, 23.29, 32.89, 43.98, 49.75, 71.17, 49.0]
scores: [0.9991667521680548, 0.9992605573094511, 0.9993753400733555, 0.999386305246047, 0.9993669380653933, 0.9994292984778159, 0.9993884782836765, 0.9994009562257263, 0.9993662021587502, 0.9993860044863534]
