training_data_sizes: [0.1, 0.2, 0.3, 0.4, 0.5, 0.6, 0.7, 0.8, 0.9]
times: [54.0, 114.0, 179.0, 231.0, 296.0, 355.0, 413.0, 472.0, 536.0]
scores: [0.83982926386133, 0.8893460670783665, 0.9429597723250037, 0.9406449321046112, 0.8395672752685587, 0.8596654344400716, 0.8916937435697119, 0.9659448687475258, 0.9488790206298983]
