training_data_sizes: [0.1, 0.2, 0.3, 0.4, 0.5, 0.6, 0.7, 0.8, 0.9, 1.0]
times: [0.97, 1.52, 2.08, 2.68, 3.2, 3.63, 4.17, 4.68, 5.23, 5.94]
scores: [0.08819741312462305, 0.02957760719005692, 0.024942539397641354, 0.015286793434583897, 0.012692038289215859, 0.013081875699000024, 0.013271895784578963, 0.014111314984124674, 0.015319421100975403, 0.014489687014796953]
