training_data_sizes: [0.1, 0.2, 0.3, 0.4]
times: [53.0, 115.0, 174.0, 239.0]
scores: [0.6442917869188881, 0.7977856207954788, 0.9070669122944885, 0.853458484462865]
