training_data_sizes: [0.1, 0.2, 0.3, 0.4, 0.5, 0.6, 0.7, 0.8, 0.9, 1.0]
times: [116.44, 222.87, 338.12, 440.68, 554.2, 665.22, 776.25, 882.97, 994.83, 1102.41]
scores: [0.8196486401409153, 0.9100420772141335, 0.9247231404329159, 0.9690769807448951, 0.9186267679281686, 0.9322922625773742, 0.9165389990683668, 0.984204193596306, 0.9443808643826924, 0.9995252531022226]
