training_data_sizes: [0.1, 0.2, 0.3, 0.4, 0.5, 0.6, 0.7, 0.8, 0.9, 1.0]
times: [9.44, 20.22, 31.47, 43.66, 56.22, 69.69, 83.04, 97.12, 109.37, 123.41]
scores: [0.9981388233443586, 0.9517293644259915, 0.884818629155634, 0.8279220873550659, 0.7875062035155188, 0.7568975846194013, 0.7338079651252801, 0.7230202326511889, 0.7061239269106588, 0.7022025488842165]
