training_data_sizes: [0.1, 0.2, 0.3, 0.4, 0.5, 0.6, 0.7, 0.8]
times: [126.2, 257.84, 378.4, 508.05, 629.85, 754.04, 876.33, 1004.36]
scores: [0.9461384476465555, 0.8144938923297504, 0.9246188307682678, 1.0, 0.9220513323541053, 0.8949708375522091, 0.981461862496464, 0.9361198781275542]
