training_data_sizes: [0.1, 0.2, 0.3, 0.4, 0.5, 0.6, 0.7, 0.8, 0.9, 1.0]
times: [0.44, 0.86, 1.34, 1.86, 2.24, 3.1, 3.69, 4.18, 4.58, 4.65]
scores: [0.4617592170913105, 0.5357418730999216, 0.6676800968463319, 0.7252032816902879, 0.7451903201215981, 0.7539780270237386, 0.7522390592261076, 0.7553414875989481, 0.7554717309359009, 0.7566403059130217]
