training_data_sizes: [0.1, 0.2, 0.3, 0.4, 0.5]
times: [126.49, 246.48, 367.35, 484.44, 604.66]
scores: [0.8022062012772451, 0.8138446281375062, 0.9055854213485973, 0.8207901011041134, 0.9243009565988471]
