training_data_sizes: [0.1, 0.2, 0.3, 0.4, 0.5]
times: [25.0, 53.0, 85.0, 118.0, 141.0]
scores: [0.8765214655789392, 1.0, 0.9662805440283859, 1.0, 1.0]
