training_data_sizes: [0.1, 0.2, 0.3, 0.4, 0.5, 0.6, 0.7, 0.8, 0.9]
times: [59.0, 114.0, 178.0, 238.0, 296.0, 356.0, 416.0, 476.0, 535.0]
scores: [0.7894559179497918, 0.9105898628977005, 0.934543582637243, 1.0, 0.9548155925897441, 0.9547495643906374, 0.9505026043100582, 1.0, 1.0]
