training_data_sizes: [0.1, 0.2, 0.3, 0.4, 0.5, 0.6]
times: [184.1, 368.53, 554.14, 734.03, 917.02, 1106.39]
scores: [0.8236430900498304, 0.8719126445074736, 0.8527371150304783, 0.9621764288111467, 1.0, 1.0]
