training_data_sizes: [0.1, 0.2, 0.3, 0.4, 0.5, 0.6, 0.7, 0.8, 0.9]
times: [70.08, 136.84, 200.75, 276.42, 338.87, 406.76, 469.75, 537.35, 609.22]
scores: [0.7761437678879968, 0.9743845770719981, 0.8839456974306683, 0.9469551442180801, 1.0, 1.0, 0.9632110262123958, 1.0, 1.0]
