training_data_sizes: [0.1, 0.2, 0.3, 0.4, 0.5, 0.6, 0.7]
times: [20.0, 56.0, 87.0, 115.0, 140.0, 175.0, 208.0]
scores: [0.8363836524642683, 0.8042268703629207, 0.8540528602677501, 0.794849825165697, 0.8388094251344848, 0.8233464120136953, 0.941398475196563]
