training_data_sizes: [0.1, 0.2, 0.3, 0.4, 0.5, 0.6, 0.7]
times: [15.0, 39.0, 50.0, 74.0, 91.0, 119.0, 137.0]
scores: [0.6452483472665582, 0.5965196534214382, 0.5957676666780236, 0.6827438165935164, 0.6256660520892073, 0.5048412028850171, 0.5002687316404117]
