training_data_sizes: [0.1, 0.2, 0.3, 0.4]
times: [209.09, 403.67, 609.95, 801.72]
scores: [0.6900961467568963, 0.7823882672477123, 0.7583089123305823, 0.652095343285945]
