training_data_sizes: [0.1, 0.2, 0.3, 0.4, 0.5, 0.6, 0.7, 0.8, 0.9]
times: [115.35, 229.61, 335.25, 445.85, 557.5, 672.1, 782.82, 895.42, 1007.06]
scores: [0.9913451092135575, 0.9634578458974108, 0.8847295333046226, 1.0, 1.0, 1.0, 1.0, 1.0, 1.0]
