training_data_sizes: [0.1, 0.2, 0.3, 0.4, 0.5, 0.6]
times: [55.0, 115.0, 171.0, 239.0, 299.0, 357.0]
scores: [0.6831920496557896, 0.7633537744195862, 0.8805867553056341, 0.9622437780409308, 0.9492222895738709, 0.9148434729040222]
