training_data_sizes: [0.1, 0.2, 0.3, 0.4, 0.5, 0.6, 0.7, 0.8, 0.9, 1.0]
times: [106.13, 209.54, 303.53, 401.28, 500.33, 604.11, 702.3, 801.91, 907.26, 1008.48]
scores: [0.7562873341117017, 0.798914685506866, 0.8072993666221704, 0.8407575891047457, 0.817692676533263, 0.8349836286584662, 0.8033618696208344, 0.9618663937338447, 0.9283484577835768, 0.9229738064311375]
