training_data_sizes: [0.1, 0.2]
times: [607.25, 1204.01]
scores: [0.7965101759065236, 0.7507496011058119]
