training_data_sizes: [0.1, 0.2, 0.3, 0.4]
times: [39.0, 74.0, 113.0, 159.0]
scores: [0.8527845749499399, 1.0, 0.8996381863305267, 0.8992785079952618]
