training_data_sizes: [0.1, 0.2]
times: [18.0, 36.0]
scores: [0.9163961714467928, 0.8668612185185205]
