training_data_sizes: [0.1, 0.2, 0.3, 0.4, 0.5, 0.6, 0.7, 0.8, 0.9, 1.0]
times: [129.0, 258.0, 384.0, 514.0, 641.0, 770.0, 904.9999999999999, 1030.0, 1163.0, 1291.0]
scores: [0.817323793087166, 0.9770933910489559, 0.8510846324627714, 0.9100464380124895, 0.8823661393079512, 0.9243340323589364, 0.8790692460968234, 0.9581116576639803, 1.0, 0.9881589743193884]
