training_data_sizes: [0.1, 0.2, 0.3, 0.4, 0.5, 0.6, 0.7, 0.8, 0.9, 1.0]
times: [4.64, 6.38, 8.32, 10.05, 12.64, 21.72, 16.89, 17.59, 18.41, 22.48]
scores: [0.11274585523848635, 0.05214631489636168, 0.05402681751353089, 0.02043608829063115, 0.03158129623833972, 0.028992243445793653, 0.059708004842396134, 0.031006234895360363, 0.039004343355772075, 0.03210728541913388]
