training_data_sizes: [0.1, 0.2, 0.3, 0.4, 0.5, 0.6, 0.7]
times: [10.0, 32.0, 55.0, 78.0, 90.0, 112.0, 134.0]
scores: [0.737683126452884, 0.6871671837749348, 0.8149749469189176, 0.7776494364024488, 0.7776416187569122, 0.6335271346560802, 0.6675504425497881]
