training_data_sizes: [0.1, 0.2, 0.3, 0.4, 0.5, 0.6, 0.7, 0.8, 0.9, 1.0]
times: [105.0, 210.0, 325.0, 434.0, 546.0, 652.0, 760.0, 872.0, 986.0, 1097.0]
scores: [0.6085402533752202, 0.5838620028047292, 0.6903633092495396, 0.8210267147311998, 0.7216200585508992, 0.90552213358125, 0.8866382884451725, 0.8263210921154687, 0.924501166612155, 0.9119805961831396]
