training_data_sizes: [0.1, 0.2, 0.3, 0.4]
times: [282.01, 554.3, 829.07, 1102.36]
scores: [0.9119722937956192, 0.9731294633715384, 0.9927721210768061, 0.8755470445222222]
