training_data_sizes: [0.1, 0.2]
times: [457.01, 909.65]
scores: [0.6797924879377901, 0.8630942344077839]
