training_data_sizes: [0.1, 0.2, 0.3, 0.4, 0.5, 0.6, 0.7]
times: [174.71, 347.55, 518.91, 694.9, 858.43, 1033.59, 1206.47]
scores: [0.8014227336313384, 0.8678260452473666, 0.8338609442143993, 0.9542450047760683, 0.9439102059150755, 1.0, 1.0]
