training_data_sizes: [0.1, 0.2, 0.3, 0.4, 0.5, 0.6, 0.7, 0.8, 0.9]
times: [8.0, 16.0, 23.0, 30.0, 44.0, 56.0, 64.0, 76.0, 87.0]
scores: [0.8318330550960822, 0.8925484124455032, 0.9109877855342874, 0.8842197049784293, 0.9043470455577481, 0.9530699020373816, 0.9365932419800373, 1.0, 1.0]
