training_data_sizes: [0.1, 0.2, 0.3, 0.4, 0.5, 0.6, 0.7, 0.8]
times: [71.0, 150.0, 235.0, 310.0, 396.0, 477.0, 558.0, 633.0]
scores: [0.785595373151079, 0.9479248448869362, 0.8024402749049488, 0.955696389939277, 0.933558725209829, 1.0, 0.8984507102604804, 0.9532151656289629]
