training_data_sizes: [0.1, 0.2, 0.3, 0.4, 0.5, 0.6]
times: [235.52, 471.0, 700.74, 939.84, 1173.81, 1407.55]
scores: [0.9314894138375167, 0.9995685471464104, 0.9494437188501255, 0.9521631528844863, 1.0, 1.0]
