training_data_sizes: [0.1, 0.2, 0.3, 0.4, 0.5]
times: [168.09, 320.62, 482.0, 643.67, 800.24]
scores: [0.8506148626116894, 0.8795286090112118, 0.9335339769123228, 0.9392411499437008, 0.9611927646854621]
