training_data_sizes: [0.1, 0.2, 0.3, 0.4, 0.5, 0.6, 0.7, 0.8, 0.9]
times: [135.0, 270.0, 411.0, 559.0, 694.0, 831.0, 970.9999999999999, 1111.0, 1251.0]
scores: [0.8841213434530502, 0.8931097994805681, 0.8441146830298978, 0.8762083166335002, 0.8202007444252928, 0.780236118395341, 0.7703328635407906, 0.9080422379795576, 0.7575863180353306]
