training_data_sizes: [0.1, 0.2, 0.3, 0.4, 0.5, 0.6, 0.7]
times: [95.36, 179.4, 261.3, 344.92, 434.79, 523.1, 604.68]
scores: [0.765258400714947, 0.9711361201850379, 0.9313773163256709, 0.9875097502318821, 1.0, 0.9253420634728828, 1.0]
