training_data_sizes: [0.1, 0.2, 0.3, 0.4, 0.5, 0.6, 0.7, 0.8, 0.9]
times: [21.0, 54.0, 82.0, 112.0, 140.0, 175.0, 200.0, 236.0, 260.0]
scores: [0.7769761491297721, 0.8031580857339493, 0.8218554879206303, 0.7731126382180338, 0.7951114242870723, 0.9172393735364681, 0.8385116614980115, 0.7859357177851514, 0.7978248771770775]
