training_data_sizes: [0.1, 0.2, 0.3, 0.4, 0.5, 0.6, 0.7, 0.8, 0.9, 1.0]
times: [2.1, 5.45, 7.95, 10.18, 12.95, 14.89, 17.08, 18.18, 19.73, 23.01]
scores: [1.0, 1.0, 0.9371555359834691, 0.9231450867547712, 0.9119925011823558, 0.8986614853195163, 0.8909008787057568, 0.8957890807315065, 0.8821507817682603, 0.8735362997658078]
