training_data_sizes: [0.1, 0.2, 0.3, 0.4, 0.5, 0.6]
times: [237.04, 469.87, 709.07, 939.21, 1173.49, 1409.72]
scores: [0.5576293874706568, 0.6781469316858968, 0.5872579753026783, 0.5129589189057852, 0.546650761284892, 0.4777612756940058]
