training_data_sizes: [0.1, 0.2, 0.3, 0.4, 0.5, 0.6, 0.7]
times: [30.0, 79.0, 116.0, 158.0, 198.0, 236.0, 279.0]
scores: [0.8919510510899181, 0.8126768489519918, 0.804960042980498, 0.8033383679730507, 0.8545848532729421, 0.9396195464678023, 0.9935019950667934]
