training_data_sizes: [0.1, 0.2, 0.3, 0.4, 0.5, 0.6, 0.7, 0.8]
times: [87.0, 172.0, 261.0, 350.0, 443.0, 532.0, 621.0, 714.0]
scores: [0.9572402759617301, 0.918134894080272, 0.8993818775183607, 0.9709230146614769, 0.8952513384508809, 0.9828319663363252, 0.9989320685345967, 0.8999530185657079]
