training_data_sizes: [0.1, 0.2, 0.3, 0.4, 0.5]
times: [98.0, 195.0, 296.0, 397.0, 499.0]
scores: [0.8919570311042144, 0.8057242544164053, 0.8724662815966704, 0.770901282891277, 0.7359279554483165]
