training_data_sizes: [0.1, 0.2]
times: [26.0, 55.0]
scores: [0.6912415440479317, 0.8082095902166437]
