training_data_sizes: [0.1, 0.2, 0.3, 0.4]
times: [227.88, 459.78, 676.29, 901.95]
scores: [0.6341426570552213, 0.5908082302046456, 0.6116746234308127, 0.5935242200059669]
