training_data_sizes: [0.1, 0.2, 0.3, 0.4, 0.5, 0.6]
times: [20.0, 50.0, 85.0, 117.0, 147.0, 171.0]
scores: [0.8093427578282214, 0.8532352988738906, 0.8661676681611022, 0.8403028282988841, 0.9021594762037936, 0.8626020564341951]
