training_data_sizes: [0.1, 0.2, 0.3, 0.4, 0.5, 0.6]
times: [224.25, 441.01, 651.34, 873.92, 1084.34, 1304.01]
scores: [0.8293798683410321, 0.9093435524132133, 0.9439021939733487, 0.75681011298172, 0.7501683835746906, 0.9152030482290423]
