training_data_sizes: [0.1, 0.2, 0.3, 0.4, 0.5, 0.6, 0.7]
times: [143.33, 289.41, 433.8, 580.76, 722.16, 861.62, 1005.34]
scores: [0.8853433542158071, 0.7687534327352121, 0.8328810708336173, 0.9091455472644405, 0.9018281536284932, 0.9158166171450992, 0.9236417039573366]
