training_data_sizes: [0.1, 0.2, 0.3, 0.4, 0.5]
times: [58.0, 118.0, 173.0, 234.0, 293.0]
scores: [0.8089712294854192, 0.8437417216132075, 0.8305889407505334, 0.8581022766087834, 0.9047520527614372]
