training_data_sizes: [0.1, 0.2, 0.3, 0.4]
times: [307.39, 605.92, 903.02, 1204.79]
scores: [0.8514501489844865, 0.9922314461094235, 0.9046779516218695, 1.0]
