training_data_sizes: [0.1, 0.2, 0.3, 0.4]
times: [354.53, 702.25, 1054.98, 1408.04]
scores: [0.6803267702372597, 0.7892384763637802, 0.6218453205860631, 0.6984558572086285]
