training_data_sizes: [0.1, 0.2, 0.3, 0.4, 0.5, 0.6, 0.7, 0.8, 0.9, 1.0]
times: [8.49, 19.11, 32.92, 50.14, 71.96, 94.39, 122.77, 144.22, 179.45, 222.76]
scores: [0.9559174845041323, 0.9580317132023439, 0.9624774449735316, 0.960095874958194, 0.9631741505574702, 0.9634372166741092, 0.9655438164466619, 0.965494484729275, 0.9643006884189234, 0.9649401133633042]
