training_data_sizes: [0.1, 0.2, 0.3]
times: [235.61, 469.53, 702.91]
scores: [0.8611317089294495, 0.7908263775931359, 0.842445137845689]
