training_data_sizes: [0.1, 0.2, 0.3, 0.4, 0.5]
times: [55.0, 110.0, 170.0, 231.0, 295.0]
scores: [0.521820597683241, 0.5375587862873876, 0.49682463396209353, 0.5150441619453925, 0.4607798370248348]
