training_data_sizes: [0.1, 0.2, 0.3, 0.4, 0.5, 0.6, 0.7, 0.8]
times: [99.0, 194.0, 291.0, 391.0, 497.0, 592.0, 697.0, 798.0]
scores: [0.9603577515462789, 0.8657605555768066, 0.9974339393035236, 0.9995551534344277, 0.959594002919991, 1.0, 1.0, 1.0]
