training_data_sizes: [0.1, 0.2, 0.3, 0.4, 0.5, 0.6, 0.7, 0.8, 0.9, 1.0]
times: [101.68, 123.79, 173.07, 222.18, 281.83, 332.08, 379.42, 436.0, 520.75, 601.74]
scores: [1.0, 0.979014361049361, 0.825754656151037, 0.7192719883339751, 0.6785372862799383, 0.689869792528329, 0.660556970740835, 0.6214370004441578, 0.6379682182416077, 0.6212087758921611]
