training_data_sizes: [0.1, 0.2, 0.3, 0.4, 0.5, 0.6, 0.7]
times: [29.0, 55.0, 89.0, 110.0, 147.0, 174.0, 206.0]
scores: [0.5553497773355579, 0.7036585333810257, 0.6915534013572638, 0.7401828795713394, 0.7577460578293531, 0.9955170564340745, 1.0]
