training_data_sizes: [0.1, 0.2, 0.3, 0.4, 0.5, 0.6]
times: [74.0, 156.0, 238.0, 314.0, 399.0, 470.0]
scores: [0.7766681700410372, 0.6894049397143953, 0.8948301925370069, 0.7515650053173537, 0.8035545375342006, 0.9832005480189505]
