training_data_sizes: [0.1, 0.2, 0.3, 0.4, 0.5, 0.6, 0.7, 0.8, 0.9, 1.0]
times: [81.0, 170.0, 264.0, 356.0, 448.0, 534.0, 629.0, 715.0, 802.0, 899.0]
scores: [0.6076401732681982, 0.6267906227444555, 0.6198836168381829, 0.721953423057127, 0.8351144332338698, 0.8033155225180202, 0.8955506924673067, 0.9539626554822513, 0.9113192899479587, 0.9292042816534438]
