training_data_sizes: [0.1, 0.2, 0.3, 0.4, 0.5, 0.6, 0.7, 0.8, 0.9, 1.0]
times: [3.0, 13.0, 25.0, 38.0, 48.0, 52.0, 67.0, 71.0, 86.0, 93.0]
scores: [0.9716729862339928, 0.8717002512700136, 0.9311805427478892, 0.9541137666327875, 0.8633197147848999, 0.8567302349277098, 0.911460595689938, 0.8706846453245374, 0.898724675830656, 0.8854547868012573]
