training_data_sizes: [0.1, 0.2]
times: [23.0, 55.0]
scores: [0.8771976797620107, 0.8111388750651448]
