training_data_sizes: [0.1, 0.2, 0.3, 0.4, 0.5]
times: [73.0, 150.0, 230.0, 310.0, 398.0]
scores: [0.7113034332092376, 0.8788212164629914, 0.976435618901426, 0.9884673867999064, 1.0]
