training_data_sizes: [0.1, 0.2, 0.3, 0.4, 0.5, 0.6, 0.7]
times: [135.0, 273.0, 417.0, 552.0, 696.0, 832.0, 976.9999999999999]
scores: [0.829152517040999, 0.8211415726212044, 0.8786962939609652, 0.8368201145549342, 0.9013402304504459, 0.9939205382148051, 1.0]
