training_data_sizes: [0.1, 0.2, 0.3, 0.4, 0.5, 0.6]
times: [37.0, 77.0, 117.0, 151.0, 190.0, 238.0]
scores: [0.9628834276024065, 0.9426296288995994, 0.8602330128127631, 0.9257245862138772, 0.8125983538242569, 0.9603340375604323]
