training_data_sizes: [0.1, 0.2, 0.3, 0.4, 0.5, 0.6]
times: [174.14, 335.77, 505.86, 667.66, 840.79, 1008.13]
scores: [0.8211876497615389, 0.9045261419424637, 0.8827621625153734, 1.0, 1.0, 1.0]
