training_data_sizes: [0.1, 0.2, 0.3, 0.4, 0.5, 0.6, 0.7, 0.8, 0.9, 1.0]
times: [6.69, 14.7, 28.77, 45.38, 69.74, 90.12, 114.56, 157.78, 170.93, 213.5]
scores: [0.7688539708421203, 0.7764539639817298, 0.7781611057743312, 0.780007553493629, 0.7795691905686857, 0.7831472896263019, 0.7825826004714791, 0.7841697546507511, 0.7847379507071088, 0.7842171757231182]
