training_data_sizes: [0.1, 0.2, 0.3, 0.4, 0.5, 0.6]
times: [31.0, 78.0, 118.0, 157.0, 196.0, 232.0]
scores: [0.7715952884772102, 0.8341826037659583, 0.8556356790899556, 0.796164319028005, 0.8420021642148556, 0.8544270139809631]
