training_data_sizes: [0.1, 0.2, 0.3]
times: [300.1, 608.49, 907.51]
scores: [0.5928526480119324, 0.4802471099976642, 0.6474860605448367]
