training_data_sizes: [0.1, 0.2, 0.3, 0.4, 0.5, 0.6, 0.7, 0.8, 0.9, 1.0]
times: [102.24, 209.2, 303.01, 404.62, 505.23, 609.56, 700.82, 801.75, 907.9, 1002.3]
scores: [0.7832590409698488, 0.7212522225307801, 0.6870538119235297, 0.8884545306424723, 0.8342613935521328, 0.9656037175393656, 1.0, 1.0, 1.0, 1.0]
