training_data_sizes: [0.1, 0.2, 0.3, 0.4]
times: [153.15, 303.88, 456.92, 607.75]
scores: [0.5496089768196454, 0.5612229606187502, 0.5461217956003772, 0.591625029905687]
