training_data_sizes: [0.1, 0.2, 0.3, 0.4, 0.5, 0.6, 0.7]
times: [100.0, 219.0, 325.0, 432.0, 545.0, 654.0, 765.0]
scores: [0.8665594094043857, 0.880172790796161, 0.8442774620884553, 1.0, 1.0, 1.0, 0.975420867076192]
