training_data_sizes: [0.1, 0.2, 0.3, 0.4, 0.5, 0.6]
times: [82.0, 174.0, 262.0, 358.0, 442.0, 533.0]
scores: [0.689114320099939, 0.7400553272843475, 0.860210718165939, 0.9610982526955522, 0.8406327503412319, 1.0]
