training_data_sizes: [0.1, 0.2, 0.3, 0.4, 0.5, 0.6]
times: [19.0, 39.0, 54.0, 79.0, 91.0, 110.0]
scores: [0.8710209326438254, 0.7804939709031777, 0.8753424637403553, 0.8748644357144215, 1.0, 1.0]
