training_data_sizes: [0.1, 0.2, 0.3, 0.4]
times: [59.0, 112.0, 171.0, 233.0]
scores: [0.9678655587200027, 0.7935147601066621, 0.8193203145821544, 0.9824774708245476]
