training_data_sizes: [0.1, 0.2, 0.3, 0.4, 0.5, 0.6, 0.7, 0.8, 0.9, 1.0]
times: [29.0, 54.0, 88.0, 116.0, 140.0, 179.0, 204.0, 236.0, 262.0, 298.0]
scores: [0.6451688894055473, 0.6531133478687526, 0.6742763286347713, 0.7498197775050464, 0.6497807953548909, 0.8948724368838368, 0.7615602745761223, 0.9984423267678986, 1.0, 0.9382917813344429]
