training_data_sizes: [0.1, 0.2, 0.3]
times: [27.0, 57.0, 80.0]
scores: [0.8799306326457004, 0.8472154422355385, 0.9792772309870165]
