training_data_sizes: [0.1, 0.2, 0.3, 0.4, 0.5, 0.6, 0.7]
times: [17.0, 33.0, 52.0, 73.0, 96.0, 112.0, 139.0]
scores: [0.8758135492015942, 0.8187153301081919, 0.8632622150258266, 1.0, 1.0, 1.0, 1.0]
