training_data_sizes: [0.1, 0.2, 0.3, 0.4, 0.5, 0.6, 0.7, 0.8, 0.9, 1.0]
times: [73.85, 164.18, 247.57, 341.01, 416.43, 491.26, 568.77, 642.27, 722.63, 806.86]
scores: [0.6465368034753848, 0.5880845334021516, 0.5573265652287885, 0.5602538574506927, 0.5660905030867704, 0.5423265415457963, 0.545683649994146, 0.5515387859357853, 0.5412852685947414, 0.5403118500765854]
