training_data_sizes: [0.1, 0.2, 0.3, 0.4, 0.5, 0.6, 0.7]
times: [134.42, 263.82, 389.95, 515.27, 644.95, 778.28, 902.57]
scores: [0.8429899137526613, 0.8812107352326786, 0.9107883577990102, 0.773612761071751, 0.8221127251262608, 0.7628043596226823, 0.7343882738079376]
