training_data_sizes: [0.1, 0.2, 0.3, 0.4, 0.5, 0.6]
times: [48.0, 97.0, 146.0, 196.0, 249.0, 290.0]
scores: [0.8943044603281944, 0.9591189353725197, 0.8837977187689066, 0.9703654806270787, 0.9487588473004906, 1.0]
