training_data_sizes: [0.1, 0.2, 0.3, 0.4, 0.5, 0.6, 0.7]
times: [130.6, 260.42, 387.63, 522.43, 650.25, 780.21, 902.7]
scores: [0.6785069445737537, 0.7451510177859371, 0.5831099351123912, 0.7135099316081842, 0.6548011681479675, 0.5919763503073224, 0.6206900476808364]
