training_data_sizes: [0.1, 0.2, 0.3, 0.4, 0.5, 0.6, 0.7, 0.8, 0.9, 1.0]
times: [0.02, 0.02, 0.02, 0.03, 0.03, 0.03, 0.03, 0.03, 0.04, 0.04]
scores: [1.0, 0.9853569249542404, 0.866158609192665, 0.8234610917537746, 0.7686144225131912, 0.7473939611790079, 0.6963868663277923, 0.6941487166790459, 0.6944695055936485, 0.7308047446551602]
