training_data_sizes: [0.1, 0.2, 0.3, 0.4, 0.5, 0.6, 0.7, 0.8, 0.9, 1.0]
times: [0.17, 0.24, 0.3, 0.39, 0.45, 0.49, 0.55, 0.59, 0.65, 0.77]
scores: [0.4400990682863546, 0.43238360871816583, 0.412294213795358, 0.41092996501634427, 0.4141579747869233, 0.4160377272186695, 0.42342658962645885, 0.42508445079686474, 0.42453503900726997, 0.42901234567901225]
