training_data_sizes: [0.1, 0.2, 0.3, 0.4, 0.5, 0.6, 0.7, 0.8]
times: [150.64, 304.88, 451.19, 601.0, 754.8, 903.41, 1058.07, 1208.32]
scores: [0.9076286536453387, 0.9668561968575184, 1.0, 1.0, 1.0, 1.0, 1.0, 1.0]
