training_data_sizes: [0.1, 0.2, 0.3, 0.4, 0.5]
times: [47.0, 96.0, 147.0, 192.0, 246.0]
scores: [0.5934113313879528, 0.6296689253247825, 0.5305810351454425, 0.6878078385026661, 0.6210855970468903]
