training_data_sizes: [0.1, 0.2, 0.3, 0.4, 0.5, 0.6]
times: [113.0, 230.0, 355.0, 478.0, 594.0, 719.0]
scores: [0.8329525941487446, 0.9361958812023476, 0.8633570294901249, 1.0, 1.0, 1.0]
