training_data_sizes: [0.1, 0.2, 0.3, 0.4]
times: [57.0, 112.0, 175.0, 233.0]
scores: [0.8720211674463682, 0.8622651347188572, 0.9525679505883975, 1.0]
