training_data_sizes: [0.1, 0.2]
times: [89.0, 172.0]
scores: [0.6843628602339242, 0.7102738531982891]
