training_data_sizes: [0.1, 0.2, 0.3, 0.4]
times: [40.0, 94.0, 148.0, 194.0]
scores: [0.5760586990284917, 0.7048687282492134, 0.6256524792254883, 0.6827184618742366]
