training_data_sizes: [0.1, 0.2, 0.3, 0.4, 0.5]
times: [162.61, 320.88, 489.36, 643.71, 806.71]
scores: [0.9787594681437797, 0.9001762569003953, 0.9850882826397855, 0.9247603995607188, 1.0]
