training_data_sizes: [0.1, 0.2, 0.3, 0.4, 0.5, 0.6]
times: [14.0, 33.0, 55.0, 77.0, 94.0, 116.0]
scores: [0.757708160251834, 0.7684708073340387, 0.7173259321186312, 0.8991905425210084, 0.8591292778691768, 0.8934062042418275]
