training_data_sizes: [0.1, 0.2, 0.3]
times: [114.0, 236.0, 354.0]
scores: [0.5442249111697324, 0.6420571325640207, 0.5374544971406804]
