training_data_sizes: [0.1, 0.2, 0.3, 0.4, 0.5, 0.6, 0.7, 0.8, 0.9]
times: [95.0, 198.0, 295.0, 395.0, 496.0, 591.0, 694.0, 793.0, 897.0]
scores: [0.7581706079541177, 0.7815428109332039, 0.8884167051193365, 0.7393938458902558, 0.7829555957546137, 0.7069667023186559, 0.7871145585426335, 0.7436774656398327, 0.843954865103796]
