training_data_sizes: [0.1, 0.2, 0.3, 0.4, 0.5, 0.6, 0.7, 0.8, 0.9, 1.0]
times: [46.02, 109.02, 187.07, 266.64, 373.59, 520.47, 669.36, 782.18, 921.33, 960.82]
scores: [0.9999875813278769, 0.9999871978819146, 0.99994926370059, 0.999886171150749, 0.9999581180155078, 0.9998942369870758, 0.9999218658263966, 0.9999364126830489, 0.9999611830959486, 0.999958409978677]
