training_data_sizes: [0.1, 0.2, 0.3, 0.4, 0.5]
times: [242.03, 486.51, 721.95, 969.71, 1204.96]
scores: [0.8468360430261979, 1.0, 0.9159216692012664, 1.0, 1.0]
