training_data_sizes: [0.1, 0.2, 0.3]
times: [87.0, 179.0, 269.0]
scores: [0.7673933318019925, 0.7740973657228498, 0.8606950914148699]
