training_data_sizes: [0.1, 0.2]
times: [247.68, 643.48]
scores: [0.2367332933872468, 0.24179915408764618]
