training_data_sizes: [0.1, 0.2, 0.3, 0.4, 0.5, 0.6, 0.7, 0.8, 0.9, 1.0]
times: [144.94, 282.81, 422.0, 563.35, 700.66, 847.36, 986.03, 1123.79, 1266.31, 1407.41]
scores: [0.9017836371058071, 0.8359552683504884, 0.9147109693183235, 0.8857782563653585, 1.0, 0.8896970739409147, 0.9869335290275023, 1.0, 1.0, 1.0]
