training_data_sizes: [0.1, 0.2, 0.3, 0.4, 0.5, 0.6, 0.7, 0.8, 0.9, 1.0]
times: [80.6, 158.9, 238.34, 308.13, 349.18, 397.69, 450.83, 515.96, 564.3, 621.95]
scores: [0.47735473438000375, 0.3451022334809412, 0.3129705352145374, 0.3026992802255987, 0.28889145574859504, 0.28364190700235714, 0.28207042798211174, 0.27912502153732155, 0.2814520236121607, 0.27723628007363993]
