training_data_sizes: [0.1, 0.2, 0.3, 0.4, 0.5, 0.6]
times: [172.19, 335.86, 507.82, 672.38, 836.27, 1009.8]
scores: [0.754757216533686, 0.756610028476032, 0.7548413042518844, 0.7971011030475506, 0.8516765264535417, 0.9855880563481056]
