training_data_sizes: [0.1, 0.2, 0.3, 0.4, 0.5]
times: [131.0, 277.0, 411.0, 551.0, 694.0]
scores: [0.7409754380425457, 0.8990245131311565, 0.8626020782381583, 0.9005825750432395, 0.7270336496677694]
