training_data_sizes: [0.1, 0.2, 0.3, 0.4, 0.5, 0.6, 0.7]
times: [79.0, 155.0, 232.0, 311.0, 391.0, 476.0, 557.0]
scores: [0.7763414891769659, 0.8415871494242514, 0.8558911264603664, 1.0, 0.9899999883758949, 0.956697301459624, 1.0]
