training_data_sizes: [0.1, 0.2]
times: [451.9, 903.47]
scores: [0.8498338410112284, 0.7723862389026415]
