training_data_sizes: [0.1, 0.2, 0.3, 0.4, 0.5, 0.6, 0.7, 0.8, 0.9]
times: [18.0, 33.0, 51.0, 72.0, 99.0, 113.0, 135.0, 157.0, 170.0]
scores: [0.8233100700882265, 0.8111370257080994, 0.840799514122696, 0.9260534296481084, 0.8149604131983944, 0.9105668855923869, 0.8107605171133703, 0.8611664311508258, 0.8009393174375083]
