training_data_sizes: [0.1, 0.2]
times: [107.0, 210.0]
scores: [0.9058913207647623, 0.8724990081411386]
