training_data_sizes: [0.1, 0.2, 0.3, 0.4, 0.5, 0.6]
times: [189.52, 375.86, 552.27, 739.38, 923.34, 1102.78]
scores: [0.9054661249454115, 0.9781212127130872, 0.9232854013425591, 1.0, 1.0, 1.0]
