training_data_sizes: [0.1, 0.2, 0.3, 0.4, 0.5, 0.6, 0.7]
times: [91.83, 172.71, 261.33, 348.07, 430.37, 523.31, 609.24]
scores: [0.9490017030787242, 0.9381604616931805, 0.8864429623635505, 0.8604786081758395, 0.9501468582028424, 0.9634880733025357, 0.9169378624137376]
