training_data_sizes: [0.1, 0.2]
times: [650.63, 1305.41]
scores: [0.7784013025998449, 0.8144846574917296]
