training_data_sizes: [0.1, 0.2, 0.3, 0.4, 0.5, 0.6, 0.7, 0.8, 0.9]
times: [113.0, 235.0, 357.0, 475.0, 590.0, 717.0, 839.0, 954.0, 1073.0]
scores: [0.5651879010517368, 0.5410906389982695, 0.602155620515856, 0.5130667508731587, 0.4550457261869612, 0.5565619514804702, 0.6202348075935475, 0.6171994759408123, 0.5263742241362658]
