training_data_sizes: [0.1, 0.2, 0.3, 0.4, 0.5, 0.6, 0.7]
times: [122.41, 229.98, 344.42, 461.84, 572.56, 695.09, 806.57]
scores: [0.7905840603609757, 0.7536806343792436, 0.7479749268238656, 0.8431201485742783, 0.8799999269962231, 0.8682750561633383, 0.7778613180196225]
