training_data_sizes: [0.1, 0.2, 0.3, 0.4, 0.5]
times: [50.0, 117.0, 173.0, 231.0, 298.0]
scores: [0.8351284592556573, 0.8463633849116778, 0.9053623859481414, 0.9501279375472631, 0.8975346456965828]
