training_data_sizes: [0.1, 0.2, 0.3]
times: [273.45, 543.01, 807.2]
scores: [0.853498300387668, 0.9342850685324828, 0.9360364412198047]
