training_data_sizes: [0.1, 0.2, 0.3, 0.4, 0.5, 0.6, 0.7, 0.8, 0.9, 1.0]
times: [29.0, 53.0, 85.0, 110.0, 144.0, 170.0, 207.0, 235.0, 262.0, 293.0]
scores: [0.940408918421626, 0.8690805424107513, 0.9664246145980567, 0.968764159941778, 0.934131851554681, 0.928154238008633, 0.8593795792483278, 1.0, 1.0, 0.9113142387054458]
