training_data_sizes: [0.1, 0.2, 0.3, 0.4, 0.5, 0.6, 0.7, 0.8, 0.9, 1.0]
times: [132.58, 263.34, 396.16, 520.52, 657.43, 782.52, 914.81, 1043.26, 1176.65, 1300.47]
scores: [0.989937162513749, 1.0, 1.0, 1.0, 1.0, 0.980162979752166, 1.0, 1.0, 1.0, 1.0]
