training_data_sizes: [0.1, 0.2, 0.3, 0.4, 0.5, 0.6, 0.7, 0.8]
times: [151.32, 306.91, 452.73, 607.76, 759.81, 903.75, 1054.75, 1201.66]
scores: [0.8772853426103442, 0.9856372590193294, 0.8958071786039665, 0.9660606307079114, 0.8885435910185762, 0.9901430458726641, 0.9727863169411741, 0.9946088434560667]
