training_data_sizes: [0.1, 0.2, 0.3]
times: [296.93, 547.99, 895.16]
scores: [1.0, 0.9999879793244381, 0.9999470294947883]
