training_data_sizes: [0.1, 0.2, 0.3]
times: [473.78, 935.38, 1408.37]
scores: [0.5681145139157802, 0.7953974781565636, 0.7403995798480951]
