training_data_sizes: [0.1, 0.2, 0.3, 0.4, 0.5, 0.6, 0.7, 0.8, 0.9, 1.0]
times: [63.04, 129.53, 181.35, 248.51, 300.65, 366.86, 427.86, 487.34, 548.84, 606.45]
scores: [0.8638328911278552, 0.8699402596000325, 0.8024554135584532, 0.9079285975827236, 0.8647504401863504, 0.9413763346057065, 0.748341186683247, 0.8678434445334307, 0.7631434735240947, 0.7723155016560521]
