training_data_sizes: [0.1, 0.2, 0.3]
times: [435.88, 875.17, 1300.4]
scores: [0.7280085610784863, 0.712200410268544, 0.7477272713109632]
