training_data_sizes: [0.1, 0.2, 0.3, 0.4, 0.5, 0.6, 0.7, 0.8]
times: [92.53, 175.67, 263.91, 359.46, 442.03, 531.32, 619.94, 706.1]
scores: [0.5519714380858224, 0.6746281369959466, 0.6311326214105049, 0.6181236000497191, 0.5998285716623589, 0.456447590273278, 0.5928410526413112, 0.5566330847328949]
