training_data_sizes: [0.1, 0.2, 0.3, 0.4, 0.5, 0.6]
times: [74.0, 150.0, 231.0, 312.0, 394.0, 475.0]
scores: [0.8217247611836844, 0.9590392639235594, 0.8403992151411057, 0.864490793835922, 0.7899739095334528, 0.9044130629481231]
