training_data_sizes: [0.1, 0.2, 0.3, 0.4, 0.5, 0.6]
times: [176.0, 343.32, 506.58, 667.23, 836.62, 1004.28]
scores: [0.7086796413952664, 0.5554789491861969, 0.6319270847656484, 0.5793971993452479, 0.614576773787831, 0.5174674047358311]
