training_data_sizes: [0.1, 0.2, 0.3, 0.4, 0.5, 0.6, 0.7, 0.8]
times: [89.21, 178.68, 268.89, 358.98, 442.11, 529.66, 616.9, 707.63]
scores: [0.782947252006235, 0.8889024582643529, 0.7783367251579311, 0.739693339476424, 0.7952327999625035, 0.8434687089796513, 0.8645020580750264, 0.8457188311210404]
