training_data_sizes: [0.1, 0.2, 0.3, 0.4]
times: [332.63, 652.3, 977.97, 1304.23]
scores: [0.9991449579054843, 1.0, 0.9335238425234229, 0.939507053417965]
