training_data_sizes: [0.1, 0.2, 0.3, 0.4, 0.5, 0.6, 0.7, 0.8]
times: [87.0, 174.0, 262.0, 356.0, 442.0, 538.0, 625.0, 717.0]
scores: [1.0, 0.8900908097628268, 0.998800261586231, 1.0, 1.0, 1.0, 1.0, 1.0]
