training_data_sizes: [0.1, 0.2, 0.3, 0.4, 0.5, 0.6, 0.7]
times: [135.01, 259.83, 391.77, 521.54, 643.48, 775.66, 900.3]
scores: [0.743057624177222, 0.6710216583367885, 0.7796565015907184, 0.6966821447831643, 0.6022330842501058, 0.7744076398429007, 0.7146152589872898]
