training_data_sizes: [0.1, 0.2, 0.3]
times: [271.62, 542.29, 801.65]
scores: [0.5796202504006361, 0.7037041182604211, 0.7140512562967833]
