training_data_sizes: [0.1, 0.2, 0.3]
times: [338.36, 670.7, 1002.09]
scores: [0.8104295701704696, 0.6632714202779735, 0.7152668258880557]
