training_data_sizes: [0.1, 0.2, 0.3, 0.4, 0.5, 0.6]
times: [62.0, 134.0, 205.0, 270.0, 342.0, 415.0]
scores: [0.7420991798347427, 0.8299772162555261, 0.9164836672583431, 0.8670856406939365, 1.0, 1.0]
