training_data_sizes: [0.1, 0.2]
times: [384.79, 1051.22]
scores: [0.9713911116223766, 0.9258265263590715]
