training_data_sizes: [0.1, 0.2, 0.3]
times: [367.75, 735.85, 1107.1]
scores: [0.9985537198995379, 0.924269218244832, 1.0]
