training_data_sizes: [0.1, 0.2, 0.3, 0.4, 0.5, 0.6, 0.7, 0.8, 0.9]
times: [126.34, 254.03, 373.2, 497.29, 611.52, 742.31, 856.42, 984.55, 1104.54]
scores: [0.8345982898235889, 0.9038692094547727, 0.8341166005670362, 0.8916429926528304, 1.0, 0.9801617788526498, 0.9877108369204687, 0.8649867094508629, 0.8617540382087274]
