training_data_sizes: [0.1, 0.2, 0.3, 0.4, 0.5, 0.6, 0.7, 0.8, 0.9, 1.0]
times: [52.0, 112.0, 174.0, 234.0, 292.0, 350.0, 417.0, 471.0, 530.0, 598.0]
scores: [0.5288360882406994, 0.7305648300343657, 0.6614187550114261, 0.7344794957817774, 0.8686996217741872, 0.846448520187034, 1.0, 0.9428121467065098, 1.0, 1.0]
