training_data_sizes: [0.1, 0.2, 0.3, 0.4, 0.5, 0.6, 0.7]
times: [74.0, 150.0, 239.0, 315.0, 396.0, 473.0, 554.0]
scores: [0.7696059323778787, 0.8455071924714264, 0.7773423649070366, 0.9734512307193819, 0.9900644626152431, 1.0, 1.0]
