training_data_sizes: [0.1, 0.2, 0.3, 0.4, 0.5, 0.6, 0.7, 0.8]
times: [133.89, 250.19, 376.04, 502.34, 625.59, 750.99, 884.79, 1002.78]
scores: [0.9202422159496086, 0.8574028952849002, 0.8816386416358414, 0.9801097857088938, 0.978007639098291, 0.9913244215042996, 1.0, 1.0]
