training_data_sizes: [0.1, 0.2, 0.3, 0.4, 0.5, 0.6, 0.7]
times: [15.0, 35.0, 56.0, 78.0, 92.0, 116.0, 137.0]
scores: [0.8803150201390156, 0.8576259033180644, 0.9522992137292765, 0.9579293804736432, 1.0, 0.9712679512914904, 0.9526377584396435]
