training_data_sizes: [0.1, 0.2, 0.3, 0.4, 0.5]
times: [118.0, 231.0, 350.0, 470.0, 595.0]
scores: [0.8688567519638075, 0.8157333106423438, 0.9665131100017006, 0.9657173788041402, 0.8610015633944514]
