training_data_sizes: [0.1, 0.2, 0.3, 0.4, 0.5, 0.6, 0.7, 0.8]
times: [41.0, 96.0, 147.0, 190.0, 241.0, 293.0, 349.0, 398.0]
scores: [0.9112582012291831, 0.9766177954663231, 0.9500116428713195, 1.0, 1.0, 1.0, 1.0, 1.0]
