training_data_sizes: [0.1, 0.2, 0.3]
times: [37.0, 73.0, 112.0]
scores: [0.8222456528426386, 0.9392924377334277, 0.8668724665725818]
