training_data_sizes: [0.1, 0.2, 0.3, 0.4, 0.5, 0.6, 0.7, 0.8]
times: [170.33, 329.63, 487.8, 655.78, 816.3, 978.92, 1146.15, 1307.43]
scores: [0.7956702927651176, 0.9779511182102381, 1.0, 0.9371502506152224, 1.0, 1.0, 1.0, 1.0]
