training_data_sizes: [0.1, 0.2, 0.3, 0.4, 0.5, 0.6]
times: [120.0, 254.0, 386.0, 515.0, 649.0, 770.0]
scores: [0.6188785899246776, 0.6221219056529983, 0.6250417710769001, 0.5520511818615438, 0.5491940943107305, 0.547978021862362]
