training_data_sizes: [0.1, 0.2]
times: [114.0, 235.0]
scores: [0.8866030568639789, 0.9101714800929078]
