training_data_sizes: [0.1, 0.2, 0.3, 0.4, 0.5, 0.6, 0.7, 0.8]
times: [184.28, 355.51, 527.87, 708.51, 880.63, 1055.08, 1229.89, 1401.15]
scores: [0.8439386526994175, 0.7733329019823612, 0.8306126451623559, 0.7405794322519064, 0.7598878164264904, 0.8481922148044743, 0.8169400009763166, 0.8110843308052224]
