training_data_sizes: [0.1, 0.2, 0.3, 0.4]
times: [252.23, 504.35, 755.27, 1007.83]
scores: [0.68284981564916, 0.8024858944546127, 0.8237304425221585, 0.7984724982923134]
