training_data_sizes: [0.1, 0.2, 0.3, 0.4, 0.5, 0.6]
times: [134.0, 271.0, 413.0, 557.0, 694.0, 832.0]
scores: [0.7425596868086859, 0.8155834868566665, 0.7951540798198935, 0.7707291371704255, 0.9316680213594298, 0.9472668083883924]
