training_data_sizes: [0.1, 0.2, 0.3, 0.4, 0.5, 0.6, 0.7, 0.8, 0.9]
times: [93.0, 195.0, 294.0, 397.0, 492.0, 593.0, 698.0, 790.0, 890.0]
scores: [0.616427558266, 0.8404585810957319, 0.7500362108207342, 0.9718497904893569, 0.8762294106470805, 1.0, 1.0, 1.0, 1.0]
