training_data_sizes: [0.1, 0.2, 0.3, 0.4, 0.5, 0.6]
times: [133.44, 273.04, 409.91, 538.46, 670.35, 805.69]
scores: [0.8715508322603062, 0.8114925516826006, 0.8236064535197152, 0.998497358905982, 1.0, 0.93445299823302]
