training_data_sizes: [0.1, 0.2]
times: [555.12, 1106.55]
scores: [0.7599471662979915, 0.8018782064398755]
