training_data_sizes: [0.1, 0.2, 0.3, 0.4, 0.5, 0.6, 0.7, 0.8, 0.9]
times: [96.0, 196.0, 290.0, 392.0, 497.0, 599.0, 694.0, 795.0, 893.0]
scores: [0.7925476501694344, 0.9762140594926634, 0.9219829807260551, 0.9921330293079649, 0.971563638632325, 0.995259372100936, 0.9663674798793169, 1.0, 1.0]
