training_data_sizes: [0.1, 0.2, 0.3, 0.4, 0.5, 0.6, 0.7, 0.8, 0.9, 1.0]
times: [18.89, 38.92, 59.24, 79.53, 100.41, 127.96, 138.48, 160.64, 180.12, 198.13]
scores: [0.04049020777410385, 0.05344713435419428, 0.06027475436863874, 0.06906716740622655, 0.07487057368920944, 0.07985415884853833, 0.08498283166184588, 0.08980635848373271, 0.09380298785037668, 0.09617282579420891]
