training_data_sizes: [0.1, 0.2, 0.3, 0.4, 0.5, 0.6, 0.7, 0.8]
times: [183.29, 356.16, 534.2, 704.75, 884.91, 1053.79, 1227.54, 1406.34]
scores: [0.8751897437928832, 0.8156191796627807, 0.9141689356358897, 0.8556724604066875, 0.9618883235684326, 0.9413476632922066, 1.0, 1.0]
