training_data_sizes: [0.1, 0.2, 0.3, 0.4, 0.5]
times: [55.0, 118.0, 172.0, 232.0, 292.0]
scores: [0.5407584091012202, 0.5487654028138244, 0.508360450016867, 0.6160171709837227, 0.45527479729107445]
