training_data_sizes: [0.1, 0.2, 0.3]
times: [21.0, 55.0, 88.0]
scores: [0.7521862139195801, 0.9006651176383511, 0.8989125512749172]
