training_data_sizes: [0.1, 0.2, 0.3, 0.4, 0.5, 0.6, 0.7, 0.8, 0.9]
times: [22.0, 51.0, 81.0, 110.0, 146.0, 170.0, 201.0, 236.0, 264.0]
scores: [0.8270859760011218, 0.914203561926296, 0.8402861578607095, 0.7599248057797219, 0.9069311434945466, 0.8530515324833261, 0.9555191061279698, 0.8157594589741463, 0.8020835551284928]
