training_data_sizes: [0.1, 0.2, 0.3, 0.4]
times: [10.0, 31.0, 53.0, 70.0]
scores: [0.993257232236358, 0.8750288840794913, 1.0, 1.0]
