training_data_sizes: [0.1, 0.2, 0.3, 0.4, 0.5, 0.6, 0.7, 0.8, 0.9, 1.0]
times: [3.22, 7.11, 13.9, 22.52, 30.89, 44.34, 56.87, 75.92, 91.19, 111.99]
scores: [0.4175805577372661, 0.38498578987085263, 0.46361902790653053, 0.5272254949997646, 0.5610244208471407, 0.5780944216696666, 0.5947356774483515, 0.611447542178314, 0.6283912988782943, 0.6381151333235031]
