training_data_sizes: [0.1, 0.2, 0.3, 0.4, 0.5, 0.6]
times: [59.0, 116.0, 173.0, 233.0, 298.0, 358.0]
scores: [0.9635891317322025, 1.0, 0.9159395972059393, 1.0, 1.0, 1.0]
