training_data_sizes: [0.1, 0.2]
times: [27.0, 55.0]
scores: [0.761483739428524, 0.8496539965200451]
