training_data_sizes: [0.1, 0.2, 0.3, 0.4, 0.5]
times: [99.0, 197.0, 294.0, 399.0, 493.0]
scores: [0.7922045197767688, 0.8615422277271909, 0.802312733057325, 0.8014918029868514, 0.8936148801363837]
