training_data_sizes: [0.1, 0.2, 0.3]
times: [245.26, 785.16, 1145.78]
scores: [0.9990584261694005, 0.9989529592015362, 0.994851638064057]
