training_data_sizes: [0.1, 0.2, 0.3, 0.4, 0.5, 0.6, 0.7, 0.8]
times: [71.0, 156.0, 233.0, 313.0, 394.0, 478.0, 550.0, 635.0]
scores: [0.8572956925378079, 0.9344779731951635, 0.97692779817112, 0.9425636462106981, 1.0, 1.0, 1.0, 1.0]
