training_data_sizes: [0.1, 0.2, 0.3]
times: [303.87, 600.82, 906.7]
scores: [0.8733033790570526, 0.8497284192155459, 0.9673925115282015]
