training_data_sizes: [0.1, 0.2]
times: [54.0, 113.0]
scores: [0.83618419883678, 0.8508135069055272]
