training_data_sizes: [0.1, 0.2, 0.3, 0.4, 0.5, 0.6, 0.7, 0.8, 0.9, 1.0]
times: [77.48, 145.01, 216.05, 287.47, 353.93, 428.9, 499.82, 563.5, 634.17, 708.83]
scores: [0.7853062896138273, 0.9025526440674558, 0.9751746442103443, 0.9459701220039705, 0.8879064044018017, 0.9675030175228121, 1.0, 1.0, 1.0, 1.0]
