training_data_sizes: [0.1, 0.2, 0.3, 0.4, 0.5, 0.6, 0.7, 0.8]
times: [94.17, 183.19, 268.14, 355.58, 443.47, 526.02, 613.36, 707.34]
scores: [0.9458339595487133, 0.9304541642385673, 0.782216068040865, 0.812947849061274, 0.9021541989804325, 0.8140555959248696, 0.804532949246582, 0.796943860929623]
