training_data_sizes: [0.1, 0.2, 0.3, 0.4, 0.5, 0.6, 0.7, 0.8, 0.9, 1.0]
times: [52.0, 113.0, 172.0, 239.0, 295.0, 358.0, 419.0, 476.0, 539.0, 591.0]
scores: [0.8420226400762941, 0.9688386408476027, 0.9603866446480109, 1.0, 1.0, 1.0, 1.0, 1.0, 1.0, 1.0]
