training_data_sizes: [0.1, 0.2, 0.3, 0.4, 0.5, 0.6]
times: [189.62, 368.6, 555.27, 741.07, 919.32, 1101.06]
scores: [0.8989328205497811, 0.989448187149852, 1.0, 1.0, 1.0, 1.0]
