training_data_sizes: [0.1, 0.2, 0.3, 0.4, 0.5, 0.6]
times: [135.47, 267.68, 403.4, 535.71, 666.84, 802.28]
scores: [0.7938466384377671, 0.8895591499052959, 0.8554343714593886, 0.8939695197733981, 0.9114734940164755, 0.8629922999606798]
