training_data_sizes: [0.1, 0.2, 0.3, 0.4, 0.5, 0.6, 0.7]
times: [45.0, 94.0, 140.0, 194.0, 242.0, 293.0, 340.0]
scores: [0.6282120197820455, 0.7033807700748561, 0.7772667386039837, 0.8683760206719041, 0.9726084587590789, 1.0, 0.9703507293639384]
