training_data_sizes: [0.1, 0.2, 0.3, 0.4, 0.5, 0.6, 0.7, 0.8, 0.9, 1.0]
times: [131.0, 273.0, 417.0, 551.0, 695.0, 832.0, 971.9999999999999, 1112.0, 1258.0, 1394.0]
scores: [0.7053082952348184, 0.799027921686485, 0.9309959425197218, 0.981957636950415, 0.9581432029854404, 0.911558230131795, 1.0, 1.0, 1.0, 1.0]
