training_data_sizes: [0.1, 0.2, 0.3, 0.4, 0.5, 0.6, 0.7, 0.8, 0.9, 1.0]
times: [103.02, 200.32, 300.79, 402.3, 501.81, 609.01, 701.74, 808.26, 902.84, 1000.58]
scores: [0.7501296029243936, 0.8168976815467723, 0.8563246664059155, 1.0, 0.961733929374982, 1.0, 1.0, 1.0, 1.0, 1.0]
