training_data_sizes: [0.1, 0.2, 0.3]
times: [440.06, 871.6, 1305.52]
scores: [0.8367549799305256, 0.7972564565435599, 0.9156325584485345]
