training_data_sizes: [0.1, 0.2, 0.3, 0.4]
times: [200.11, 403.77, 606.81, 802.83]
scores: [0.9183965686494254, 0.9255464658704675, 0.9955834298954092, 1.0]
