training_data_sizes: [0.1, 0.2]
times: [306.95, 867.48]
scores: [0.041626550353477676, 0.05311677673790973]
