training_data_sizes: [0.1, 0.2, 0.3, 0.4, 0.5]
times: [77.0, 156.0, 233.0, 319.0, 391.0]
scores: [0.7566826655327604, 0.6564623572025737, 0.804904029073088, 0.7486019090705256, 0.8734395954279043]
