training_data_sizes: [0.1, 0.2, 0.3, 0.4, 0.5, 0.6, 0.7, 0.8]
times: [104.98, 205.83, 301.57, 404.12, 502.65, 602.68, 703.29, 803.07]
scores: [0.48050605272571767, 0.5107158002947518, 0.5386198230617876, 0.6751814385561047, 0.6157126509386073, 0.8307550757927189, 0.8222212702270466, 0.8213302321309641]
