training_data_sizes: [0.1, 0.2, 0.3, 0.4, 0.5, 0.6, 0.7, 0.8, 0.9]
times: [91.3, 181.5, 269.04, 363.88, 447.93, 536.43, 631.36, 719.77, 808.57]
scores: [0.8648553276055017, 0.924689716864139, 0.889739976636562, 1.0, 0.9260445452842228, 1.0, 0.9268580915791326, 0.9813414145308323, 0.9936942326793564]
