training_data_sizes: [0.1, 0.2, 0.3]
times: [372.75, 739.9, 1105.36]
scores: [0.940100930481035, 0.9396638403451221, 1.0]
