training_data_sizes: [0.1, 0.2, 0.3, 0.4, 0.5, 0.6, 0.7, 0.8, 0.9, 1.0]
times: [0.21, 0.31, 0.42, 0.51, 0.6, 0.7, 0.86, 0.95, 1.14, 1.26]
scores: [0.7335511082058657, 0.7406352825198466, 0.7427600178291027, 0.7390823438956402, 0.7399530052021985, 0.7416021656162604, 0.7411277389981701, 0.7431885766995603, 0.74236523882295, 0.7418668139508857]
