training_data_sizes: [0.1, 0.2, 0.3, 0.4, 0.5]
times: [222.63, 442.68, 663.32, 882.15, 1106.6]
scores: [0.8873357260897257, 0.8082387916999417, 0.8859891142697522, 0.9637260050891764, 0.927537647144256]
