training_data_sizes: [0.1, 0.2]
times: [400.57, 800.36]
scores: [0.9226126334112832, 0.9128082288678132]
