training_data_sizes: [0.1, 0.2, 0.3, 0.4, 0.5, 0.6, 0.7, 0.8, 0.9, 1.0]
times: [165.76, 242.51, 373.72, 462.77, 536.17, 608.68, 687.22, 757.51, 833.1, 920.73]
scores: [0.6195958319939007, 0.4193937933396172, 0.3587785302941192, 0.3387757217088139, 0.3240064909990365, 0.31776457418762094, 0.30786272566137146, 0.3055906178262832, 0.30407302748059556, 0.30093519700171706]
