training_data_sizes: [0.1, 0.2, 0.3]
times: [473.39, 938.17, 1406.09]
scores: [0.8403954341286959, 0.9123273450284932, 0.958065407673484]
