training_data_sizes: [0.1, 0.2, 0.3, 0.4, 0.5, 0.6, 0.7]
times: [91.69, 179.05, 257.93, 350.61, 434.83, 515.86, 602.96]
scores: [0.8117767603215015, 0.8035338841749093, 1.0, 0.9763395475756946, 0.9626575073488539, 1.0, 1.0]
