training_data_sizes: [0.1, 0.2, 0.3, 0.4, 0.5, 0.6, 0.7, 0.8, 0.9, 1.0]
times: [36.62, 88.89, 138.43, 233.77, 394.94, 387.24, 470.5, 524.2, 664.57, 660.97]
scores: [0.9965005846590509, 0.9950512956370302, 0.9946556755750525, 0.9946593928175477, 0.9940805637741418, 0.9942285281149758, 0.9962333845346347, 0.9940394464028489, 0.9944741345688141, 0.9932255992323996]
