training_data_sizes: [0.1, 0.2]
times: [99.0, 199.0]
scores: [0.7398840169345862, 0.7333342377699735]
