training_data_sizes: [0.1, 0.2, 0.3, 0.4, 0.5, 0.6, 0.7, 0.8]
times: [157.85, 302.43, 451.82, 603.46, 758.08, 904.44, 1050.5, 1207.56]
scores: [0.8837145636250987, 0.7679806922854968, 0.8394274971902783, 0.9734859382041383, 0.8360791525382555, 1.0, 0.9316420865068362, 1.0]
