training_data_sizes: [0.1, 0.2, 0.3, 0.4, 0.5, 0.6, 0.7, 0.8, 0.9, 1.0]
times: [71.2, 141.8, 218.82, 282.4, 354.66, 427.66, 494.36, 561.45, 639.08, 701.02]
scores: [0.8254165336792275, 0.8646592692793429, 0.9451546504493081, 1.0, 1.0, 1.0, 1.0, 1.0, 1.0, 1.0]
