training_data_sizes: [0.1, 0.2, 0.3, 0.4, 0.5, 0.6, 0.7]
times: [87.0, 172.0, 266.0, 359.0, 441.0, 538.0, 621.0]
scores: [0.6699761641117912, 0.5997584393442721, 0.6115168721317792, 0.6172357110012388, 0.7034728886288442, 0.8488751979733808, 0.9224450217187262]
