training_data_sizes: [0.1, 0.2, 0.3, 0.4, 0.5, 0.6, 0.7, 0.8]
times: [73.0, 158.0, 234.0, 312.0, 398.0, 478.0, 550.0, 637.0]
scores: [0.9329763744807033, 0.9916337337552426, 0.8724915351406486, 1.0, 1.0, 0.9581734256590612, 1.0, 1.0]
