training_data_sizes: [0.1, 0.2, 0.3, 0.4, 0.5, 0.6, 0.7, 0.8]
times: [121.22, 228.14, 345.5, 458.66, 565.67, 681.66, 787.88, 902.55]
scores: [0.8946841552157132, 0.8986126903527889, 1.0, 1.0, 1.0, 1.0, 1.0, 1.0]
