training_data_sizes: [0.1, 0.2, 0.3, 0.4, 0.5, 0.6]
times: [186.41, 371.03, 551.49, 736.46, 925.07, 1108.24]
scores: [0.9209507007224669, 0.7389390117647956, 0.9236615907684654, 0.7932215352416928, 0.7955470349362781, 0.8536064868730132]
