training_data_sizes: [0.1, 0.2, 0.3, 0.4, 0.5, 0.6, 0.7]
times: [33.0, 73.0, 112.0, 150.0, 196.0, 231.0, 270.0]
scores: [0.920633051007713, 0.8987659796683571, 1.0, 1.0, 1.0, 1.0, 1.0]
