training_data_sizes: [0.1, 0.2, 0.3, 0.4, 0.5, 0.6, 0.7, 0.8, 0.9]
times: [21.0, 56.0, 85.0, 119.0, 147.0, 173.0, 206.0, 239.0, 269.0]
scores: [0.8169729233330703, 0.8934064164767066, 0.7496961569737455, 0.8610525947125397, 0.8252177625022867, 0.8959749184782289, 0.7728453452330858, 0.7988822374479079, 0.9158493964559555]
