training_data_sizes: [0.1, 0.2, 0.3, 0.4, 0.5, 0.6, 0.7, 0.8, 0.9]
times: [15.0, 33.0, 52.0, 76.0, 95.0, 116.0, 135.0, 154.0, 175.0]
scores: [0.6897361600251558, 0.7801325761654649, 0.7761149781497345, 0.9016055598395023, 0.8955848729274091, 0.941022382300974, 0.9678997409105019, 0.9734577136810336, 1.0]
