training_data_sizes: [0.1, 0.2, 0.3, 0.4, 0.5, 0.6, 0.7, 0.8, 0.9, 1.0]
times: [33.0, 76.0, 110.0, 150.0, 199.0, 232.0, 274.0, 319.0, 352.0, 391.0]
scores: [0.9117520298209907, 0.8659562079028091, 0.9446353989401897, 0.9678691101105538, 0.929648317554493, 0.9455077719708692, 1.0, 1.0, 0.9847026528182758, 0.9676352563621073]
