training_data_sizes: [0.1, 0.2, 0.3, 0.4, 0.5, 0.6, 0.7, 0.8, 0.9, 1.0]
times: [102.0, 210.0, 321.0, 430.0, 544.0, 653.0, 762.0, 879.0, 988.0, 1096.0]
scores: [1.0, 0.9764633261181899, 1.0, 1.0, 0.9683919574641711, 1.0, 1.0, 1.0, 1.0, 1.0]
