training_data_sizes: [0.1, 0.2, 0.3, 0.4, 0.5, 0.6, 0.7, 0.8, 0.9, 1.0]
times: [135.7, 262.12, 395.53, 522.69, 653.09, 787.95, 917.91, 1047.3, 1173.79, 1308.41]
scores: [0.6254930992566196, 0.5833569215444621, 0.46010671414224613, 0.5687159357343564, 0.46332438395546865, 0.6100109659416189, 0.48748709014288727, 0.4270463087697343, 0.47387216660815656, 0.5257969038791198]
