training_data_sizes: [0.1, 0.2, 0.3, 0.4]
times: [53.0, 117.0, 178.0, 232.0]
scores: [0.5606158121541656, 0.6157149530194854, 0.710760563882715, 0.728546582552547]
