training_data_sizes: [0.1, 0.2, 0.3, 0.4, 0.5]
times: [162.26, 329.6, 487.39, 645.75, 805.22]
scores: [0.7085773825748216, 0.7237736505642254, 0.8272487585511219, 0.746252891865266, 0.82844092794081]
