training_data_sizes: [0.1, 0.2, 0.3, 0.4]
times: [17.0, 30.0, 54.0, 76.0]
scores: [0.8946879410183054, 0.9612480746880719, 1.0, 0.9082014253184962]
