training_data_sizes: [0.1, 0.2, 0.3, 0.4, 0.5]
times: [128.0, 255.0, 386.0, 510.0, 644.0]
scores: [0.8831781050787435, 0.8930993049321192, 0.8129765087875536, 0.9645702242214647, 0.8102689737223774]
