training_data_sizes: [0.1, 0.2, 0.3, 0.4, 0.5, 0.6, 0.7, 0.8, 0.9]
times: [115.0, 231.0, 354.0, 479.0, 595.0, 715.0, 832.0, 952.0, 1074.0]
scores: [0.8043438711837205, 0.8921089167913513, 0.9968648132301592, 0.8969320510936913, 0.9096156264955004, 1.0, 0.9356214020523889, 1.0, 1.0]
