training_data_sizes: [0.1, 0.2, 0.3, 0.4, 0.5, 0.6, 0.7, 0.8]
times: [93.0, 193.0, 296.0, 399.0, 497.0, 593.0, 695.0, 790.0]
scores: [0.5030217545982111, 0.5409182997985372, 0.5495734231247241, 0.507723404898628, 0.5458124183859471, 0.762607872066378, 0.6479896581355734, 0.7413268142160632]
