training_data_sizes: [0.1, 0.2, 0.3, 0.4]
times: [2.0, 18.0, 25.0, 37.0]
scores: [0.7558533516355939, 0.9143182798879813, 0.7547823591456524, 0.865911395609925]
