training_data_sizes: [0.1, 0.2, 0.3, 0.4]
times: [113.0, 234.0, 355.0, 472.0]
scores: [0.900465312027678, 0.8892308484388766, 0.7826750871571723, 0.8414594890234561]
