training_data_sizes: [0.1, 0.2]
times: [94.0, 194.0]
scores: [0.9969175606006233, 0.8868514810481072]
