training_data_sizes: [0.1, 0.2]
times: [507.66, 1003.48]
scores: [0.44874681307619346, 0.44058187908943525]
