training_data_sizes: [0.1, 0.2, 0.3, 0.4, 0.5, 0.6]
times: [58.0, 116.0, 178.0, 232.0, 293.0, 357.0]
scores: [0.8640743270005897, 0.7859844635793997, 0.8436801852167422, 0.8522900475222654, 0.9491235057583961, 0.8103874962534477]
