training_data_sizes: [0.1, 0.2, 0.3, 0.4, 0.5, 0.6, 0.7, 0.8, 0.9, 1.0]
times: [129.0, 258.0, 383.0, 510.0, 644.0, 778.0, 901.9999999999999, 1039.0, 1164.0, 1296.0]
scores: [0.7742811364889954, 0.7258149767346971, 0.8836690349703316, 0.9378223265388752, 0.8327823282659153, 0.8520496058732132, 0.9509115129891663, 1.0, 1.0, 1.0]
