training_data_sizes: [0.1, 0.2, 0.3, 0.4, 0.5, 0.6, 0.7, 0.8, 0.9, 1.0]
times: [24.0, 56.0, 88.0, 116.0, 144.0, 172.0, 203.0, 234.0, 264.0, 299.0]
scores: [0.8274441712036387, 0.8530059784637165, 0.792095856863259, 0.8991442081057013, 0.8364241442413807, 0.8810885946799398, 0.9560188446638516, 0.926520835644556, 0.8255138698611939, 1.0]
