training_data_sizes: [0.1, 0.2, 0.3, 0.4, 0.5, 0.6]
times: [131.0, 271.0, 412.0, 558.0, 694.0, 830.0]
scores: [0.8718554925618991, 0.9088032605735878, 0.9152787990977365, 0.9625248875675015, 0.8443046618021457, 0.8801731549023549]
