training_data_sizes: [0.1, 0.2, 0.3, 0.4, 0.5, 0.6, 0.7]
times: [71.0, 156.0, 232.0, 315.0, 397.0, 473.0, 551.0]
scores: [0.866912615662095, 1.0, 0.8642478055749899, 1.0, 0.841129578712362, 0.9388153715205099, 1.0]
