training_data_sizes: [0.1, 0.2, 0.3, 0.4, 0.5, 0.6, 0.7, 0.8, 0.9, 1.0]
times: [105.53, 208.64, 308.58, 403.32, 503.86, 607.28, 702.77, 805.85, 907.77, 1009.13]
scores: [0.7919752853108128, 0.8909532327160608, 0.8353287708154971, 0.944694657501006, 1.0, 0.9360532294175722, 0.9387906651925111, 1.0, 1.0, 1.0]
