training_data_sizes: [0.1, 0.2, 0.3, 0.4, 0.5, 0.6, 0.7, 0.8, 0.9, 1.0]
times: [1.8, 3.58, 5.26, 7.09, 8.78, 10.57, 12.53, 14.23, 16.15, 17.96]
scores: [0.21960291997954173, 0.2165696129268495, 0.2174548806751806, 0.21456604181817074, 0.21711278442117243, 0.21566125945723336, 0.21567988123194093, 0.21516677614772628, 0.21731048755315618, 0.2187627702426589]
