training_data_sizes: [0.1, 0.2, 0.3, 0.4]
times: [5.0, 12.0, 26.0, 37.0]
scores: [0.8749128577123595, 0.8733344598954509, 0.8864560961124062, 1.0]
