training_data_sizes: [0.1, 0.2, 0.3, 0.4, 0.5, 0.6, 0.7, 0.8, 0.9, 1.0]
times: [65.81, 83.02, 93.15, 98.17, 106.83, 107.89, 116.86, 118.09, 115.77, 121.55]
scores: [0.2269673216163688, 0.23482242267681974, 0.23784096587409076, 0.23763414319308984, 0.23693464261777508, 0.23614291077966476, 0.2365881032001348, 0.2356901501648716, 0.23532128657240914, 0.2354746479907749]
