training_data_sizes: [0.1, 0.2, 0.3, 0.4, 0.5, 0.6, 0.7, 0.8, 0.9, 1.0]
times: [77.02, 141.37, 216.36, 283.2, 357.74, 425.58, 498.95, 566.77, 632.44, 709.03]
scores: [0.8547470797648475, 0.8586538064190194, 0.7546888768337705, 0.8950469541737746, 0.8797288872090417, 0.8894987224860833, 0.9524989094930763, 0.9656813938115636, 0.9466077440619145, 0.982060340557928]
