training_data_sizes: [0.1, 0.2, 0.3, 0.4, 0.5, 0.6, 0.7, 0.8, 0.9]
times: [49.0, 95.0, 147.0, 199.0, 244.0, 293.0, 348.0, 391.0, 441.0]
scores: [0.8619510388051717, 1.0, 1.0, 0.9949380505800663, 0.9685470237918434, 1.0, 1.0, 1.0, 1.0]
