training_data_sizes: [0.1, 0.2, 0.3, 0.4, 0.5, 0.6]
times: [46.0, 98.0, 149.0, 199.0, 244.0, 299.0]
scores: [0.8655402361889453, 0.8506864338887541, 0.9410104434083368, 0.8870710764083317, 0.8076327788121742, 0.8260167788734519]
