training_data_sizes: [0.1, 0.2, 0.3, 0.4, 0.5, 0.6, 0.7]
times: [45.0, 94.0, 141.0, 198.0, 243.0, 293.0, 347.0]
scores: [1.0, 0.9967838924948201, 1.0, 1.0, 0.9928068216865831, 1.0, 1.0]
