training_data_sizes: [0.1, 0.2]
times: [32.0, 79.0]
scores: [0.6593975735755802, 0.570656461534556]
