training_data_sizes: [0.1, 0.2]
times: [40.0, 94.0]
scores: [0.9826033618072438, 0.9581659014775488]
