training_data_sizes: [0.1, 0.2, 0.3, 0.4, 0.5, 0.6, 0.7, 0.8, 0.9, 1.0]
times: [3.32, 5.27, 7.49, 8.9, 10.01, 11.81, 13.2, 13.23, 15.36, 16.43]
scores: [0.247009999001376, 0.251847219524878, 0.25461090428809907, 0.2549627716587779, 0.254987248896972, 0.255730773826931, 0.2551780276115596, 0.25465368326887394, 0.253623429554496, 0.2535053476044784]
