training_data_sizes: [0.1, 0.2, 0.3, 0.4, 0.5, 0.6, 0.7, 0.8, 0.9, 1.0]
times: [129.0, 259.0, 381.0, 514.0, 648.0, 770.0, 908.9999999999999, 1039.0, 1168.0, 1295.0]
scores: [0.6845268783829692, 0.7207463453957281, 0.716952738051025, 0.7729144678804521, 0.8024451705642852, 0.7730238677098045, 0.8070865821903687, 0.9787782742414637, 0.967170594100317, 0.931174348277659]
