training_data_sizes: [0.1, 0.2, 0.3]
times: [335.8, 675.83, 1000.22]
scores: [0.7560218931320746, 0.8904192107001094, 0.863173177061487]
