training_data_sizes: [0.1, 0.2, 0.3]
times: [333.68, 671.79, 1003.58]
scores: [0.7759708971232191, 0.8885172684813695, 0.9767742121434645]
