training_data_sizes: [0.1, 0.2, 0.3, 0.4, 0.5, 0.6, 0.7]
times: [124.03, 230.46, 345.47, 463.38, 579.01, 690.16, 800.52]
scores: [1.0, 1.0, 0.9299827253130439, 1.0, 0.9736729115774021, 1.0, 1.0]
