training_data_sizes: [0.1, 0.2, 0.3, 0.4, 0.5, 0.6, 0.7, 0.8, 0.9]
times: [123.0, 259.0, 387.0, 518.0, 649.0, 774.0, 907.9999999999999, 1032.0, 1161.0]
scores: [0.8672881376482267, 0.8781629505850104, 1.0, 0.9056970029283987, 1.0, 1.0, 1.0, 1.0, 1.0]
