training_data_sizes: [0.1, 0.2, 0.3, 0.4, 0.5, 0.6, 0.7, 0.8, 0.9, 1.0]
times: [88.79, 172.96, 261.69, 347.54, 428.43, 519.61, 603.84, 686.9, 769.73, 839.02]
scores: [0.7488913093168461, 0.779983203820505, 0.7993165592295011, 0.8074943904293241, 0.8201562884032993, 0.8280560831451029, 0.8324875824406721, 0.8359915209226363, 0.8393181293549798, 0.8427391758147103]
