training_data_sizes: [0.1, 0.2, 0.3, 0.4, 0.5, 0.6, 0.7, 0.8, 0.9]
times: [145.11, 296.6, 439.19, 578.95, 722.92, 876.39, 1016.21, 1164.0, 1309.43]
scores: [0.5455169613402524, 0.5466872314724839, 0.5616212694923539, 0.6053747089178553, 0.5163052837411356, 0.5024695868521037, 0.48622674890459644, 0.6203122935260363, 0.5716205201680606]
