training_data_sizes: [0.1, 0.2, 0.3, 0.4, 0.5, 0.6, 0.7, 0.8]
times: [77.64, 153.32, 225.29, 307.79, 377.8, 451.27, 525.26, 609.64]
scores: [0.9891442583164127, 1.0, 0.9739289938419311, 0.9734688909504203, 1.0, 1.0, 0.92262707350793, 1.0]
