training_data_sizes: [0.1, 0.2, 0.3, 0.4, 0.5, 0.6]
times: [20.0, 51.0, 89.0, 115.0, 148.0, 170.0]
scores: [0.9643022338785976, 0.9967976975909769, 0.8451847694282659, 0.8960489105014846, 0.8796201083821438, 0.9059658286124197]
