training_data_sizes: [0.1, 0.2, 0.3, 0.4, 0.5]
times: [228.29, 440.86, 660.72, 886.7, 1103.27]
scores: [0.8208589151064636, 0.8819229505141098, 0.7841522448668214, 0.8862122609811067, 0.7299476032889112]
