training_data_sizes: [0.1, 0.2, 0.3, 0.4, 0.5, 0.6, 0.7, 0.8, 0.9, 1.0]
times: [1.23, 1.64, 2.03, 2.37, 2.76, 2.99, 3.42, 3.61, 4.14, 4.4]
scores: [0.6203845554475038, 0.5094750794260525, 0.5261549284655502, 0.439423047778557, 0.4484646808424999, 0.3898963786423999, 0.4306051003893523, 0.3612334042819283, 0.3984526019557464, 0.4001824599352366]
