training_data_sizes: [0.1, 0.2, 0.3, 0.4, 0.5, 0.6, 0.7, 0.8, 0.9, 1.0]
times: [32.0, 74.0, 114.0, 153.0, 197.0, 232.0, 275.0, 316.0, 353.0, 399.0]
scores: [0.8761838739684535, 0.8475490688790668, 0.7425057133289421, 0.825807083685175, 0.8360082307064269, 0.75412624830053, 0.802226002179679, 0.7843412638785674, 0.6707731193418599, 0.7481989706948353]
