training_data_sizes: [0.1, 0.2, 0.3, 0.4, 0.5, 0.6]
times: [112.0, 234.0, 351.0, 473.0, 595.0, 712.0]
scores: [0.684326740556022, 0.7757563023081704, 0.8171542820966979, 0.9832520207159995, 1.0, 1.0]
