training_data_sizes: [0.1, 0.2, 0.3, 0.4, 0.5, 0.6, 0.7, 0.8]
times: [31.0, 78.0, 110.0, 154.0, 192.0, 231.0, 274.0, 312.0]
scores: [0.9068919688786554, 0.9202088660688668, 1.0, 0.949789744827878, 1.0, 1.0, 1.0, 1.0]
