training_data_sizes: [0.1, 0.2, 0.3, 0.4, 0.5, 0.6]
times: [123.33, 239.01, 359.15, 475.29, 589.61, 709.24]
scores: [0.5724634540815711, 0.6023534329772878, 0.4832629667737087, 0.5258280969024023, 0.5843563880571849, 0.4484235164876722]
