training_data_sizes: [0.1, 0.2, 0.3, 0.4, 0.5]
times: [74.0, 155.0, 232.0, 311.0, 391.0]
scores: [0.9503350401322311, 0.9048650831539986, 1.0, 1.0, 0.9179734280065123]
