training_data_sizes: [0.1, 0.2, 0.3, 0.4, 0.5, 0.6, 0.7, 0.8]
times: [38.0, 71.0, 111.0, 153.0, 197.0, 231.0, 278.0, 318.0]
scores: [0.7525672200738257, 0.6836264120451631, 0.699097563214188, 0.8699954064926132, 0.9789042486684552, 1.0, 0.9023507252187004, 1.0]
