training_data_sizes: [0.1, 0.2, 0.3, 0.4, 0.5, 0.6, 0.7, 0.8, 0.9, 1.0]
times: [124.0, 252.0, 382.0, 518.0, 646.0, 771.0, 899.9999999999999, 1034.0, 1167.0, 1291.0]
scores: [0.9442802715396613, 0.8958950785694199, 0.9468876273484945, 0.9459122431830513, 0.9559920362011823, 1.0, 0.974461249674995, 1.0, 0.9971988832981503, 1.0]
