training_data_sizes: [0.1, 0.2, 0.3, 0.4, 0.5, 0.6]
times: [142.31, 274.06, 406.52, 540.31, 675.88, 804.64]
scores: [0.7602658335573349, 0.5813359873296011, 0.6266411397477261, 0.7043180390853887, 0.6926684060984808, 0.6644407248970365]
