training_data_sizes: [0.1, 0.2, 0.3, 0.4, 0.5, 0.6, 0.7, 0.8, 0.9, 1.0]
times: [64.04, 126.65, 184.33, 240.73, 308.81, 363.8, 423.58, 480.59, 541.65, 607.96]
scores: [0.9208773033038347, 0.9537525066348085, 1.0, 1.0, 1.0, 1.0, 1.0, 1.0, 1.0, 1.0]
