training_data_sizes: [0.1, 0.2, 0.3, 0.4, 0.5, 0.6, 0.7, 0.8, 0.9, 1.0]
times: [95.84, 186.44, 279.68, 369.74, 459.02, 547.96, 632.35, 728.38, 813.46, 902.04]
scores: [0.7175154938729063, 0.7598887691804427, 0.8814037977822466, 0.7911278240253927, 0.7957638076482456, 0.817202998677358, 0.8490612709218491, 0.9067053879219491, 0.9024164163396033, 0.8425445824321183]
