training_data_sizes: [0.1, 0.2, 0.3, 0.4, 0.5]
times: [148.95, 284.76, 427.13, 564.61, 709.88]
scores: [0.8035590062266518, 0.7425926045997433, 0.9172904211708813, 0.9133711496543676, 1.0]
