training_data_sizes: [0.1, 0.2, 0.3]
times: [236.19, 473.48, 702.56]
scores: [0.8943309347644948, 0.87707462077547, 0.8537249296896652]
