training_data_sizes: [0.1, 0.2, 0.3, 0.4, 0.5, 0.6, 0.7]
times: [78.0, 157.0, 232.0, 315.0, 395.0, 477.0, 555.0]
scores: [0.8203353309227845, 0.8794269852019285, 0.8604628936786469, 0.7984321920898931, 0.7327768452870002, 0.8317784421201105, 0.9411845236035113]
