training_data_sizes: [0.1, 0.2, 0.3, 0.4, 0.5, 0.6, 0.7, 0.8]
times: [79.0, 155.0, 238.0, 312.0, 396.0, 477.0, 551.0, 638.0]
scores: [0.8390056071132146, 0.8988684596408533, 0.9117947425506774, 0.9016901490169331, 1.0, 0.9232461943973779, 0.9660530608624406, 1.0]
