training_data_sizes: [0.1, 0.2, 0.3, 0.4, 0.5, 0.6, 0.7, 0.8, 0.9, 1.0]
times: [34.0, 77.0, 114.0, 159.0, 192.0, 230.0, 277.0, 313.0, 356.0, 392.0]
scores: [0.6702540488436035, 0.7272820472270798, 0.635041524421697, 0.6344796539571533, 0.6567275290366357, 0.4828924553533104, 0.62069738999282, 0.5257302050674202, 0.6176255544966545, 0.5160835011094917]
