training_data_sizes: [0.1, 0.2, 0.3, 0.4]
times: [253.33, 509.91, 759.64, 1004.19]
scores: [1.0, 0.9887085198403176, 1.0, 0.9628614673252343]
