training_data_sizes: [0.1, 0.2, 0.3, 0.4, 0.5]
times: [22.0, 51.0, 84.0, 114.0, 142.0]
scores: [0.6707249558334434, 0.7591069742285228, 0.7329658421548849, 0.8535894826778085, 0.851880102879937]
