training_data_sizes: [0.1, 0.2]
times: [703.19, 1405.9]
scores: [0.9061335773510766, 0.9495050101144158]
