training_data_sizes: [0.1, 0.2, 0.3, 0.4, 0.5, 0.6, 0.7, 0.8, 0.9]
times: [23.0, 53.0, 85.0, 117.0, 141.0, 179.0, 201.0, 238.0, 263.0]
scores: [0.665587228466215, 0.7758821854034851, 0.6747495994410306, 0.7433220819277684, 0.6821304402439496, 0.7655378192671896, 0.6736258959999832, 0.8253580943664118, 0.7490073480807671]
