training_data_sizes: [0.1, 0.2, 0.3]
times: [403.65, 804.63, 1208.55]
scores: [0.7549819262822177, 0.7851792949240521, 0.9677752487428017]
