training_data_sizes: [0.1, 0.2, 0.3]
times: [139.0, 271.0, 418.0]
scores: [0.9753091290066367, 0.8274551802891299, 0.9387449638181187]
