training_data_sizes: [0.1, 0.2, 0.3, 0.4, 0.5, 0.6, 0.7, 0.8, 0.9]
times: [68.06, 135.93, 209.21, 267.26, 338.84, 402.59, 474.33, 542.92, 601.26]
scores: [0.8219798990454241, 0.8686960824738981, 0.8917982127853336, 0.8787267247053825, 1.0, 0.95001941367253, 1.0, 1.0, 1.0]
