training_data_sizes: [0.1, 0.2, 0.3, 0.4]
times: [281.54, 551.6, 830.65, 1104.25]
scores: [0.9843974085554998, 0.9498752328105591, 0.8945454447882987, 0.843193361062969]
