training_data_sizes: [0.1, 0.2, 0.3, 0.4, 0.5, 0.6, 0.7, 0.8]
times: [48.0, 96.0, 142.0, 193.0, 245.0, 298.0, 348.0, 398.0]
scores: [0.6504062757475045, 0.5547526102042108, 0.6299540500084522, 0.7748840576059655, 0.767250756460883, 0.8108213952649881, 0.9389431179697401, 0.9823101677936543]
