training_data_sizes: [0.1, 0.2, 0.3, 0.4, 0.5, 0.6, 0.7, 0.8, 0.9, 1.0]
times: [124.56, 246.56, 361.72, 489.05, 603.54, 726.18, 847.56, 965.24, 1088.55, 1207.18]
scores: [0.8292627717236143, 0.9584580541503398, 0.8070395938826549, 0.9334301480108254, 0.8177361870419896, 0.8770697606664086, 0.9961638462856498, 0.9708606266583727, 0.9413638780580303, 0.9560637687938321]
