training_data_sizes: [0.1, 0.2]
times: [32.0, 72.0]
scores: [0.8194446414475769, 0.7848750792479682]
