training_data_sizes: [0.1, 0.2, 0.3, 0.4, 0.5, 0.6, 0.7]
times: [121.82, 230.24, 346.26, 461.69, 572.55, 693.68, 804.25]
scores: [0.9117635825607986, 0.863105220055636, 0.8740039107067525, 0.9418666366777909, 0.9712398279883384, 0.8396623589691478, 1.0]
