training_data_sizes: [0.1, 0.2, 0.3, 0.4, 0.5, 0.6, 0.7, 0.8, 0.9, 1.0]
times: [112.4, 223.26, 336.37, 446.81, 553.39, 665.66, 773.6, 880.76, 996.9, 1103.2]
scores: [0.6822220210348984, 0.70885008361191, 0.7306115984995369, 0.7662366325886105, 0.8880236754227973, 0.9847173729209243, 0.9152784616398695, 0.9496443571316557, 0.9756602265982395, 1.0]
