training_data_sizes: [0.1, 0.2]
times: [220.46, 679.17]
scores: [0.6449705844980644, 0.6593443856625956]
