training_data_sizes: [0.1, 0.2, 0.3, 0.4, 0.5]
times: [269.92, 523.84, 780.42, 1041.47, 1300.47]
scores: [0.6357523722898487, 0.7688855538157264, 0.8831542968289245, 0.8757384907911946, 0.9692246163052096]
