training_data_sizes: [0.1, 0.2, 0.3, 0.4, 0.5, 0.6, 0.7, 0.8, 0.9]
times: [101.39, 209.34, 303.1, 409.58, 507.28, 601.65, 703.92, 806.14, 903.33]
scores: [0.8029465203786086, 0.7714595731311763, 0.8636083635698378, 0.8756540567950453, 0.7326367926067295, 0.905757228378917, 0.7352222377207521, 0.8400008530999921, 0.8420355761313703]
