training_data_sizes: [0.1, 0.2, 0.3, 0.4, 0.5, 0.6, 0.7, 0.8]
times: [8.52, 18.9, 37.92, 73.63, 117.51, 164.12, 220.07, 280.98]
scores: [0.8378102063312953, 0.8428533206432283, 0.8411731474142177, 0.8434806471817673, 0.8443477786992213, 0.8424151926749848, 0.8412820635069775, 0.8419263593902648]
