training_data_sizes: [0.1, 0.2, 0.3, 0.4]
times: [273.95, 538.24, 792.63, 1029.64]
scores: [0.3907340609921768, 0.34783421335451625, 0.3392173344540954, 0.3328036176465434]
