training_data_sizes: [0.1, 0.2, 0.3, 0.4, 0.5, 0.6, 0.7, 0.8]
times: [40.0, 92.0, 149.0, 198.0, 249.0, 294.0, 348.0, 396.0]
scores: [0.7172817012511896, 0.7901062273229762, 0.8297857614570946, 0.929879767887934, 0.9906582471463574, 1.0, 0.9779251142153903, 1.0]
