training_data_sizes: [0.1, 0.2, 0.3, 0.4, 0.5, 0.6, 0.7]
times: [157.84, 319.23, 476.88, 637.97, 793.96, 951.89, 1109.72]
scores: [0.8234625624288385, 0.8529363511065187, 0.8788487284420021, 0.7736005184957182, 0.815236383254988, 0.8438016836111689, 0.9636005280830655]
