training_data_sizes: [0.1, 0.2, 0.3, 0.4, 0.5, 0.6, 0.7, 0.8, 0.9, 1.0]
times: [26.87, 73.27, 127.63, 195.17, 276.9, 373.81, 488.03, 624.03, 770.3, 955.15]
scores: [0.38949173614601035, 0.4575180139536092, 0.5068916857797232, 0.5330654018696966, 0.5472458007307374, 0.5547818630955121, 0.5594885591880413, 0.5630381955516225, 0.5664446166657927, 0.569259323022105]
