training_data_sizes: [0.1, 0.2, 0.3, 0.4, 0.5]
times: [96.0, 196.0, 299.0, 390.0, 492.0]
scores: [0.7438894877646368, 0.764711262251234, 0.8214423406417672, 0.7784733167278536, 0.6880833918056386]
