training_data_sizes: [0.1, 0.2, 0.3, 0.4, 0.5, 0.6, 0.7, 0.8]
times: [21.0, 51.0, 82.0, 110.0, 141.0, 176.0, 202.0, 237.0]
scores: [0.587934705737973, 0.41355493506533936, 0.5339595076111583, 0.4585087339992373, 0.46376406941820847, 0.5263153625782457, 0.6874626334282853, 0.6640153799895927]
