training_data_sizes: [0.1, 0.2, 0.3, 0.4, 0.5]
times: [225.63, 447.81, 667.57, 889.21, 1100.2]
scores: [0.8618860489116982, 0.7440340545334048, 0.8041119009732487, 0.7695998466583743, 0.8491807936877056]
