training_data_sizes: [0.1, 0.2]
times: [104.0, 215.0]
scores: [0.8636070824971922, 0.8698982466796246]
