training_data_sizes: [0.1, 0.2, 0.3, 0.4]
times: [231.8, 450.79, 676.1, 903.95]
scores: [0.4817613546439128, 0.5369894574302454, 0.6483632684989062, 0.5781562237376814]
