training_data_sizes: [0.1, 0.2, 0.3, 0.4, 0.5, 0.6, 0.7, 0.8, 0.9, 1.0]
times: [61.52, 90.32, 91.83, 99.65, 172.53, 143.93, 121.03, 174.74, 185.37, 195.33]
scores: [0.9921596655603675, 0.9942786262542646, 0.9954080648743158, 0.9957640564558743, 0.9958171390537949, 0.9962961954487061, 0.9969834383787133, 0.9964413451213623, 0.9964863671188627, 0.9963674096066366]
