training_data_sizes: [0.1, 0.2, 0.3, 0.4, 0.5, 0.6]
times: [106.8, 208.28, 300.14, 401.48, 507.62, 601.35]
scores: [0.8204760357712515, 0.8012293092026872, 0.9236679993152084, 0.9032626220902706, 0.9585754972097651, 0.9284679305373963]
