training_data_sizes: [0.1, 0.2, 0.3]
times: [367.33, 736.37, 1101.68]
scores: [0.8599386387266843, 0.7874955003376668, 0.7751165293269541]
