training_data_sizes: [0.1, 0.2, 0.3, 0.4]
times: [49.0, 94.0, 148.0, 199.0]
scores: [0.8265137473518451, 0.9734362253033706, 0.8120232837122145, 0.8441402569247048]
