training_data_sizes: [0.1, 0.2, 0.3, 0.4, 0.5, 0.6, 0.7, 0.8, 0.9]
times: [124.44, 253.72, 376.23, 491.48, 619.2, 737.66, 861.03, 978.16, 1108.59]
scores: [0.5431876703233599, 0.4656240815955502, 0.6404679458381284, 0.5669978975790309, 0.6445878780902491, 0.7188452039246003, 0.8257929195699083, 0.865024470141726, 1.0]
