training_data_sizes: [0.1, 0.2, 0.3, 0.4, 0.5]
times: [25.0, 52.0, 82.0, 112.0, 145.0]
scores: [0.6133141971709479, 0.5938078055509102, 0.7722920839559625, 0.7702434493317867, 0.7717844917358634]
