training_data_sizes: [0.1, 0.2, 0.3]
times: [27.0, 50.0, 88.0]
scores: [0.7610458574155573, 0.8095294049520521, 0.8140202243025985]
