training_data_sizes: [0.1, 0.2, 0.3, 0.4, 0.5, 0.6]
times: [101.0, 218.0, 321.0, 436.0, 542.0, 656.0]
scores: [0.7178644676343819, 0.6447629415483894, 0.738482441084316, 0.8253379707530686, 0.8710148038038943, 1.0]
