training_data_sizes: [0.1, 0.2, 0.3, 0.4, 0.5, 0.6, 0.7, 0.8]
times: [119.8, 233.57, 339.5, 452.31, 571.59, 677.83, 792.98, 904.49]
scores: [0.5830911105053206, 0.693097982727554, 0.5924817210533989, 0.51749738601808, 0.6800412263095899, 0.5453850863160862, 0.570398105783217, 0.6591950095249158]
