training_data_sizes: [0.1, 0.2, 0.3, 0.4, 0.5]
times: [7.0, 10.0, 22.0, 30.0, 49.0]
scores: [0.9175807493479853, 0.8804700514787583, 0.8957629108689684, 0.9508468092177275, 1.0]
