training_data_sizes: [0.1, 0.2, 0.3, 0.4, 0.5, 0.6, 0.7, 0.8, 0.9, 1.0]
times: [83.1, 167.01, 242.98, 322.21, 409.41, 484.85, 568.92, 642.58, 726.79, 801.31]
scores: [0.7831242656361934, 0.9279543157952329, 0.9740839608583398, 1.0, 0.9738362314838912, 1.0, 1.0, 1.0, 1.0, 1.0]
