training_data_sizes: [0.1, 0.2, 0.3, 0.4, 0.5, 0.6]
times: [71.0, 152.0, 231.0, 311.0, 397.0, 471.0]
scores: [0.8093141899048252, 0.9085032564893334, 0.8621211039800618, 0.8833327200744719, 0.9460608329712076, 0.8817369266854514]
