training_data_sizes: [0.1, 0.2, 0.3, 0.4, 0.5, 0.6, 0.7, 0.8, 0.9, 1.0]
times: [11.0, 39.0, 50.0, 78.0, 92.0, 116.0, 133.0, 151.0, 173.0, 198.0]
scores: [0.8808681825152761, 0.9073016011283552, 1.0, 0.9732181075022768, 0.9609630460193881, 1.0, 1.0, 1.0, 1.0, 1.0]
