training_data_sizes: [0.1, 0.2, 0.3, 0.4, 0.5, 0.6, 0.7, 0.8, 0.9, 1.0]
times: [135.82, 265.11, 397.26, 528.94, 652.48, 785.53, 911.26, 1043.26, 1171.96, 1302.23]
scores: [0.723065937614854, 0.745009162554249, 0.9094724130703356, 0.823022740499996, 0.877489586363364, 0.7778683405203941, 0.9347256628224638, 0.9467751288285814, 0.8578973137216239, 0.9221960058031862]
