training_data_sizes: [0.1, 0.2, 0.3, 0.4, 0.5, 0.6]
times: [68.0, 131.0, 206.0, 272.0, 345.0, 417.0]
scores: [0.5601939078210046, 0.5764069876375318, 0.634053453347569, 0.6694605479933874, 0.8670773509234325, 0.800082920614009]
