training_data_sizes: [0.1, 0.2, 0.3, 0.4, 0.5, 0.6, 0.7]
times: [68.0, 137.0, 204.0, 270.0, 343.0, 414.0, 482.99999999999994]
scores: [0.9683620745201762, 0.9460442090178758, 1.0, 0.8997717024312488, 1.0, 1.0, 1.0]
