training_data_sizes: [0.1, 0.2, 0.3, 0.4, 0.5, 0.6, 0.7, 0.8, 0.9, 1.0]
times: [73.63, 141.71, 210.59, 285.83, 350.2, 428.35, 498.03, 563.62, 630.16, 701.25]
scores: [0.7946240850703579, 0.8178364269633598, 0.9220604372097858, 1.0, 0.8654267067335991, 0.9110564347012696, 1.0, 1.0, 1.0, 1.0]
