training_data_sizes: [0.1, 0.2, 0.3, 0.4, 0.5, 0.6, 0.7, 0.8, 0.9, 1.0]
times: [108.37, 209.53, 301.76, 408.08, 506.82, 606.69, 708.77, 808.87, 905.84, 1006.68]
scores: [0.5742483786186892, 0.5780532810312714, 0.7315649507492616, 0.7234328517340398, 0.7709784208893011, 0.8682922010653398, 0.8692176894000112, 0.95842953306352, 1.0, 1.0]
