training_data_sizes: [0.1, 0.2, 0.3, 0.4, 0.5, 0.6, 0.7]
times: [57.0, 114.0, 171.0, 236.0, 291.0, 351.0, 419.0]
scores: [0.7721648077000682, 0.93481150530293, 0.9397333101219949, 0.9046894139014856, 0.8067100487519667, 0.9939058110519428, 0.9511032490400653]
