training_data_sizes: [0.1, 0.2, 0.3, 0.4, 0.5, 0.6]
times: [218.76, 437.75, 653.26, 870.85, 1091.58, 1303.62]
scores: [0.9683868460531906, 0.9679832065634166, 0.905111792996564, 1.0, 1.0, 1.0]
