training_data_sizes: [0.1, 0.2, 0.3, 0.4, 0.5, 0.6, 0.7, 0.8, 0.9]
times: [36.0, 71.0, 117.0, 150.0, 191.0, 239.0, 278.0, 315.0, 354.0]
scores: [0.7517588220850651, 0.7141269717189487, 0.7802708355551684, 0.7889626199724193, 0.7683510421306643, 0.7392272116475729, 0.6743895868573245, 0.8206776215004343, 0.8028501702004486]
