training_data_sizes: [0.1, 0.2, 0.3, 0.4, 0.5, 0.6, 0.7, 0.8, 0.9, 1.0]
times: [74.95, 141.81, 215.83, 288.13, 351.38, 424.06, 491.14, 563.76, 634.13, 705.2]
scores: [0.8074400431246108, 0.8557865839639165, 0.7446081742350286, 0.8812984574615708, 0.8762309654131111, 0.7799104850518772, 0.7748859351144348, 0.739083072995208, 0.7752523111913718, 0.7525012413348179]
