training_data_sizes: [0.1, 0.2, 0.3, 0.4]
times: [35.0, 73.0, 117.0, 151.0]
scores: [0.6286907236039745, 0.6288650002620753, 0.5995973224647027, 0.5416749243780931]
