training_data_sizes: [0.1, 0.2, 0.3, 0.4, 0.5]
times: [96.0, 197.0, 293.0, 398.0, 494.0]
scores: [0.7962531049689173, 0.8804967433799331, 0.8045734173360879, 0.9167347295429975, 0.9040903087071954]
