training_data_sizes: [0.1, 0.2, 0.3, 0.4, 0.5, 0.6, 0.7, 0.8, 0.9]
times: [120.94, 227.98, 340.57, 451.91, 560.56, 668.76, 780.41, 891.1, 1000.33]
scores: [0.8368366107390717, 0.8370932380621178, 0.9502762975872472, 0.9164326970474935, 0.9129699681289549, 0.8793059822429257, 1.0, 0.8463208950864972, 0.932658505165037]
