training_data_sizes: [0.1, 0.2]
times: [505.21, 1004.72]
scores: [0.9370818239637747, 0.8700428434049957]
