training_data_sizes: [0.1, 0.2, 0.3, 0.4, 0.5, 0.6, 0.7, 0.8]
times: [79.65, 153.41, 230.96, 302.48, 376.1, 455.99, 525.89, 606.95]
scores: [0.6831912103743668, 0.7713768603923934, 0.8811447027639763, 0.7667436451866858, 0.8997708909612765, 0.964454889068634, 0.8674718879027246, 0.9774035963510612]
