training_data_sizes: [0.1, 0.2, 0.3, 0.4, 0.5, 0.6, 0.7, 0.8]
times: [47.0, 91.0, 146.0, 191.0, 241.0, 290.0, 341.0, 394.0]
scores: [0.9771101558771044, 0.8535350881590533, 0.9940738926363115, 0.818677422998372, 0.9956148787918815, 0.884320631168511, 0.988528193944852, 0.9515157122921425]
