training_data_sizes: [0.1, 0.2, 0.3, 0.4, 0.5, 0.6, 0.7, 0.8, 0.9, 1.0]
times: [83.0, 178.0, 267.0, 356.0, 448.0, 539.0, 629.0, 712.0, 802.0, 896.0]
scores: [0.6564964831767912, 0.6453830529667519, 0.777462968845827, 0.7995135989489619, 0.8293609804224327, 0.9515461363810468, 1.0, 1.0, 1.0, 0.9739397258034468]
