training_data_sizes: [0.1, 0.2, 0.3, 0.4, 0.5, 0.6, 0.7, 0.8]
times: [168.14, 330.77, 494.82, 650.24, 815.46, 981.68, 1141.4, 1302.85]
scores: [0.7331350233408953, 0.8243288485738701, 0.8447847999515793, 0.9485019902004588, 0.9169078310669073, 1.0, 1.0, 1.0]
