training_data_sizes: [0.1, 0.2, 0.3]
times: [135.17, 319.07, 544.42]
scores: [0.9991060891887452, 0.9989398149519041, 0.9990918367250337]
