training_data_sizes: [0.1, 0.2, 0.3, 0.4, 0.5, 0.6, 0.7, 0.8, 0.9, 1.0]
times: [106.47, 203.61, 306.49, 406.57, 505.49, 609.75, 709.08, 802.02, 902.15, 1007.94]
scores: [0.7425469351635414, 0.7598473071828291, 0.7968827307672811, 0.8817824082176244, 0.8844383544716139, 0.9167582092767348, 1.0, 0.9734971737627652, 1.0, 1.0]
