training_data_sizes: [0.1, 0.2, 0.3, 0.4, 0.5, 0.6, 0.7]
times: [176.15, 351.1, 523.12, 686.19, 864.64, 1037.02, 1207.03]
scores: [0.8983409162895926, 1.0, 1.0, 1.0, 1.0, 0.9881041959695995, 1.0]
