training_data_sizes: [0.1, 0.2, 0.3, 0.4, 0.5, 0.6, 0.7]
times: [166.92, 318.7, 478.63, 628.73, 792.3, 945.27, 1101.02]
scores: [0.8581773743861376, 0.9741748680875566, 0.9531424766155259, 1.0, 0.9728136764520168, 0.9881590283070802, 1.0]
