training_data_sizes: [0.1, 0.2, 0.3, 0.4, 0.5, 0.6, 0.7, 0.8, 0.9, 1.0]
times: [65.0, 131.0, 206.0, 279.0, 346.0, 417.0, 486.99999999999994, 555.0, 625.0, 693.0]
scores: [0.7249038515824981, 0.7783926091093141, 0.8542938017790636, 0.9000805375336638, 0.8741541872854675, 0.895422047780068, 0.9296538149285168, 1.0, 1.0, 1.0]
