training_data_sizes: [0.1, 0.2, 0.3, 0.4, 0.5, 0.6, 0.7, 0.8, 0.9]
times: [147.52, 298.85, 442.85, 582.17, 724.58, 871.18, 1018.14, 1161.63, 1307.67]
scores: [0.891704810161718, 0.9884378327551737, 1.0, 1.0, 1.0, 1.0, 1.0, 1.0, 1.0]
