training_data_sizes: [0.1, 0.2, 0.3, 0.4, 0.5]
times: [28.0, 58.0, 85.0, 111.0, 149.0]
scores: [0.7020547071998746, 0.7013775354787956, 0.7201057463913862, 0.7718893702644121, 0.6688115967387049]
