training_data_sizes: [0.1, 0.2, 0.3, 0.4, 0.5, 0.6]
times: [192.45, 370.07, 555.18, 736.11, 922.88, 1107.28]
scores: [0.8487225427850266, 0.8908977109451663, 0.790070590125413, 0.8203474941955269, 0.8412179854043702, 0.9825081156021569]
