training_data_sizes: [0.1, 0.2]
times: [59.0, 115.0]
scores: [0.5352450113116354, 0.6183824164364102]
