training_data_sizes: [0.1, 0.2, 0.3, 0.4]
times: [202.41, 404.77, 604.98, 808.28]
scores: [0.7811616752634158, 0.7492415959319725, 0.8274707876908608, 0.7592798303119335]
