training_data_sizes: [0.1, 0.2, 0.3, 0.4]
times: [47.18, 106.87, 173.18, 240.72]
scores: [0.9600053134231907, 0.97415214960816, 0.9728964681368685, 0.9716987959521575]
