training_data_sizes: [0.1, 0.2, 0.3, 0.4, 0.5]
times: [35.0, 76.0, 112.0, 157.0, 197.0]
scores: [0.8914082949452136, 0.8633150513160023, 0.8971983746688995, 1.0, 1.0]
