training_data_sizes: [0.1, 0.2, 0.3, 0.4, 0.5]
times: [168.88, 326.16, 486.85, 644.31, 805.52]
scores: [0.8365573660171028, 0.8651189913805633, 0.9938176463453958, 1.0, 1.0]
