training_data_sizes: [0.1, 0.2]
times: [54.0, 119.0]
scores: [0.7540571342521598, 0.8245962262140263]
