training_data_sizes: [0.1, 0.2, 0.3, 0.4, 0.5, 0.6, 0.7, 0.8]
times: [119.0, 239.0, 352.0, 479.0, 593.0, 715.0, 834.0, 951.0]
scores: [0.5080088608156781, 0.653283899153487, 0.6488605629687865, 0.6255379053404906, 0.8265172901387847, 0.7831182683142591, 0.7899427703170274, 0.858986401823538]
