training_data_sizes: [0.1, 0.2, 0.3]
times: [436.22, 873.59, 1305.47]
scores: [0.8054114061157331, 0.885553895423626, 0.8231567516378326]
