training_data_sizes: [0.1, 0.2, 0.3]
times: [468.69, 933.66, 1401.15]
scores: [0.8455993830743691, 1.0, 0.9887648688250248]
