training_data_sizes: [0.1, 0.2, 0.3, 0.4, 0.5, 0.6, 0.7]
times: [31.0, 71.0, 118.0, 153.0, 191.0, 239.0, 275.0]
scores: [0.6135800309703108, 0.621249705987313, 0.6843069972205228, 0.5930650415048132, 0.6088965165304321, 0.5648927116836873, 0.5647586406180448]
