training_data_sizes: [0.1, 0.2]
times: [700.59, 1403.55]
scores: [0.9549338796246559, 0.8991865848842715]
