training_data_sizes: [0.1, 0.2, 0.3]
times: [74.0, 158.0, 230.0]
scores: [0.9115462363398861, 0.9816288711481977, 0.9237046699107105]
