training_data_sizes: [0.1, 0.2, 0.3, 0.4, 0.5, 0.6, 0.7, 0.8]
times: [1.0, 13.0, 29.0, 34.0, 44.0, 54.0, 68.0, 72.0]
scores: [0.8754079091127148, 0.7906266104529664, 0.8386901788313695, 0.8816854304678441, 0.8661082820883361, 0.9867275356685971, 1.0, 0.9114344900544656]
