training_data_sizes: [0.1, 0.2, 0.3, 0.4, 0.5, 0.6, 0.7, 0.8, 0.9]
times: [68.34, 261.13, 382.12, 581.78, 700.24, 825.14, 954.11, 1068.44, 1171.81]
scores: [1.0, 1.0, 0.9999999786592635, 0.9999992836261491, 0.9999967969829195, 0.9999855560194297, 0.999948295123912, 0.9995607424703747, 0.9991813431759866]
