training_data_sizes: [0.1, 0.2, 0.3, 0.4, 0.5, 0.6, 0.7]
times: [14.0, 39.0, 51.0, 70.0, 94.0, 115.0, 138.0]
scores: [0.7528394115460496, 0.7841160190058138, 0.8497782940905048, 0.8276771258240752, 0.9142790475541192, 0.9059622727182577, 0.9282751794747266]
