training_data_sizes: [0.1, 0.2, 0.3, 0.4, 0.5, 0.6]
times: [188.76, 374.34, 553.66, 735.79, 919.02, 1102.48]
scores: [0.7873166856733574, 0.8311851821395244, 0.9738616058317606, 1.0, 0.890980591391688, 0.9813105256095486]
