training_data_sizes: [0.1, 0.2, 0.3, 0.4, 0.5, 0.6]
times: [169.83, 337.89, 503.35, 668.42, 836.69, 1002.82]
scores: [0.7820745634882924, 0.9453006498841621, 0.8624429415910126, 0.960211736818741, 0.927757847099426, 0.8831803269582263]
