training_data_sizes: [0.1, 0.2, 0.3, 0.4, 0.5]
times: [80.0, 170.0, 267.0, 359.0, 443.0]
scores: [0.6174569481099516, 0.559767193711794, 0.7056830919462, 0.6247277713895003, 0.5766287328529934]
