training_data_sizes: [0.1, 0.2, 0.3, 0.4, 0.5]
times: [187.71, 364.51, 544.41, 721.71, 901.34]
scores: [0.8891340289148504, 0.7430276239991429, 0.7891900200907884, 0.8723511625387607, 0.7282411122568617]
