training_data_sizes: [0.1, 0.2, 0.3, 0.4, 0.5, 0.6, 0.7, 0.8]
times: [57.0, 115.0, 174.0, 230.0, 290.0, 352.0, 419.0, 474.0]
scores: [0.5971103167121428, 0.5782813573709971, 0.6580561138327592, 0.6207361913298174, 0.6758257878424219, 0.5640221334180829, 0.6834188942545244, 0.6436019389144592]
