training_data_sizes: [0.1, 0.2, 0.3, 0.4, 0.5]
times: [180.4, 367.93, 546.99, 727.06, 905.85]
scores: [0.9802976762484268, 0.9048863908800473, 0.8965153641103596, 0.8644895325500017, 0.8666276115316192]
