training_data_sizes: [0.1, 0.2]
times: [126.0, 251.0]
scores: [0.881774190951762, 0.9793326754777785]
