training_data_sizes: [0.1, 0.2, 0.3, 0.4, 0.5, 0.6, 0.7, 0.8, 0.9]
times: [96.0, 190.0, 294.0, 390.0, 495.0, 595.0, 691.0, 799.0, 896.0]
scores: [0.7911954764945206, 0.979031499051991, 0.8419603842050134, 0.8604026488276606, 1.0, 1.0, 0.9956621464433424, 1.0, 1.0]
