training_data_sizes: [0.1, 0.2, 0.3, 0.4, 0.5, 0.6]
times: [218.04, 442.05, 653.49, 872.24, 1093.14, 1301.39]
scores: [0.782533351387425, 0.835480526114275, 0.9609544973446824, 0.952602593166902, 0.9668694094063383, 1.0]
