training_data_sizes: [0.1, 0.2, 0.3, 0.4, 0.5, 0.6, 0.7, 0.8, 0.9]
times: [10.0, 39.0, 55.0, 78.0, 95.0, 111.0, 135.0, 152.0, 172.0]
scores: [0.9613104946072062, 1.0, 1.0, 1.0, 0.980864964469635, 1.0, 1.0, 1.0, 1.0]
