training_data_sizes: [0.1, 0.2, 0.3, 0.4, 0.5, 0.6, 0.7, 0.8, 0.9]
times: [87.46, 159.59, 239.19, 315.1, 393.58, 474.04, 546.96, 628.69, 704.72]
scores: [0.8652613104583253, 0.9354080803320107, 0.8866586623612372, 1.0, 0.9709746554474754, 0.8714320310841928, 0.9657174874369232, 0.9876635284513741, 0.9696392080546787]
