training_data_sizes: [0.1, 0.2, 0.3, 0.4, 0.5, 0.6, 0.7, 0.8, 0.9, 1.0]
times: [116.0, 230.0, 353.0, 470.0, 594.0, 718.0, 832.0, 953.0, 1074.0, 1190.0]
scores: [0.9176184868420956, 0.9357557283778644, 0.9571796501423735, 1.0, 1.0, 0.9959318866973658, 0.9775197661841313, 1.0, 1.0, 1.0]
