training_data_sizes: [0.1, 0.2, 0.3, 0.4, 0.5, 0.6, 0.7, 0.8, 0.9, 1.0]
times: [111.08, 224.27, 332.12, 445.05, 554.74, 660.93, 775.91, 883.49, 995.5, 1101.43]
scores: [0.863194727113464, 0.8114750827825192, 0.8635402999829521, 1.0, 1.0, 0.9903121966134595, 1.0, 1.0, 1.0, 1.0]
