training_data_sizes: [0.1, 0.2, 0.3, 0.4, 0.5, 0.6, 0.7, 0.8, 0.9, 1.0]
times: [57.0, 111.0, 174.0, 239.0, 295.0, 357.0, 413.0, 470.0, 530.0, 598.0]
scores: [0.48740233738977523, 0.44296457748741885, 0.5049702799210181, 0.601318338614153, 0.580119772870322, 0.6782614305394855, 0.7072302076730637, 0.7705719032660163, 0.747135219838259, 0.8796160498913665]
