training_data_sizes: [0.1, 0.2, 0.3, 0.4, 0.5, 0.6, 0.7, 0.8]
times: [127.27, 255.39, 378.45, 509.72, 625.8, 753.78, 877.34, 1003.96]
scores: [0.9037355918004057, 0.899341014837477, 0.9318230109703254, 1.0, 0.9753878536036311, 1.0, 0.9758003250014093, 1.0]
