training_data_sizes: [0.1, 0.2, 0.3, 0.4, 0.5, 0.6, 0.7]
times: [12.0, 30.0, 57.0, 75.0, 92.0, 110.0, 137.0]
scores: [0.6847946986097896, 0.6264795387662836, 0.6377367099537335, 0.5548965851954826, 0.6536944921571656, 0.5446099824307229, 0.5885114426307355]
