training_data_sizes: [0.1, 0.2, 0.3, 0.4, 0.5, 0.6, 0.7, 0.8, 0.9]
times: [164.82, 258.35, 324.31, 424.52, 409.02, 888.9, 733.0, 1023.26, 1130.21]
scores: [0.992255297339353, 0.990111404238956, 0.9802963405265166, 0.9746566935622908, 0.9667235486053284, 0.9822174168529461, 0.9768474777545132, 0.9854497162925957, 0.9754641728925123]
