training_data_sizes: [0.1, 0.2, 0.3, 0.4, 0.5, 0.6, 0.7, 0.8, 0.9]
times: [62.0, 137.0, 209.0, 273.0, 342.0, 415.0, 487.99999999999994, 553.0, 621.0]
scores: [0.7937074925525897, 0.9018800669115046, 0.8736035689844378, 1.0, 1.0, 1.0, 1.0, 1.0, 1.0]
