training_data_sizes: [0.1, 0.2, 0.3]
times: [270.77, 542.54, 805.96]
scores: [0.45686498178630625, 0.6043881873307074, 0.46936512379581546]
