training_data_sizes: [0.1, 0.2, 0.3, 0.4, 0.5, 0.6, 0.7]
times: [175.52, 350.29, 524.05, 695.35, 858.39, 1031.02, 1208.7]
scores: [0.833461659701183, 0.9354818671225948, 0.9925243375774797, 0.9701667097586317, 1.0, 1.0, 0.9767560775766796]
