training_data_sizes: [0.1, 0.2, 0.3, 0.4, 0.5, 0.6, 0.7, 0.8]
times: [5.0, 16.0, 25.0, 36.0, 41.0, 53.0, 65.0, 78.0]
scores: [0.8704827658001176, 0.9650526985475518, 0.9817727754852348, 1.0, 0.9928579029695768, 0.9943738082723635, 0.9771245382372102, 0.9750637269423065]
