training_data_sizes: [0.1, 0.2, 0.3, 0.4, 0.5, 0.6, 0.7, 0.8]
times: [89.37, 182.49, 267.72, 351.37, 440.71, 528.56, 616.77, 703.62]
scores: [0.8513450072690079, 0.764303745458778, 0.8813617480959696, 0.8409934160801946, 0.934648772041329, 1.0, 1.0, 1.0]
