training_data_sizes: [0.1, 0.2, 0.3, 0.4, 0.5, 0.6, 0.7, 0.8, 0.9, 1.0]
times: [0.78, 1.42, 2.14, 3.29, 4.45, 5.61, 7.0, 7.76, 9.05, 9.51]
scores: [0.2976681358466012, 0.297420336312421, 0.3134864277076886, 0.3121005268975347, 0.315910796379002, 0.32629526517583335, 0.3273198526882825, 0.3311665337290893, 0.3312213002367757, 0.3316004127347436]
