training_data_sizes: [0.1, 0.2, 0.3, 0.4, 0.5, 0.6]
times: [188.88, 375.51, 554.64, 739.33, 920.08, 1102.88]
scores: [0.8695707622343682, 0.7595191816645595, 0.9693786244250315, 0.8566196662945237, 0.9659656037936727, 0.9110302658400428]
