training_data_sizes: [0.1, 0.2, 0.3, 0.4, 0.5, 0.6, 0.7, 0.8, 0.9, 1.0]
times: [4.79, 9.38, 14.84, 23.64, 28.66, 40.34, 46.3, 58.69, 68.87, 78.28]
scores: [0.984388564706834, 0.9463328120261587, 0.9323402676779695, 0.908896825659606, 0.8877054287192965, 0.8821561730040854, 0.8659067937773841, 0.8552021709364062, 0.8495218104320801, 0.8409618540846184]
