training_data_sizes: [0.1, 0.2, 0.3]
times: [339.7, 667.11, 1001.48]
scores: [0.889761014263273, 0.9336142582838525, 0.9466689270828327]
