training_data_sizes: [0.1, 0.2, 0.3, 0.4, 0.5, 0.6, 0.7, 0.8, 0.9, 1.0]
times: [68.0, 136.0, 200.0, 276.0, 344.0, 419.0, 482.99999999999994, 559.0, 621.0, 692.0]
scores: [0.6034101744255542, 0.5511644627349023, 0.5342759813323976, 0.7166350774328314, 0.7232428317683655, 0.7685309679594465, 0.9011097729469602, 0.9731388949615762, 0.9716640130358323, 0.9255999191136499]
