training_data_sizes: [0.1, 0.2, 0.3, 0.4, 0.5, 0.6, 0.7, 0.8, 0.9, 1.0]
times: [123.62, 245.58, 363.94, 485.31, 605.81, 723.16, 847.69, 963.8, 1083.81, 1202.02]
scores: [0.9189029109308436, 0.8846455770178036, 1.0, 0.9745250607351161, 1.0, 1.0, 1.0, 0.9679047008242074, 1.0, 1.0]
