training_data_sizes: [0.1, 0.2, 0.3, 0.4]
times: [22.0, 51.0, 82.0, 116.0]
scores: [0.6480217350926144, 0.752642128647598, 0.7600605604185053, 0.7091638136302867]
