training_data_sizes: [0.1, 0.2, 0.3, 0.4, 0.5, 0.6, 0.7, 0.8]
times: [163.63, 327.05, 491.56, 657.55, 821.15, 980.81, 1141.85, 1303.78]
scores: [0.9358787895359253, 1.0, 0.9592386218436684, 1.0, 0.9939336958577958, 1.0, 0.9848061024475319, 1.0]
