training_data_sizes: [0.1, 0.2, 0.3, 0.4]
times: [177.87, 358.25, 534.86, 705.56]
scores: [0.644777734478873, 0.6644452103087581, 0.7107247968054136, 0.7786532696580792]
