training_data_sizes: [0.1, 0.2, 0.3, 0.4, 0.5, 0.6, 0.7, 0.8, 0.9]
times: [96.46, 178.16, 276.08, 358.55, 447.63, 537.77, 622.56, 714.52, 800.33]
scores: [0.6706250012449037, 0.7303054531386018, 0.803012305466271, 0.8660258777216726, 0.8964049071720377, 0.9327613611773591, 0.9845232546976916, 1.0, 1.0]
