training_data_sizes: [0.1, 0.2, 0.3, 0.4, 0.5]
times: [22.0, 58.0, 81.0, 116.0, 149.0]
scores: [0.6237359152697272, 0.4849373660265711, 0.5091269551149246, 0.5758183527174188, 0.6102025466606261]
