training_data_sizes: [0.1, 0.2, 0.3, 0.4, 0.5, 0.6, 0.7]
times: [73.0, 151.0, 230.0, 310.0, 396.0, 473.0, 559.0]
scores: [0.6254552485541427, 0.7474922751879642, 0.7045199091395635, 0.5602182497821974, 0.6231805854072439, 0.6038237555192985, 0.5269510796655236]
