training_data_sizes: [0.1, 0.2, 0.3, 0.4, 0.5, 0.6, 0.7, 0.8, 0.9, 1.0]
times: [89.0, 173.0, 266.0, 350.0, 447.0, 538.0, 627.0, 715.0, 809.0, 898.0]
scores: [0.9637744975153306, 0.9742815782619565, 0.9241353509198795, 1.0, 1.0, 1.0, 1.0, 1.0, 1.0, 1.0]
