training_data_sizes: [0.1, 0.2, 0.3, 0.4, 0.5, 0.6, 0.7, 0.8, 0.9]
times: [107.32, 203.32, 301.2, 400.36, 500.97, 601.86, 708.95, 803.23, 902.21]
scores: [0.7501617960507092, 0.7548280193248178, 0.8913192328766042, 0.7871221487021127, 0.8093796220401976, 0.9461735059006365, 0.8484951311640954, 0.838203482866563, 0.7633426151756608]
