training_data_sizes: [0.1, 0.2, 0.3, 0.4, 0.5, 0.6, 0.7, 0.8, 0.9, 1.0]
times: [129.0, 253.0, 382.0, 511.0, 648.0, 772.0, 901.9999999999999, 1036.0, 1162.0, 1296.0]
scores: [0.9592739574241032, 0.8921482130209623, 0.8923836581783331, 0.8723614835390336, 0.9563308842396292, 1.0, 0.9705205957506742, 1.0, 1.0, 1.0]
