training_data_sizes: [0.1, 0.2, 0.3, 0.4, 0.5, 0.6, 0.7, 0.8, 0.9]
times: [18.0, 38.0, 52.0, 75.0, 97.0, 118.0, 133.0, 154.0, 172.0]
scores: [0.8867792973967785, 0.972255147541876, 0.8942558398002964, 0.8654079233066843, 0.8447894304103514, 0.8269886775649278, 0.8814185246449042, 0.9276917986130269, 0.925628691185421]
