training_data_sizes: [0.1, 0.2, 0.3, 0.4]
times: [40.0, 96.0, 141.0, 193.0]
scores: [0.8889502723261993, 0.8486474621804712, 0.8540618013696882, 1.0]
