training_data_sizes: [0.1, 0.2, 0.3, 0.4, 0.5]
times: [127.0, 252.0, 388.0, 517.0, 646.0]
scores: [0.7301077187222638, 0.627081115873638, 0.6321604700467656, 0.7540519119746301, 0.7359397108030188]
