training_data_sizes: [0.1, 0.2, 0.3]
times: [105.0, 217.0, 322.0]
scores: [0.828760933584256, 0.8889089872613662, 0.9343386059756202]
