training_data_sizes: [0.1, 0.2, 0.3, 0.4, 0.5]
times: [127.24, 247.41, 363.69, 482.85, 601.1]
scores: [0.935871980778439, 0.7890925346106916, 0.8821136582368603, 0.9298874623967563, 0.9586851463168311]
