training_data_sizes: [0.1, 0.2, 0.3, 0.4, 0.5, 0.6, 0.7, 0.8]
times: [186.59, 338.9, 466.04, 624.32, 734.81, 877.97, 1000.25, 1135.51]
scores: [0.824376088438296, 0.8552271532394993, 0.8699645206472089, 0.8815510248714296, 0.8920663492711098, 0.9008721784746534, 0.9069266311239896, 0.9116893561733479]
