training_data_sizes: [0.1, 0.2, 0.3]
times: [275.18, 539.47, 806.3]
scores: [0.8361262002995655, 0.8846164660437483, 0.8036561865606994]
