training_data_sizes: [0.1, 0.2, 0.3, 0.4, 0.5, 0.6, 0.7, 0.8, 0.9]
times: [139.21, 275.12, 403.79, 535.21, 670.27, 800.26, 935.08, 1075.04, 1205.12]
scores: [0.9541518818497879, 0.9572938630712822, 0.8259685362817504, 0.8543222267846486, 1.0, 1.0, 0.9782587758917414, 1.0, 0.9509217310389717]
