training_data_sizes: [0.1, 0.2, 0.3]
times: [242.41, 468.97, 704.02]
scores: [0.6889568392050726, 0.8720070434302664, 0.8996706182966528]
