training_data_sizes: [0.1, 0.2, 0.3, 0.4, 0.5, 0.6, 0.7, 0.8, 0.9, 1.0]
times: [0.18, 0.31, 0.44, 0.56, 0.73, 0.9, 1.08, 1.23, 1.4, 1.56]
scores: [0.8731944196267554, 0.8288423644659537, 0.8089633022540301, 0.811625741289733, 0.7991542053459464, 0.7910894446668755, 0.7966992395188304, 0.7926817062326765, 0.7880362347978407, 0.7868629375512277]
