training_data_sizes: [0.1, 0.2, 0.3, 0.4, 0.5]
times: [103.0, 213.0, 320.0, 435.0, 543.0]
scores: [0.8931006129197947, 0.9072113400635194, 0.929914844689715, 1.0, 1.0]
