training_data_sizes: [0.1, 0.2]
times: [359.7, 917.33]
scores: [0.04164368508837954, 0.05211091032206508]
