training_data_sizes: [0.1, 0.2, 0.3, 0.4, 0.5, 0.6, 0.7, 0.8, 0.9, 1.0]
times: [93.0, 199.0, 295.0, 396.0, 497.0, 599.0, 691.0, 799.0, 896.0, 994.0]
scores: [0.9091473425205147, 0.963569817437905, 0.9198111762037777, 0.9801488695749907, 1.0, 1.0, 1.0, 1.0, 1.0, 1.0]
