training_data_sizes: [0.1, 0.2, 0.3, 0.4, 0.5, 0.6, 0.7, 0.8, 0.9, 1.0]
times: [115.89, 222.14, 337.44, 448.89, 554.21, 666.56, 771.14, 886.39, 998.4, 1101.56]
scores: [0.6698940842468237, 0.6991416692709616, 0.7166010298607763, 0.8879006291596814, 0.944202473727709, 1.0, 1.0, 0.9806022589428551, 0.9975326407906129, 1.0]
