training_data_sizes: [0.1, 0.2, 0.3, 0.4, 0.5, 0.6, 0.7, 0.8, 0.9]
times: [30.0, 78.0, 112.0, 156.0, 194.0, 238.0, 272.0, 314.0, 359.0]
scores: [0.8947632835765733, 0.928493819230729, 0.9146728913525259, 0.9289130944278721, 0.902800738095789, 0.9537293765771198, 1.0, 1.0, 1.0]
