training_data_sizes: [0.1, 0.2, 0.3]
times: [209.3, 403.96, 605.71]
scores: [0.5612601861132277, 0.4912709351207197, 0.5160926729647348]
