training_data_sizes: [0.1, 0.2, 0.3, 0.4, 0.5, 0.6, 0.7, 0.8, 0.9, 1.0]
times: [50.0, 117.0, 170.0, 231.0, 290.0, 356.0, 419.0, 472.0, 531.0, 595.0]
scores: [0.5995699519092892, 0.6768191260519455, 0.7849178624516261, 0.7669494845245302, 0.8518589512852417, 0.9407350218990125, 0.9775617200810249, 1.0, 1.0, 1.0]
