training_data_sizes: [0.1, 0.2, 0.3]
times: [241.46, 476.44, 704.87]
scores: [0.885202403870854, 0.9027083964261244, 0.8212797556022813]
