training_data_sizes: [0.1, 0.2, 0.3, 0.4, 0.5, 0.6]
times: [186.75, 373.4, 551.59, 740.45, 924.99, 1103.43]
scores: [0.8684171036796735, 0.9851162948162616, 0.992610159405172, 0.9143687150601145, 1.0, 1.0]
