training_data_sizes: [0.1, 0.2, 0.3, 0.4, 0.5, 0.6, 0.7, 0.8]
times: [131.0, 272.0, 416.0, 553.0, 697.0, 834.0, 977.9999999999999, 1114.0]
scores: [0.7334261071066766, 0.9271335761069723, 0.9286875580479543, 1.0, 0.8963745463174633, 1.0, 0.969011144999816, 1.0]
