training_data_sizes: [0.1, 0.2, 0.3, 0.4]
times: [205.5, 409.1, 609.65, 803.04]
scores: [0.8900483133195487, 0.9400101517284527, 0.8483297721295573, 0.8120317306854412]
