training_data_sizes: [0.1, 0.2]
times: [659.26, 1304.63]
scores: [0.8755666485196296, 0.9803791926420931]
