training_data_sizes: [0.1, 0.2]
times: [406.43, 804.47]
scores: [0.8374269062532569, 0.8084365165359952]
