training_data_sizes: [0.1, 0.2]
times: [20.0, 53.0]
scores: [0.6027913750666809, 0.6427993502386006]
