training_data_sizes: [0.1, 0.2, 0.3, 0.4, 0.5, 0.6, 0.7]
times: [175.56, 344.89, 518.11, 693.61, 861.59, 1035.21, 1209.42]
scores: [0.9040335602849737, 0.9966973295753084, 0.910423552582438, 0.9848583943124547, 0.8080483604982536, 0.8436009960506834, 0.858950771937595]
