training_data_sizes: [0.1, 0.2, 0.3, 0.4, 0.5, 0.6, 0.7, 0.8]
times: [22.0, 58.0, 81.0, 118.0, 147.0, 172.0, 205.0, 235.0]
scores: [0.9930474360003357, 1.0, 0.8743804182686025, 0.9682351439728739, 1.0, 0.9186091367020006, 0.9834980464170304, 1.0]
