training_data_sizes: [0.1, 0.2, 0.3, 0.4, 0.5]
times: [285.77, 566.48, 847.44, 1122.43, 1408.29]
scores: [0.6549028656361184, 0.6308350122042262, 0.7859210664707565, 0.7862991565637104, 0.9304750272553006]
