training_data_sizes: [0.1, 0.2, 0.3, 0.4, 0.5, 0.6, 0.7, 0.8]
times: [125.24, 259.52, 378.68, 506.59, 634.68, 755.52, 875.96, 1000.55]
scores: [0.6115422208385152, 0.5845216652098706, 0.8138976960473681, 0.7959219922492322, 0.7908946125810131, 0.9178905238638717, 0.9458698074385472, 1.0]
