training_data_sizes: [0.1, 0.2, 0.3, 0.4, 0.5, 0.6, 0.7, 0.8]
times: [120.06, 231.3, 344.79, 451.58, 569.76, 675.64, 789.87, 908.38]
scores: [0.9423899438010146, 0.9915927816647331, 0.8223905273598009, 0.9810810051197414, 1.0, 0.9969829538186226, 0.8731078642351487, 1.0]
