training_data_sizes: [0.1, 0.2, 0.3, 0.4, 0.5]
times: [22.0, 50.0, 85.0, 110.0, 143.0]
scores: [0.7055000454963135, 0.7685028961349754, 0.8570040245140713, 0.8875232747739988, 0.9158383852854405]
