training_data_sizes: [0.1, 0.2, 0.3, 0.4, 0.5, 0.6, 0.7, 0.8, 0.9]
times: [5.0, 17.0, 26.0, 39.0, 41.0, 55.0, 64.0, 79.0, 88.0]
scores: [0.8159935200654277, 0.8257738507372274, 0.7869951644639244, 0.9820036717770322, 0.9405697317408732, 0.9343136680320971, 0.944240956172707, 1.0, 1.0]
