training_data_sizes: [0.1, 0.2, 0.3, 0.4, 0.5, 0.6, 0.7, 0.8]
times: [43.0, 98.0, 149.0, 194.0, 248.0, 296.0, 341.0, 399.0]
scores: [0.741360936132201, 0.798994266129676, 0.7841686957545162, 0.8485912144420662, 0.9709168102042824, 1.0, 0.9440980709922633, 0.8993924721472562]
