training_data_sizes: [0.1, 0.2, 0.3, 0.4, 0.5, 0.6, 0.7, 0.8]
times: [42.0, 92.0, 145.0, 193.0, 247.0, 292.0, 341.0, 395.0]
scores: [0.6352240381728407, 0.7248050818916925, 0.7423451793172701, 0.6695107312071557, 0.7037487466796993, 0.779961430093046, 0.8700202729711973, 0.808727106023001]
