training_data_sizes: [0.1, 0.2]
times: [356.65, 706.32]
scores: [0.6829369887317988, 0.6870125317791647]
