training_data_sizes: [0.1, 0.2, 0.3, 0.4]
times: [123.0, 257.0, 381.0, 518.0]
scores: [0.8573923996101696, 0.84970589569932, 0.9105711584157301, 1.0]
