training_data_sizes: [0.1, 0.2, 0.3, 0.4, 0.5, 0.6, 0.7, 0.8, 0.9, 1.0]
times: [76.78, 96.61, 112.64, 116.02, 121.51, 127.71, 127.21, 133.12, 139.92, 141.28]
scores: [0.2266158958443414, 0.23410640160041618, 0.23891953891132, 0.23849753383098504, 0.23780187000757635, 0.23714122808958094, 0.23755687480775656, 0.236729423582708, 0.23653589839748157, 0.2366291349403009]
