training_data_sizes: [0.1, 0.2, 0.3]
times: [306.72, 608.04, 900.29]
scores: [0.8341862416813213, 0.7089293218667333, 0.7586498147554066]
