training_data_sizes: [0.1, 0.2]
times: [73.0, 155.0]
scores: [0.6548213708117513, 0.7901530958683527]
