training_data_sizes: [0.1, 0.2, 0.3, 0.4, 0.5]
times: [203.81, 404.69, 608.09, 803.99, 1000.34]
scores: [0.6401430712599668, 0.7556603592862358, 0.6976905798253769, 0.8982992893997482, 0.8881849137805558]
