training_data_sizes: [0.1, 0.2]
times: [501.06, 1009.13]
scores: [0.8306475275430539, 0.7711140197430475]
