training_data_sizes: [0.1, 0.2, 0.3, 0.4]
times: [33.0, 73.0, 119.0, 150.0]
scores: [0.8971395122515836, 0.8979810363065887, 0.959620097539281, 0.9087610273561599]
