training_data_sizes: [0.1, 0.2, 0.3, 0.4, 0.5]
times: [248.41, 480.14, 726.38, 969.08, 1201.45]
scores: [0.9162988457230907, 0.9102861623703318, 0.860690664537904, 0.8892796252826448, 0.9833391860739477]
