training_data_sizes: [0.1, 0.2, 0.3, 0.4, 0.5, 0.6]
times: [11.0, 35.0, 52.0, 79.0, 96.0, 114.0]
scores: [0.8564824941563771, 0.8865136047257954, 0.9584011024266423, 1.0, 0.9267740188019242, 1.0]
