training_data_sizes: [0.1, 0.2, 0.3, 0.4, 0.5, 0.6, 0.7]
times: [42.0, 99.0, 146.0, 193.0, 245.0, 290.0, 345.0]
scores: [0.5238848434205181, 0.5679502833358201, 0.6258764271017263, 0.5579701438711989, 0.5825651268353592, 0.6326407225722368, 0.7925117454117672]
