training_data_sizes: [0.1, 0.2]
times: [40.0, 96.0]
scores: [0.6115911709456738, 0.5764099937121566]
