training_data_sizes: [0.1, 0.2, 0.3, 0.4, 0.5]
times: [247.1, 488.47, 720.93, 963.97, 1202.37]
scores: [0.8940793162215646, 0.9248348410018572, 0.9168547222263332, 0.9745244310794369, 1.0]
