training_data_sizes: [0.1, 0.2, 0.3, 0.4, 0.5, 0.6, 0.7, 0.8, 0.9, 1.0]
times: [119.0, 230.0, 356.0, 476.0, 590.0, 715.0, 837.0, 958.0, 1073.0, 1199.0]
scores: [0.9339188151775871, 0.8549617354249746, 0.9474642881552569, 0.834264507496836, 0.8235010528672853, 0.8913913441187797, 0.9042766101929214, 0.7942071314072072, 0.9301783102925694, 0.8682796268160038]
