training_data_sizes: [0.1, 0.2, 0.3, 0.4, 0.5, 0.6, 0.7, 0.8, 0.9, 1.0]
times: [79.85, 167.24, 256.47, 355.04, 463.57, 578.33, 702.46, 763.32, 873.72, 992.67]
scores: [0.9638674683189017, 0.893929254958935, 0.8355609044243728, 0.7904422654005047, 0.7493520914941221, 0.7148041869042987, 0.682638722782463, 0.6539768133140622, 0.6276811277310279, 0.6046571251432705]
