training_data_sizes: [0.1, 0.2, 0.3, 0.4, 0.5, 0.6, 0.7]
times: [96.0, 192.0, 295.0, 398.0, 498.0, 590.0, 692.0]
scores: [0.8715186983788896, 0.884253636143221, 1.0, 0.9734334368228523, 1.0, 1.0, 0.9818333012321151]
