training_data_sizes: [0.1, 0.2, 0.3, 0.4, 0.5, 0.6, 0.7, 0.8, 0.9]
times: [53.62, 117.47, 193.93, 273.13, 348.72, 436.06, 522.21, 620.9, 716.54]
scores: [0.774586070681192, 0.6521602109222203, 0.6328696891723771, 0.6000220440282249, 0.5886770387477978, 0.5763622594469665, 0.5661861745517554, 0.565715457129174, 0.5605664979781236]
