training_data_sizes: [0.1, 0.2, 0.3, 0.4, 0.5, 0.6, 0.7, 0.8]
times: [153.01, 301.89, 455.72, 607.64, 758.12, 902.74, 1051.99, 1207.76]
scores: [0.981628135242447, 0.9970845500127847, 0.9068195411407003, 1.0, 0.9419920958610806, 1.0, 1.0, 1.0]
