training_data_sizes: [0.1, 0.2, 0.3, 0.4, 0.5, 0.6, 0.7, 0.8]
times: [83.1, 159.94, 234.45, 307.41, 382.71, 452.88, 528.44, 603.97]
scores: [0.663825494235929, 0.6750183944266154, 0.7558381416364834, 0.801469528970911, 0.6587868398127759, 0.7677609068194389, 0.7169741513403799, 0.5509067433596454]
