training_data_sizes: [0.1, 0.2, 0.3, 0.4]
times: [353.9, 707.43, 1057.72, 1401.87]
scores: [0.6670845350263535, 0.6680289933547855, 0.6470526823160142, 0.714482782611773]
