training_data_sizes: [0.1, 0.2, 0.3, 0.4, 0.5, 0.6]
times: [237.07, 472.11, 704.24, 941.28, 1171.17, 1406.56]
scores: [0.7433938138332544, 0.696571417490855, 0.7293403016677894, 0.713757435119285, 0.910319467767476, 0.8166926852946506]
