training_data_sizes: [0.1, 0.2, 0.3, 0.4]
times: [23.0, 59.0, 86.0, 117.0]
scores: [0.9334841748123806, 0.8601831046435564, 0.8387957711526188, 0.9791396324020869]
