training_data_sizes: [0.1, 0.2, 0.3, 0.4, 0.5, 0.6, 0.7, 0.8, 0.9, 1.0]
times: [85.01, 165.12, 242.93, 325.17, 407.79, 483.9, 562.52, 647.07, 721.04, 806.68]
scores: [0.6935630045438016, 0.6784769426749121, 0.5902754263465217, 0.6698000987740199, 0.840379467622999, 0.8031911978378639, 0.890421135214482, 0.9478046851036213, 0.9791997801456547, 1.0]
