training_data_sizes: [0.1, 0.2, 0.3, 0.4, 0.5, 0.6, 0.7, 0.8]
times: [48.0, 95.0, 141.0, 197.0, 248.0, 298.0, 345.0, 398.0]
scores: [0.9323601247641478, 0.9356898999673449, 0.9038010915225917, 0.9655139529035401, 0.9719691440915615, 0.9507238761991834, 0.8907885703537926, 0.9353826475640384]
