training_data_sizes: [0.1, 0.2, 0.3, 0.4]
times: [17.0, 39.0, 50.0, 73.0]
scores: [0.5727267191219335, 0.6535250498657157, 0.6598890973792979, 0.8527375562002937]
