training_data_sizes: [0.1, 0.2, 0.3, 0.4]
times: [54.0, 116.0, 171.0, 236.0]
scores: [0.8362963816663878, 0.9332350797006294, 0.9478086359460909, 0.875743445530885]
