training_data_sizes: [0.1, 0.2, 0.3, 0.4]
times: [177.36, 355.38, 525.95, 706.32]
scores: [0.960063558600834, 1.0, 0.9287808027908447, 1.0]
