training_data_sizes: [0.1, 0.2, 0.3, 0.4, 0.5]
times: [261.3, 527.44, 782.87, 1047.87, 1305.18]
scores: [0.8034071710792317, 0.8595340035678318, 0.8742002829156477, 0.8954379294451674, 1.0]
