training_data_sizes: [0.1, 0.2, 0.3, 0.4, 0.5, 0.6, 0.7, 0.8, 0.9]
times: [128.88, 249.19, 371.58, 494.08, 617.68, 738.11, 856.4, 983.31, 1101.51]
scores: [0.9615791247044805, 0.9023391939116882, 1.0, 0.9338443419715557, 1.0, 1.0, 1.0, 0.9332661967941346, 1.0]
