training_data_sizes: [0.1, 0.2, 0.3, 0.4, 0.5, 0.6, 0.7, 0.8, 0.9, 1.0]
times: [57.21, 120.61, 195.17, 269.49, 343.63, 437.03, 511.1, 560.3, 664.09, 724.03]
scores: [0.6180944709357853, 0.6362951432819668, 0.6445568588739571, 0.6500695384589518, 0.6528433655889158, 0.6559628683072274, 0.6584500856854312, 0.6599104809870628, 0.6613026057041593, 0.6626157919134226]
