training_data_sizes: [0.1, 0.2, 0.3, 0.4, 0.5]
times: [85.0, 172.0, 269.0, 354.0, 443.0]
scores: [0.6571860384590202, 0.7784297652234573, 0.8187075282723973, 0.9277573149561624, 0.8546471119243823]
