training_data_sizes: [0.1, 0.2, 0.3, 0.4, 0.5, 0.6, 0.7, 0.8, 0.9, 1.0]
times: [140.84, 282.53, 420.87, 564.57, 708.15, 842.85, 982.45, 1127.34, 1263.88, 1401.05]
scores: [0.8533489903569589, 0.8521218479848631, 0.8519689979969107, 1.0, 1.0, 1.0, 0.9310946962278648, 0.9458643441387974, 1.0, 0.9645818035917828]
