training_data_sizes: [0.1, 0.2, 0.3, 0.4, 0.5, 0.6]
times: [89.0, 176.0, 265.0, 350.0, 449.0, 533.0]
scores: [0.9361203878630012, 0.8849169913050716, 0.8526810311546267, 0.8128628243843963, 0.9232444689756085, 0.915718433949176]
