training_data_sizes: [0.1, 0.2, 0.3, 0.4, 0.5, 0.6, 0.7, 0.8, 0.9]
times: [70.57, 139.96, 204.72, 274.16, 340.51, 408.0, 471.35, 539.86, 602.48]
scores: [0.8447039239287059, 0.9343358865430595, 1.0, 0.8751099278936818, 0.9598164676956419, 1.0, 1.0, 1.0, 1.0]
