training_data_sizes: [0.1, 0.2, 0.3, 0.4, 0.5, 0.6, 0.7, 0.8, 0.9, 1.0]
times: [131.36, 266.07, 393.04, 529.72, 659.64, 786.54, 914.75, 1048.24, 1177.32, 1300.52]
scores: [0.4866890911389171, 0.5076929073377426, 0.554084887000863, 0.4482457911535693, 0.5978477177201368, 0.5921243556320426, 0.5559087200466175, 0.7608296788022023, 0.742737833201349, 0.9508481541731608]
