training_data_sizes: [0.1, 0.2, 0.3, 0.4]
times: [120.0, 250.0, 380.0, 519.0]
scores: [0.63902130455509, 0.5410173196956907, 0.6514466962848419, 0.4977014347012876]
