training_data_sizes: [0.1, 0.2, 0.3, 0.4, 0.5]
times: [160.23, 329.54, 487.74, 640.16, 809.36]
scores: [0.5854638091951815, 0.5357836687933955, 0.5562670167612758, 0.699780651378435, 0.7677206626212004]
