training_data_sizes: [0.1, 0.2, 0.3, 0.4, 0.5, 0.6]
times: [175.99, 340.87, 502.6, 670.9, 835.77, 1002.45]
scores: [0.7760590130227949, 0.8852098170689241, 0.8978421836172843, 0.8144367556950007, 0.886564200193491, 0.8596405226270871]
