training_data_sizes: [0.1, 0.2, 0.3, 0.4, 0.5, 0.6, 0.7]
times: [27.0, 59.0, 89.0, 115.0, 142.0, 174.0, 206.0]
scores: [0.7498172161550114, 0.7085677121781062, 0.7584485006286312, 0.819483303580687, 0.8807044235919125, 0.8058013873210186, 0.8177890243138349]
