training_data_sizes: [0.1, 0.2, 0.3, 0.4, 0.5]
times: [77.0, 156.0, 232.0, 314.0, 396.0]
scores: [0.516466458393062, 0.6318485529215527, 0.4807284354703134, 0.7065054586248037, 0.6591721661458966]
