training_data_sizes: [0.1, 0.2, 0.3, 0.4, 0.5, 0.6, 0.7]
times: [174.93, 343.79, 517.85, 692.37, 865.36, 1032.57, 1200.61]
scores: [0.8828074256285203, 0.9382187925007512, 0.935563942020439, 1.0, 0.9740446371264619, 1.0, 1.0]
