training_data_sizes: [0.1, 0.2, 0.3]
times: [433.84, 876.52, 1306.24]
scores: [0.8717342182137816, 0.7843832650377951, 0.9451028906690786]
