training_data_sizes: [0.1, 0.2, 0.3, 0.4, 0.5, 0.6, 0.7, 0.8, 0.9]
times: [92.0, 190.0, 294.0, 392.0, 496.0, 594.0, 696.0, 796.0, 893.0]
scores: [0.9178170192670507, 0.941900479801846, 0.9125206448170265, 0.9490220201653404, 0.9957935313220779, 1.0, 1.0, 1.0, 1.0]
