training_data_sizes: [0.1, 0.2, 0.3, 0.4, 0.5]
times: [121.16, 245.53, 369.52, 484.37, 606.13]
scores: [0.9122006218756034, 0.9833234860503788, 0.9278770566281467, 0.9909118571290494, 0.8106310628826521]
