training_data_sizes: [0.1, 0.2, 0.3, 0.4, 0.5, 0.6, 0.7]
times: [77.0, 153.0, 236.0, 316.0, 395.0, 476.0, 550.0]
scores: [0.8917993083048636, 0.9979314212998203, 0.9447970919189296, 0.9674868177857907, 1.0, 0.9692904535901772, 0.9870144600336253]
