training_data_sizes: [0.1, 0.2, 0.3, 0.4, 0.5]
times: [113.0, 234.0, 354.0, 474.0, 594.0]
scores: [0.8715092115486222, 0.8986580655551324, 0.8233449304478287, 0.7790309683890413, 0.7964492335180745]
