training_data_sizes: [0.1, 0.2, 0.3]
times: [441.11, 873.23, 1307.31]
scores: [0.7392930846186045, 0.822821070559915, 0.8201508465393145]
