training_data_sizes: [0.1, 0.2]
times: [652.55, 1301.53]
scores: [0.7269287957933757, 0.741716363212054]
