training_data_sizes: [0.1, 0.2, 0.3, 0.4, 0.5, 0.6, 0.7, 0.8, 0.9]
times: [28.0, 59.0, 86.0, 117.0, 143.0, 178.0, 202.0, 231.0, 260.0]
scores: [0.9545149404297124, 0.9651153907358958, 0.9535973914487421, 1.0, 1.0, 1.0, 1.0, 1.0, 1.0]
