training_data_sizes: [0.1, 0.2, 0.3, 0.4, 0.5, 0.6, 0.7, 0.8]
times: [90.04, 181.79, 271.44, 353.3, 438.93, 529.34, 615.28, 704.74]
scores: [0.7024100461406062, 0.9181489226979358, 0.8056201766103257, 1.0, 1.0, 0.9961750508189492, 1.0, 1.0]
