training_data_sizes: [0.1, 0.2, 0.3, 0.4, 0.5, 0.6, 0.7, 0.8]
times: [156.01, 309.01, 455.24, 603.51, 758.25, 902.35, 1053.72, 1205.86]
scores: [0.7781631852040766, 0.7804792965196605, 0.963079477046507, 0.8091401536001939, 0.9656615185491622, 0.9904893656859426, 1.0, 1.0]
