training_data_sizes: [0.1, 0.2, 0.3, 0.4]
times: [118.0, 239.0, 350.0, 476.0]
scores: [0.6002416455046955, 0.5565228279651263, 0.46244527025025967, 0.45321873082491954]
