training_data_sizes: [0.1, 0.2, 0.3, 0.4, 0.5, 0.6, 0.7, 0.8, 0.9]
times: [121.0, 255.0, 384.0, 512.0, 647.0, 778.0, 899.9999999999999, 1037.0, 1167.0]
scores: [0.7877484547477935, 0.7767786166747156, 0.8546181217968818, 0.7586747530166367, 0.8079017653769709, 0.802280164870649, 0.7058453558651616, 0.7914901777229713, 0.7161792963228373]
