training_data_sizes: [0.1, 0.2, 0.3, 0.4]
times: [333.74, 651.83, 984.95, 1300.19]
scores: [0.9596570432045983, 0.8162519406575723, 0.8403701968366915, 0.8396785703025544]
