training_data_sizes: [0.1, 0.2, 0.3, 0.4, 0.5]
times: [33.0, 72.0, 112.0, 153.0, 198.0]
scores: [0.9636959095372335, 0.8832496727590806, 0.8263207206913972, 0.9628515121884242, 1.0]
