training_data_sizes: [0.1, 0.2, 0.3, 0.4, 0.5, 0.6, 0.7, 0.8]
times: [170.48, 332.3, 491.05, 658.72, 815.58, 976.36, 1141.74, 1302.77]
scores: [0.8499398451434967, 0.8171814616098858, 0.8358618831619691, 0.9874924213433347, 0.9157159901138845, 0.9614209586343554, 1.0, 0.9580563856367201]
