training_data_sizes: [0.1, 0.2, 0.3, 0.4, 0.5, 0.6, 0.7, 0.8, 0.9]
times: [110.0, 237.0, 358.0, 475.0, 593.0, 710.0, 838.0, 956.0, 1072.0]
scores: [0.8260373571834925, 0.8113154474506457, 0.7758373275548635, 0.7651291296383487, 0.8517859570191657, 0.8345854253002878, 0.8250543142836911, 0.8478227677224471, 0.8468446468087452]
