training_data_sizes: [0.1, 0.2, 0.3, 0.4, 0.5, 0.6]
times: [221.57, 434.31, 652.17, 868.5, 1085.53, 1301.04]
scores: [0.6344264043318759, 0.7063380905378955, 0.8331880761877132, 0.7374965801751507, 0.8241052086235128, 1.0]
