training_data_sizes: [0.1, 0.2, 0.3, 0.4, 0.5, 0.6]
times: [170.75, 334.85, 508.78, 673.7, 834.38, 1002.08]
scores: [0.9070037817523358, 0.9294196003662067, 0.8616637411432544, 0.8053252946353027, 0.8354850419796113, 0.7933426200876781]
