training_data_sizes: [0.1, 0.2, 0.3, 0.4]
times: [103.0, 211.0, 325.0, 437.0]
scores: [0.847149923784055, 1.0, 0.8828298392761518, 0.9534868626369932]
