training_data_sizes: [0.1, 0.2, 0.3, 0.4, 0.5, 0.6, 0.7, 0.8]
times: [15.0, 39.0, 55.0, 78.0, 91.0, 115.0, 139.0, 152.0]
scores: [0.7151734782305157, 0.6974915592740485, 0.8450697441889405, 0.8795301934442076, 0.8304167603923409, 0.874533552220044, 0.9397518622101795, 1.0]
