training_data_sizes: [0.1, 0.2, 0.3, 0.4, 0.5, 0.6, 0.7, 0.8, 0.9, 1.0]
times: [104.0, 215.0, 320.0, 435.0, 543.0, 651.0, 760.0, 877.0, 981.0, 1097.0]
scores: [0.8437319575938804, 1.0, 0.8636289648061255, 0.9752616407130649, 0.9350195418015023, 0.983469148606447, 1.0, 1.0, 1.0, 1.0]
