training_data_sizes: [0.1, 0.2]
times: [551.12, 1102.98]
scores: [0.8059848117138335, 0.7874171139987305]
