training_data_sizes: [0.1, 0.2]
times: [77.0, 153.0]
scores: [0.7589172157379217, 0.9027035058467319]
