training_data_sizes: [0.1, 0.2, 0.3, 0.4, 0.5, 0.6, 0.7]
times: [20.0, 59.0, 86.0, 110.0, 145.0, 179.0, 202.0]
scores: [0.8604826615815973, 0.7924670020913529, 1.0, 0.9928291394237714, 1.0, 1.0, 1.0]
