training_data_sizes: [0.1, 0.2, 0.3, 0.4, 0.5]
times: [148.13, 285.41, 424.72, 565.1, 705.04]
scores: [0.8826651668211412, 0.906175825031394, 0.9216639417206246, 0.9580424364641085, 0.9008618383883981]
