training_data_sizes: [0.1, 0.2, 0.3, 0.4]
times: [100.22, 266.08, 494.38, 818.59]
scores: [1.0, 1.0, 0.9999461664953815, 0.9999666598962085]
