training_data_sizes: [0.1, 0.2, 0.3, 0.4, 0.5, 0.6, 0.7]
times: [145.53, 287.29, 433.5, 580.15, 719.2, 861.81, 1006.16]
scores: [0.6157000893602196, 0.5406961770095907, 0.6132831088516392, 0.6998767723355575, 0.8155609935139976, 0.7806549939583899, 0.8705026423192342]
