training_data_sizes: [0.1, 0.2, 0.3, 0.4, 0.5, 0.6, 0.7, 0.8, 0.9, 1.0]
times: [121.88, 242.96, 364.91, 480.25, 608.64, 725.16, 844.39, 962.58, 1082.72, 1208.67]
scores: [0.5053331939357412, 0.4592156355892582, 0.5774156575036724, 0.5522304460643053, 0.6829013903357551, 0.7400464644646495, 0.6969387380665366, 0.8627984221582208, 0.8839335105851451, 0.9894889274786807]
