training_data_sizes: [0.1, 0.2, 0.3, 0.4, 0.5]
times: [143.05, 289.13, 424.27, 568.64, 703.81]
scores: [0.8714663375638863, 0.8517467040857045, 0.830951317194857, 0.8584574226283463, 0.8420809026740889]
