training_data_sizes: [0.1, 0.2, 0.3, 0.4, 0.5, 0.6]
times: [221.99, 438.7, 659.22, 867.0, 1088.56, 1303.75]
scores: [0.9142981300568327, 0.8430069284930009, 0.8779757196892909, 0.8823359731887652, 0.9152845380435803, 0.9870361469750639]
