training_data_sizes: [0.1, 0.2, 0.3, 0.4, 0.5]
times: [27.0, 53.0, 83.0, 118.0, 145.0]
scores: [0.8229458089642956, 0.9148805376098381, 0.922753316743651, 0.8513488430788191, 0.8012773859184975]
