training_data_sizes: [0.1, 0.2, 0.3, 0.4, 0.5, 0.6, 0.7, 0.8]
times: [101.96, 208.24, 302.33, 407.37, 507.27, 606.2, 702.07, 802.69]
scores: [0.782420683432292, 0.7836036429939286, 0.9237724286174689, 0.8038916855703381, 0.9844502764997154, 0.9535998930109324, 0.8620010195535172, 0.9063882834689554]
