training_data_sizes: [0.1, 0.2, 0.3, 0.4, 0.5, 0.6, 0.7, 0.8, 0.9, 1.0]
times: [0.17, 0.22, 0.27, 0.37, 0.41, 0.5, 0.54, 0.56, 0.65, 0.64]
scores: [0.43682037976176424, 0.39121710681165567, 0.38828375286041195, 0.40061434712377864, 0.3955400789314103, 0.4045844948293009, 0.40821659792534937, 0.41005369780345235, 0.4096384229777983, 0.4026063100137174]
