training_data_sizes: [0.1, 0.2, 0.3, 0.4, 0.5, 0.6, 0.7, 0.8, 0.9, 1.0]
times: [0.37, 0.59, 0.73, 0.98, 1.2, 1.61, 1.59, 1.82, 1.85, 1.99]
scores: [0.7311233968790793, 0.7385113622655108, 0.7426682186212084, 0.7406074687103765, 0.741319263950154, 0.7430403785191038, 0.7420113309407415, 0.7434162153072035, 0.7429057243624522, 0.7420294014716191]
