training_data_sizes: [0.1, 0.2, 0.3, 0.4, 0.5, 0.6, 0.7, 0.8]
times: [53.0, 117.0, 176.0, 238.0, 294.0, 351.0, 412.0, 474.0]
scores: [0.836152942590775, 0.6702655275064393, 0.8125933254888826, 0.6891105259941235, 0.7776775713982557, 0.8247859711878041, 0.7061506685928917, 0.7134559214242796]
