training_data_sizes: [0.1, 0.2, 0.3, 0.4, 0.5, 0.6, 0.7, 0.8]
times: [122.0, 257.0, 386.0, 511.0, 644.0, 777.0, 902.9999999999999, 1038.0]
scores: [0.6196236041982979, 0.7130241039663141, 0.7100517753756719, 0.8051232248216982, 0.8455547783670349, 0.9383586482378807, 0.9447069473993979, 1.0]
