training_data_sizes: [0.1, 0.2, 0.3, 0.4, 0.5, 0.6, 0.7, 0.8, 0.9, 1.0]
times: [56.0, 112.0, 171.0, 235.0, 296.0, 355.0, 415.0, 473.0, 531.0, 590.0]
scores: [0.8555757493846381, 0.7536673449469362, 0.7566031361665753, 0.8768311069392609, 0.8855514075621824, 0.8353640283341168, 0.7329926909125741, 0.7510188746151043, 0.8121835628911958, 0.8728435239147219]
