training_data_sizes: [0.1, 0.2]
times: [403.13, 809.42]
scores: [0.7355132100442515, 0.9426238505018422]
