training_data_sizes: [0.1, 0.2, 0.3, 0.4, 0.5, 0.6, 0.7, 0.8, 0.9]
times: [72.0, 158.0, 236.0, 318.0, 391.0, 473.0, 556.0, 631.0, 712.0]
scores: [0.7927003993769735, 0.7447980062218108, 0.7308323365822377, 0.8621868789454097, 0.8445078288116723, 0.9009435899216921, 0.8868220476863948, 0.9324152595708095, 1.0]
