training_data_sizes: [0.1, 0.2, 0.3, 0.4, 0.5, 0.6, 0.7, 0.8, 0.9]
times: [160.48, 317.61, 469.86, 628.37, 780.88, 939.43, 1097.32, 1244.85, 1402.37]
scores: [0.9496318678964426, 0.9199922863072733, 0.9579367416373683, 0.8686884690848375, 1.0, 0.9422217591186857, 0.9529952269356383, 1.0, 0.9918138824660945]
