training_data_sizes: [0.1, 0.2, 0.3, 0.4, 0.5, 0.6]
times: [221.95, 433.52, 655.45, 868.44, 1090.34, 1303.63]
scores: [0.8045422098148185, 0.8414354534617359, 0.8993970543690364, 0.8449056776917847, 0.8971642158612955, 1.0]
