training_data_sizes: [0.1, 0.2, 0.3, 0.4, 0.5, 0.6, 0.7, 0.8, 0.9, 1.0]
times: [26.0, 51.0, 81.0, 110.0, 149.0, 178.0, 207.0, 235.0, 260.0, 296.0]
scores: [0.9087609197305837, 0.8570033870769352, 0.92045338858422, 0.9163307834820231, 0.9572418853305276, 0.9850916648359584, 0.9264682936303121, 0.9305082779287626, 0.9591993511958048, 0.9233505882914961]
