training_data_sizes: [0.1, 0.2, 0.3, 0.4, 0.5]
times: [280.47, 563.39, 840.43, 1125.81, 1402.7]
scores: [0.8883153196062616, 0.9833140960320605, 0.8530166452016945, 0.932126342263258, 1.0]
