training_data_sizes: [0.1, 0.2, 0.3]
times: [434.04, 867.53, 1306.85]
scores: [0.710217429738803, 0.7322984254303134, 0.622211422143002]
