training_data_sizes: [0.1, 0.2, 0.3, 0.4]
times: [354.21, 705.16, 1051.67, 1409.73]
scores: [0.7819702218708249, 0.801979982116766, 0.8074128255576647, 0.9409744026258728]
