training_data_sizes: [0.1, 0.2, 0.3, 0.4, 0.5, 0.6, 0.7, 0.8, 0.9, 1.0]
times: [67.0, 132.0, 201.0, 277.0, 342.0, 411.0, 483.99999999999994, 554.0, 625.0, 698.0]
scores: [0.7147452623145847, 0.9055378326232608, 0.887151152057917, 0.8193682870308584, 0.9997499672098692, 0.9221539307920321, 0.9362664802405523, 1.0, 0.9794647650794162, 1.0]
