training_data_sizes: [0.1, 0.2, 0.3, 0.4, 0.5, 0.6, 0.7, 0.8, 0.9]
times: [148.4, 291.77, 434.4, 578.64, 730.23, 869.66, 1019.65, 1163.05, 1309.01]
scores: [0.8848960374710948, 0.8499758458624862, 0.87995468826219, 0.8435524519114224, 0.8168727065353142, 0.7148107938714121, 0.8008307742659151, 0.8610779301132927, 0.8329069420079722]
