training_data_sizes: [0.1, 0.2, 0.3, 0.4, 0.5, 0.6, 0.7, 0.8, 0.9]
times: [107.0, 219.0, 321.0, 436.0, 541.0, 658.0, 764.0, 871.0, 988.0]
scores: [0.8651984131432953, 0.8582348635226364, 0.9444575626031797, 0.8131533325988256, 0.8515057719414094, 0.8752898206676588, 0.9627299740574025, 1.0, 0.9712022330848411]
