training_data_sizes: [0.1, 0.2, 0.3, 0.4, 0.5, 0.6, 0.7, 0.8]
times: [25.0, 51.0, 87.0, 117.0, 141.0, 171.0, 208.0, 238.0]
scores: [0.7368513796201783, 0.8239192667904709, 0.7623652117877417, 0.8383557036171004, 0.9601464236367829, 0.8618518337649733, 0.9193616325258458, 1.0]
