training_data_sizes: [0.1, 0.2, 0.3, 0.4]
times: [84.0, 170.0, 265.0, 350.0]
scores: [0.803189375096734, 0.7949820488468453, 0.817768796468716, 0.9759159846688589]
