training_data_sizes: [0.1, 0.2, 0.3, 0.4]
times: [51.0, 118.0, 178.0, 232.0]
scores: [0.7450113876574239, 0.7750913849241778, 0.7786694578756854, 0.8684833599611923]
