training_data_sizes: [0.1, 0.2, 0.3, 0.4, 0.5, 0.6, 0.7, 0.8]
times: [24.0, 51.0, 80.0, 117.0, 144.0, 178.0, 202.0, 236.0]
scores: [0.939117712937626, 0.9560331201572725, 0.9374692361181239, 0.9142727982803822, 1.0, 0.9833628582769446, 0.9758898170920144, 1.0]
