training_data_sizes: [0.1, 0.2, 0.3, 0.4, 0.5, 0.6, 0.7, 0.8, 0.9, 1.0]
times: [46.0, 96.0, 147.0, 194.0, 249.0, 291.0, 346.0, 391.0, 447.0, 495.0]
scores: [0.63305301433359, 0.49832320691003007, 0.6883029557036232, 0.7621558595643629, 0.6870894381452124, 0.729354629583558, 0.7380082322225314, 0.8767171141743008, 0.9496125714021743, 0.9812962245999636]
