training_data_sizes: [0.1, 0.2, 0.3]
times: [81.0, 174.0, 268.0]
scores: [0.8639381771799444, 0.8936211204295927, 0.8959830754379082]
