training_data_sizes: [0.1, 0.2, 0.3, 0.4, 0.5, 0.6]
times: [23.0, 54.0, 84.0, 116.0, 143.0, 173.0]
scores: [0.8392294511087874, 0.8432162087242442, 0.8262396407434524, 0.9495570197690046, 0.9490059067710963, 0.8005180083702107]
