training_data_sizes: [0.1, 0.2, 0.3, 0.4, 0.5, 0.6, 0.7, 0.8, 0.9]
times: [95.73, 183.37, 271.38, 363.23, 449.45, 538.9, 623.22, 720.93, 804.2]
scores: [0.983988232211263, 0.9823919556466445, 0.9059383845046005, 0.9047231704970706, 1.0, 1.0, 1.0, 1.0, 1.0]
