training_data_sizes: [0.1, 0.2, 0.3, 0.4, 0.5, 0.6, 0.7, 0.8]
times: [127.62, 255.15, 376.13, 500.5, 632.64, 754.2, 878.12, 1001.27]
scores: [0.6787624094947169, 0.7597923807227903, 0.728015771372464, 0.6516780192157073, 0.7711675870327882, 0.5961082760201364, 0.7433412559957042, 0.6150640687419211]
