training_data_sizes: [0.1, 0.2, 0.3]
times: [275.24, 534.85, 805.67]
scores: [0.7601017969192427, 0.7767042412896497, 0.8961076432496754]
