training_data_sizes: [0.1, 0.2]
times: [653.45, 1302.44]
scores: [0.7490116681857953, 0.8515873406984944]
