training_data_sizes: [0.1, 0.2, 0.3, 0.4]
times: [158.55, 307.87, 452.7, 601.16]
scores: [0.8391020976896497, 0.8285809111783646, 0.8346736854601295, 0.9072369276752974]
