training_data_sizes: [0.1, 0.2, 0.3]
times: [440.2, 869.07, 1300.67]
scores: [0.6158844141370363, 0.7473524175888576, 0.7662848740779524]
