training_data_sizes: [0.1, 0.2, 0.3, 0.4, 0.5, 0.6, 0.7, 0.8, 0.9, 1.0]
times: [140.78, 286.26, 426.89, 568.54, 703.54, 849.18, 988.21, 1127.57, 1260.35, 1404.36]
scores: [0.6068711415817531, 0.7677686771986206, 0.8098862668628866, 0.8353956700961609, 0.9898216914668865, 1.0, 0.9248580233809369, 1.0, 1.0, 1.0]
