training_data_sizes: [0.1, 0.2, 0.3, 0.4, 0.5, 0.6, 0.7, 0.8, 0.9, 1.0]
times: [78.0, 152.0, 239.0, 312.0, 391.0, 473.0, 555.0, 639.0, 718.0, 796.0]
scores: [0.7724994344462146, 0.8504561905031895, 0.8949730138335255, 0.7809878569146229, 0.8280217736283977, 0.7713737436765469, 0.8558667062211017, 0.9103659670988333, 0.8421063010919494, 0.931839156814385]
