training_data_sizes: [0.1, 0.2, 0.3, 0.4, 0.5, 0.6, 0.7, 0.8, 0.9, 1.0]
times: [8.18, 16.22, 25.3, 37.51, 50.95, 66.32, 83.69, 100.85, 123.79, 142.89]
scores: [1.0, 1.0, 1.0, 1.0, 1.0, 1.0, 0.9852628597500166, 0.9853363207195116, 0.9853232267120273, 0.9857736965112962]
