training_data_sizes: [0.1, 0.2, 0.3, 0.4, 0.5, 0.6, 0.7, 0.8, 0.9]
times: [138.0, 275.99, 404.9, 534.79, 670.11, 805.35, 939.0, 1073.28, 1207.54]
scores: [0.9845502162089033, 0.9924242586263383, 0.9436073245043199, 1.0, 0.9905596853377114, 1.0, 1.0, 1.0, 1.0]
