training_data_sizes: [0.1, 0.2, 0.3, 0.4, 0.5]
times: [167.65, 326.28, 483.26, 645.92, 805.68]
scores: [0.9063635010895429, 0.7998552703110178, 1.0, 1.0, 1.0]
