training_data_sizes: [0.1, 0.2, 0.3, 0.4, 0.5, 0.6]
times: [99.0, 191.0, 298.0, 397.0, 490.0, 597.0]
scores: [0.9067994364570455, 0.7903017762480187, 0.8381455571903618, 0.8860024560611308, 0.7766324212779401, 0.7394932358247723]
