training_data_sizes: [0.1, 0.2, 0.3, 0.4]
times: [151.39, 302.05, 459.07, 604.62]
scores: [0.9506695916160681, 0.9529496746417205, 0.8938680494099689, 0.9698842715494149]
