training_data_sizes: [0.1, 0.2]
times: [58.0, 119.0]
scores: [0.7783127536354999, 0.8379939044356084]
