training_data_sizes: [0.1, 0.2, 0.3, 0.4, 0.5, 0.6, 0.7, 0.8, 0.9]
times: [69.0, 139.0, 204.0, 271.0, 345.0, 414.0, 484.99999999999994, 552.0, 625.0]
scores: [0.9070928153169877, 0.860065686821601, 0.8569179504870306, 0.9914557524114387, 0.9903008968456066, 0.8975038712949598, 1.0, 1.0, 0.8984182346834355]
