training_data_sizes: [0.1, 0.2, 0.3, 0.4]
times: [7.0, 10.0, 20.0, 35.0]
scores: [0.8358764917289725, 0.9296083449034604, 0.7742339019416542, 0.9294565154814534]
