training_data_sizes: [0.1, 0.2, 0.3, 0.4, 0.5, 0.6, 0.7]
times: [50.0, 118.0, 177.0, 234.0, 298.0, 359.0, 416.0]
scores: [0.6099265251800546, 0.7159362212236151, 0.6801450652614625, 0.7489539504339893, 0.7947724037649626, 0.7377587462367126, 0.8816686115210259]
