training_data_sizes: [0.1, 0.2, 0.3, 0.4, 0.5, 0.6, 0.7, 0.8, 0.9]
times: [100.57, 203.33, 301.69, 401.92, 502.62, 603.68, 701.17, 808.26, 905.98]
scores: [0.5156086336576977, 0.6900793773907433, 0.7073854143097401, 0.6460256572132127, 0.8070565953861663, 0.7790241467257668, 0.7223166503558596, 0.7977706812198937, 0.9548584479804754]
