training_data_sizes: [0.1, 0.2, 0.3, 0.4, 0.5, 0.6, 0.7, 0.8]
times: [80.43, 155.29, 228.43, 304.07, 384.56, 459.94, 533.61, 600.44]
scores: [0.7590655621090878, 0.9002000834842536, 0.8877580366193596, 0.9531267141142509, 0.9137096963579924, 0.9648632619868971, 0.9237594280716368, 1.0]
