training_data_sizes: [0.1, 0.2, 0.3, 0.4, 0.5, 0.6, 0.7]
times: [116.97, 232.93, 349.21, 461.26, 577.92, 695.14, 807.66]
scores: [0.6744702232614175, 0.7309894319313465, 0.5465513648084703, 0.6051691385307649, 0.6086049091867616, 0.5377109316661486, 0.5511581177468311]
