training_data_sizes: [0.1, 0.2, 0.3, 0.4, 0.5]
times: [161.61, 328.32, 481.06, 649.02, 801.92]
scores: [0.8622502930543678, 0.9939534428023671, 0.8846999218883063, 0.9959479054983924, 1.0]
