training_data_sizes: [0.1, 0.2, 0.3, 0.4, 0.5, 0.6, 0.7]
times: [91.0, 192.0, 296.0, 398.0, 491.0, 592.0, 699.0]
scores: [0.5625779337621548, 0.6744228551977218, 0.78791284419461, 0.7827227323656933, 0.7989514068054452, 0.8917262877248548, 0.972338955153943]
