training_data_sizes: [0.1, 0.2, 0.3, 0.4, 0.5]
times: [54.0, 119.0, 170.0, 238.0, 292.0]
scores: [0.7941463657279525, 0.80297989011772, 0.9719367875480243, 0.8405168836529104, 0.9936478122247451]
