training_data_sizes: [0.1, 0.2, 0.3, 0.4, 0.5, 0.6, 0.7]
times: [122.0, 252.0, 384.0, 514.0, 643.0, 776.0, 906.9999999999999]
scores: [0.580017023795946, 0.5199965138901304, 0.6586218851559411, 0.6159134777482341, 0.6540224488588292, 0.7835160433287967, 0.8307341560647209]
