training_data_sizes: [0.1, 0.2, 0.3, 0.4, 0.5, 0.6, 0.7]
times: [11.0, 32.0, 51.0, 72.0, 91.0, 118.0, 133.0]
scores: [0.8128525341085885, 0.8201371754095599, 0.9795158994950202, 1.0, 0.9479825633278701, 0.9491915817377723, 0.9522005796984736]
