training_data_sizes: [0.1, 0.2, 0.3, 0.4, 0.5, 0.6, 0.7]
times: [138.51, 265.07, 386.37, 515.16, 651.58, 772.99, 901.49]
scores: [0.681013310010588, 0.7295980288641978, 0.6683675464183478, 0.6537581486789278, 0.6813601126838682, 0.6739016816939787, 0.7301289301677052]
