training_data_sizes: [0.1, 0.2, 0.3, 0.4]
times: [300.58, 605.18, 904.57, 1202.05]
scores: [0.8597014397244755, 0.853045990137355, 0.9338694160607675, 0.9799876111542429]
