training_data_sizes: [0.1, 0.2, 0.3, 0.4, 0.5, 0.6, 0.7]
times: [57.0, 113.0, 173.0, 232.0, 290.0, 355.0, 410.0]
scores: [0.8067302424847271, 0.9051424390882297, 0.901179146396146, 0.8896875010325442, 0.9402408699138161, 0.8874194591202815, 0.9671372429407175]
