training_data_sizes: [0.1, 0.2, 0.3]
times: [15.0, 39.0, 58.0]
scores: [0.846633640169655, 0.8853488325379357, 0.9589828203185375]
