training_data_sizes: [0.1, 0.2]
times: [124.0, 253.0]
scores: [0.5632579996890056, 0.6829961240221345]
