training_data_sizes: [0.1, 0.2, 0.3, 0.4, 0.5, 0.6, 0.7, 0.8]
times: [43.0, 94.0, 141.0, 197.0, 248.0, 292.0, 340.0, 396.0]
scores: [0.8749418985581422, 0.9514396807445803, 0.9420742785253495, 0.9169422273535957, 0.9819648463665878, 0.9441624236623163, 0.8676441785434896, 0.8815494742397518]
