training_data_sizes: [0.1, 0.2, 0.3, 0.4, 0.5, 0.6, 0.7, 0.8, 0.9]
times: [1.0, 10.0, 29.0, 30.0, 40.0, 57.0, 61.0, 70.0, 82.0]
scores: [0.8014476245537181, 0.8332329182047716, 1.0, 1.0, 1.0, 1.0, 1.0, 1.0, 1.0]
