training_data_sizes: [0.1, 0.2, 0.3, 0.4, 0.5, 0.6, 0.7, 0.8]
times: [121.85, 227.91, 340.92, 458.25, 567.36, 678.48, 796.67, 900.23]
scores: [0.5718107250217307, 0.6384524133861071, 0.6024212740727131, 0.6839215930107461, 0.7210803446504064, 0.8615269977547488, 0.8053904647036947, 0.8480540144176064]
