training_data_sizes: [0.1, 0.2, 0.3, 0.4, 0.5, 0.6, 0.7, 0.8]
times: [80.49, 156.12, 233.15, 300.47, 382.27, 454.23, 526.98, 601.91]
scores: [0.9425192979473207, 0.8651633845269244, 0.9758961737087004, 1.0, 0.963268513118598, 1.0, 1.0, 1.0]
