training_data_sizes: [0.1, 0.2, 0.3, 0.4, 0.5, 0.6, 0.7, 0.8]
times: [140.28, 276.18, 414.04, 559.17, 696.68, 833.77, 965.82, 1108.32]
scores: [0.7641964514906998, 0.8714497883541694, 0.9356076993368452, 0.955687629789561, 1.0, 0.9131577659144441, 1.0, 0.9964665181827205]
