training_data_sizes: [0.1, 0.2, 0.3, 0.4, 0.5, 0.6, 0.7, 0.8, 0.9, 1.0]
times: [76.0, 156.0, 233.0, 315.0, 398.0, 475.0, 555.0, 639.0, 717.0, 797.0]
scores: [0.6742014168704838, 0.7431559140414594, 0.845755684440775, 0.7798813265938638, 0.7503128975356429, 0.7954051569526823, 0.8897724531975566, 0.8655429349304116, 0.9764471606308635, 0.8822524546687394]
