training_data_sizes: [0.1, 0.2, 0.3, 0.4, 0.5, 0.6, 0.7, 0.8, 0.9, 1.0]
times: [163.9, 254.9, 299.56, 551.62, 479.38, 669.66, 789.36, 1077.95, 1138.79, 1142.33]
scores: [0.9934798602458382, 0.9936366332551416, 0.9812596849700278, 0.9900115973165948, 0.9904463878655475, 0.982472220146956, 0.9883605690958818, 0.9859289646665029, 0.9852925897045691, 0.9834195285139533]
