training_data_sizes: [0.1, 0.2, 0.3, 0.4, 0.5]
times: [229.61, 442.7, 664.37, 889.06, 1103.16]
scores: [0.9741332021139246, 0.9169274570962216, 1.0, 1.0, 1.0]
