training_data_sizes: [0.1, 0.2, 0.3, 0.4, 0.5, 0.6, 0.7, 0.8, 0.9]
times: [117.47, 229.48, 333.97, 450.67, 563.5, 667.97, 785.14, 894.2, 1000.99]
scores: [0.7118381757104375, 0.7567228010426806, 0.8917542933678827, 0.9410129499396462, 0.8625100409793499, 0.991793873541412, 0.953011655014791, 1.0, 1.0]
