training_data_sizes: [0.1, 0.2, 0.3, 0.4, 0.5]
times: [70.0, 150.0, 233.0, 313.0, 395.0]
scores: [0.8497159614024532, 0.8094292685190261, 0.9698033506599296, 0.9229967474609632, 0.9911926343823723]
