training_data_sizes: [0.1, 0.2]
times: [306.34, 609.96]
scores: [0.8373937335755434, 0.9540730800584022]
