training_data_sizes: [0.1, 0.2, 0.3, 0.4, 0.5]
times: [145.41, 287.92, 428.11, 566.3, 708.53]
scores: [0.9269894929985084, 0.9997195637301555, 1.0, 0.9281777346357797, 0.9019170034048768]
