training_data_sizes: [0.1, 0.2, 0.3, 0.4, 0.5]
times: [203.13, 401.73, 602.27, 805.52, 1003.56]
scores: [0.8668427327919209, 0.9031835116320269, 1.0, 1.0, 1.0]
