training_data_sizes: [0.1, 0.2, 0.3]
times: [439.52, 867.09, 1306.97]
scores: [0.9219687348557135, 0.9589128968413448, 1.0]
