training_data_sizes: [0.1, 0.2, 0.3, 0.4, 0.5, 0.6, 0.7, 0.8]
times: [43.0, 95.0, 147.0, 191.0, 248.0, 297.0, 345.0, 398.0]
scores: [0.7916095649024537, 0.9452847038826284, 0.8827614149262815, 1.0, 1.0, 1.0, 1.0, 1.0]
