training_data_sizes: [0.1, 0.2, 0.3]
times: [40.0, 90.0, 142.0]
scores: [0.8191848879844276, 0.9076377574397587, 0.9263866219239136]
