training_data_sizes: [0.1, 0.2, 0.3]
times: [40.0, 90.0, 149.0]
scores: [0.7796237704836703, 0.7268045640417946, 0.7360463391521803]
