training_data_sizes: [0.1, 0.2, 0.3]
times: [435.56, 875.65, 1304.64]
scores: [0.6347744767810956, 0.7061336056573805, 0.7956060549362791]
