training_data_sizes: [0.1, 0.2, 0.3, 0.4, 0.5, 0.6, 0.7, 0.8, 0.9, 1.0]
times: [2.5, 4.85, 7.2, 9.17, 12.25, 14.5, 15.38, 16.69, 21.69, 21.75]
scores: [0.7904403757060161, 0.7602167548739925, 0.7533145211708294, 0.7351420632636556, 0.724276993682172, 0.7115282215312284, 0.6987253464790291, 0.6905622792272126, 0.6869857378447695, 0.6799805713223996]
