training_data_sizes: [0.1, 0.2, 0.3, 0.4, 0.5]
times: [229.17, 442.67, 663.53, 885.63, 1107.16]
scores: [0.8875709266626455, 0.9397395276861094, 0.8601363162500469, 1.0, 0.9415904135042925]
