training_data_sizes: [0.1, 0.2, 0.3, 0.4]
times: [304.88, 600.74, 904.06, 1208.48]
scores: [0.9838868068243439, 1.0, 0.96646282810533, 0.936366204985227]
