training_data_sizes: [0.1, 0.2, 0.3, 0.4, 0.5, 0.6, 0.7, 0.8, 0.9, 1.0]
times: [114.0, 230.0, 351.0, 470.0, 599.0, 716.0, 836.0, 958.0, 1078.0, 1199.0]
scores: [0.8244582451830625, 0.8425733677848859, 1.0, 1.0, 0.9338860575750491, 1.0, 0.9794766381863307, 0.9189423982760603, 0.9838847700264071, 1.0]
