training_data_sizes: [0.1, 0.2]
times: [27.0, 50.0]
scores: [0.8371661038720564, 0.8597665641916883]
