training_data_sizes: [0.1, 0.2, 0.3, 0.4, 0.5]
times: [111.0, 233.0, 355.0, 477.0, 593.0]
scores: [0.8085465551705517, 0.9280076655513563, 0.9142641017022468, 1.0, 0.9914484444213163]
