training_data_sizes: [0.1, 0.2, 0.3, 0.4, 0.5]
times: [201.46, 403.47, 606.32, 803.38, 1001.52]
scores: [0.842846598413227, 0.8230753004750162, 0.9344538830495749, 0.8468807248568346, 0.8575825158915223]
