training_data_sizes: [0.1, 0.2, 0.3, 0.4, 0.5, 0.6, 0.7, 0.8, 0.9, 1.0]
times: [60.0, 130.0, 203.0, 271.0, 349.0, 419.0, 481.99999999999994, 552.0, 629.0, 692.0]
scores: [0.6297943625409155, 0.7760442513608952, 0.7035094853155379, 0.603874656202513, 0.727790472417926, 0.683792825494334, 0.6416686739304143, 0.6778275120964203, 0.6059665520074987, 0.7175018500828744]
