training_data_sizes: [0.1, 0.2, 0.3, 0.4, 0.5, 0.6, 0.7, 0.8, 0.9, 1.0]
times: [137.67, 265.62, 399.0, 524.91, 653.44, 785.94, 912.48, 1048.88, 1171.94, 1303.9]
scores: [0.8116947161927965, 0.8317528633691993, 0.8591116654825377, 0.9706471578075491, 1.0, 1.0, 1.0, 1.0, 1.0, 1.0]
