training_data_sizes: [0.1, 0.2, 0.3, 0.4, 0.5, 0.6, 0.7, 0.8, 0.9]
times: [71.0, 159.0, 239.0, 318.0, 396.0, 474.0, 559.0, 631.0, 716.0]
scores: [0.6840394327610717, 0.8005915406135441, 0.7447322279866817, 0.7199913278580802, 0.7868148090770989, 0.6502321519263446, 0.6432839427876714, 0.7322821576046602, 0.6428246125686465]
