training_data_sizes: [0.1, 0.2, 0.3, 0.4]
times: [326.24, 655.59, 981.22, 1301.03]
scores: [0.7789416686304944, 0.9424190315442409, 0.8698451642180428, 0.9675673723776713]
