training_data_sizes: [0.1, 0.2, 0.3, 0.4, 0.5]
times: [246.17, 488.61, 725.5, 967.64, 1207.03]
scores: [0.7952529744652779, 0.9076504173561706, 0.929760932824258, 0.9883810898311117, 1.0]
