training_data_sizes: [0.1, 0.2, 0.3, 0.4, 0.5, 0.6, 0.7, 0.8, 0.9, 1.0]
times: [18.0, 39.0, 57.0, 75.0, 94.0, 110.0, 134.0, 150.0, 173.0, 195.0]
scores: [0.8389909985384729, 0.9964175718865282, 0.9528768291445268, 0.9221201773697192, 1.0, 1.0, 0.8554335888629844, 1.0, 0.9676622329869231, 0.9177241836582283]
