training_data_sizes: [0.1, 0.2, 0.3, 0.4, 0.5, 0.6, 0.7, 0.8, 0.9, 1.0]
times: [24.51, 34.14, 49.92, 70.49, 88.61, 104.28, 119.37, 139.25, 146.99, 161.68]
scores: [0.6651800415975679, 0.6667015918995614, 0.6718865860885452, 0.6745792862052333, 0.6750772448646536, 0.6757431952654596, 0.6751893752252136, 0.6739134928462727, 0.6738569823346883, 0.6748384596302544]
