training_data_sizes: [0.1, 0.2, 0.3, 0.4, 0.5]
times: [281.29, 568.36, 844.18, 1125.72, 1403.57]
scores: [0.8634738935660428, 1.0, 0.8786420101652158, 0.9386517636291039, 0.9356965560208539]
