training_data_sizes: [0.1, 0.2, 0.3, 0.4, 0.5]
times: [186.86, 368.83, 541.69, 721.33, 904.86]
scores: [0.5330443461917966, 0.7321114507179384, 0.6357082398297411, 0.6586136717591728, 0.7498533113140808]
