training_data_sizes: [0.1, 0.2, 0.3]
times: [370.34, 740.26, 1103.95]
scores: [0.6181932413362461, 0.763209150702033, 0.7663901384321451]
