training_data_sizes: [0.1, 0.2, 0.3, 0.4]
times: [329.52, 654.43, 976.84, 1305.09]
scores: [0.9127955960512175, 0.9077843461827363, 1.0, 1.0]
