training_data_sizes: [0.1, 0.2, 0.3, 0.4, 0.5, 0.6, 0.7, 0.8, 0.9]
times: [115.88, 222.37, 335.51, 453.74, 557.97, 668.98, 784.32, 889.77, 1005.15]
scores: [0.7103666438226703, 0.5816698530262898, 0.6997351271699839, 0.7789660750325293, 0.7822650990540296, 0.9112486840240973, 0.9556342234598721, 0.9348288001033491, 1.0]
