training_data_sizes: [0.1, 0.2, 0.3]
times: [368.74, 735.44, 1108.62]
scores: [0.6664990242693496, 0.7811116341327312, 0.8400138984495819]
