training_data_sizes: [0.1, 0.2, 0.3]
times: [61.0, 132.0, 200.0]
scores: [0.9166049721865329, 0.7609733510535912, 0.7416529866399956]
