training_data_sizes: [0.1, 0.2, 0.3, 0.4]
times: [257.25, 507.56, 757.19, 1008.21]
scores: [0.9504137515689903, 0.9625489486348386, 0.9959816913919131, 1.0]
