training_data_sizes: [0.1, 0.2, 0.3]
times: [13.0, 32.0, 57.0]
scores: [0.6855442519407366, 0.8837144516534756, 0.906707477561314]
