training_data_sizes: [0.1, 0.2, 0.3, 0.4, 0.5, 0.6, 0.7]
times: [87.65, 177.86, 259.03, 349.51, 432.29, 515.19, 604.86]
scores: [0.8716901363698566, 0.8004378024050192, 0.7436262068702697, 0.8191162704026713, 0.7693969395311565, 0.9169930959540897, 0.8461325583501169]
