training_data_sizes: [0.1, 0.2]
times: [20.0, 52.0]
scores: [0.973711234778941, 0.8531221659174706]
