training_data_sizes: [0.1, 0.2, 0.3, 0.4, 0.5, 0.6, 0.7, 0.8, 0.9]
times: [84.45, 160.05, 238.85, 311.98, 389.49, 472.78, 551.5, 627.76, 709.25]
scores: [0.8327383423615466, 0.9191365583174892, 0.9699203811232321, 1.0, 0.8933032695891423, 0.9109961480832893, 1.0, 0.9062499664644583, 0.9858241747577287]
