training_data_sizes: [0.1, 0.2]
times: [71.0, 155.0]
scores: [0.9544603186555507, 0.8666629788930593]
