training_data_sizes: [0.1, 0.2, 0.3, 0.4]
times: [32.0, 72.0, 117.0, 155.0]
scores: [0.5848452474861671, 0.6473719251547893, 0.6809393511148705, 0.6526185955320007]
