training_data_sizes: [0.1, 0.2, 0.3, 0.4, 0.5, 0.6, 0.7, 0.8, 0.9]
times: [146.45, 295.25, 441.97, 584.05, 723.86, 872.38, 1017.86, 1162.22, 1307.45]
scores: [0.7349890673091836, 0.7528586488066802, 0.740826509126681, 0.7737362599051423, 0.8322789017669674, 1.0, 0.9886060494954865, 0.9695086499751231, 1.0]
