training_data_sizes: [0.1, 0.2, 0.3, 0.4, 0.5, 0.6, 0.7, 0.8]
times: [69.0, 135.0, 200.0, 270.0, 348.0, 419.0, 486.99999999999994, 559.0]
scores: [0.8526999215939116, 0.7748023448734808, 0.8686922976896511, 1.0, 0.9688732928143986, 0.949046074956723, 1.0, 1.0]
