training_data_sizes: [0.1, 0.2, 0.3, 0.4, 0.5, 0.6, 0.7]
times: [87.88, 178.86, 266.22, 346.56, 434.36, 521.53, 607.8]
scores: [0.4840175945629803, 0.5432437848865481, 0.5516714187124703, 0.6473907801777645, 0.6671327681574538, 0.8572319192839296, 0.9118014566398585]
