training_data_sizes: [0.1, 0.2, 0.3, 0.4]
times: [129.0, 251.0, 384.0, 513.0]
scores: [0.7894572423981132, 0.9264208809038023, 0.8767152803552054, 0.9618580727239896]
