training_data_sizes: [0.1, 0.2, 0.3, 0.4, 0.5, 0.6, 0.7, 0.8, 0.9, 1.0]
times: [2.42, 3.23, 4.47, 6.06, 7.91, 9.4, 7.14, 8.03, 9.83, 11.5]
scores: [0.9996654968647662, 0.9996438179556335, 0.9994554773619386, 0.9993157087444453, 0.9991785196401537, 0.9990031910727044, 0.9946365853095291, 0.9924516472652971, 0.986688505594532, 0.9898511800663239]
