training_data_sizes: [0.1, 0.2, 0.3, 0.4]
times: [56.0, 111.0, 175.0, 237.0]
scores: [0.8278310567335365, 0.8342548923862292, 0.9192967344306401, 0.8781048610356335]
