training_data_sizes: [0.1, 0.2]
times: [305.5, 600.38]
scores: [0.4475572578072282, 0.5903841970661037]
