training_data_sizes: [0.1, 0.2, 0.3, 0.4, 0.5, 0.6, 0.7]
times: [202.88, 406.69, 606.53, 804.75, 1008.07, 1205.94, 1403.97]
scores: [0.76006155589408, 0.864673747508661, 0.9855473659087672, 0.8846675494900894, 0.8861657089362256, 0.9351798379637377, 0.9786471986217318]
