training_data_sizes: [0.1, 0.2, 0.3, 0.4, 0.5, 0.6, 0.7, 0.8, 0.9]
times: [113.0, 236.0, 357.0, 479.0, 590.0, 713.0, 831.0, 957.0, 1079.0]
scores: [0.8507199132061894, 0.9446958817738437, 1.0, 0.9710075649210775, 1.0, 0.9292962245632611, 1.0, 0.9456696798812584, 1.0]
