training_data_sizes: [0.1, 0.2, 0.3, 0.4, 0.5, 0.6, 0.7, 0.8, 0.9]
times: [123.29, 245.08, 370.39, 493.03, 613.57, 742.72, 856.61, 981.48, 1109.65]
scores: [0.9491237420304945, 0.9679167285541525, 0.846448879694458, 0.8726135512887134, 1.0, 0.9831654145562436, 0.9192423074285957, 0.9409936335228046, 1.0]
