training_data_sizes: [0.1, 0.2, 0.3, 0.4, 0.5]
times: [39.0, 72.0, 113.0, 155.0, 192.0]
scores: [0.8348756425346554, 0.7173863544887075, 0.9341280744479407, 0.8435505990667667, 0.8657674210137245]
