training_data_sizes: [0.1, 0.2, 0.3, 0.4, 0.5, 0.6, 0.7]
times: [24.0, 50.0, 89.0, 112.0, 143.0, 178.0, 207.0]
scores: [0.7896938225077237, 0.874673492198434, 0.7541838713119382, 0.9246002753671254, 1.0, 1.0, 1.0]
