training_data_sizes: [0.1, 0.2, 0.3, 0.4, 0.5, 0.6, 0.7, 0.8]
times: [153.92, 308.71, 455.23, 607.46, 758.7, 909.54, 1050.17, 1207.02]
scores: [0.7165458064693467, 0.7412690415812473, 0.6497463908959553, 0.7684989892267329, 0.5950748248665273, 0.6792404332866493, 0.6878611609591341, 0.6272990442374133]
