training_data_sizes: [0.1, 0.2, 0.3, 0.4, 0.5]
times: [284.49, 562.45, 849.16, 1127.12, 1406.43]
scores: [0.8131790733431437, 0.8248961147911259, 1.0, 0.9758056472081649, 0.869675297833463]
