training_data_sizes: [0.1, 0.2, 0.3]
times: [33.0, 71.0, 119.0]
scores: [0.8459243223923671, 0.7564404651989936, 0.7768261039982289]
