training_data_sizes: [0.1, 0.2, 0.3, 0.4, 0.5, 0.6, 0.7]
times: [70.0, 151.0, 235.0, 310.0, 394.0, 479.0, 559.0]
scores: [0.9378812142124402, 0.8907153854367348, 1.0, 0.9823593432948473, 1.0, 1.0, 1.0]
