training_data_sizes: [0.1, 0.2, 0.3, 0.4, 0.5, 0.6, 0.7, 0.8]
times: [129.48, 256.12, 380.38, 504.77, 629.98, 756.97, 884.03, 1008.34]
scores: [0.872685678117773, 0.905370136803211, 0.9776211010243344, 0.9436904921404138, 1.0, 1.0, 1.0, 1.0]
