training_data_sizes: [0.1, 0.2, 0.3]
times: [58.0, 114.0, 174.0]
scores: [0.8744428046147452, 0.8652978940635241, 0.7507361142139646]
