training_data_sizes: [0.1, 0.2, 0.3]
times: [402.85, 804.96, 1203.68]
scores: [0.6840248918568279, 0.6308712189209321, 0.5750406385839573]
