training_data_sizes: [0.1, 0.2, 0.3, 0.4, 0.5]
times: [226.39, 449.12, 668.49, 887.75, 1103.88]
scores: [0.8560676065305054, 0.8234002622282133, 0.9126047084689419, 0.7496585180523305, 0.8009781286582354]
