training_data_sizes: [0.1, 0.2, 0.3, 0.4, 0.5, 0.6, 0.7]
times: [119.21, 238.15, 349.3, 462.81, 579.09, 686.02, 807.93]
scores: [0.8263727934436618, 0.9662268686348178, 0.8139575488167997, 0.8346077541924932, 0.9154338507647295, 0.9426693216432358, 0.979959451032762]
