training_data_sizes: [0.1, 0.2, 0.3, 0.4, 0.5, 0.6, 0.7, 0.8, 0.9, 1.0]
times: [145.37, 283.4, 426.93, 564.84, 706.06, 845.41, 987.06, 1124.31, 1261.99, 1402.11]
scores: [0.7823346487053173, 0.8307193166226889, 0.8452722254628838, 0.8923279999549198, 0.9901660411375052, 0.9742387548364182, 0.937493469298875, 0.9496401327985506, 1.0, 1.0]
