training_data_sizes: [0.1, 0.2]
times: [59.0, 111.0]
scores: [0.9487020220898843, 0.804431090796792]
