training_data_sizes: [0.1, 0.2, 0.3, 0.4, 0.5, 0.6]
times: [151.43, 309.28, 456.5, 606.71, 755.67, 901.67]
scores: [0.8522299952615873, 0.8573317403700174, 0.8593747552564683, 0.8177596749572111, 0.925361213807776, 0.8218725068946878]
