training_data_sizes: [0.1, 0.2, 0.3, 0.4, 0.5]
times: [91.0, 198.0, 299.0, 392.0, 493.0]
scores: [0.7688663183707269, 0.8501785262835101, 0.7972594770974333, 0.922756462046895, 0.9359290265133354]
