training_data_sizes: [0.1, 0.2, 0.3, 0.4, 0.5, 0.6]
times: [140.28, 267.28, 408.75, 537.85, 672.46, 806.87]
scores: [0.7318388916887115, 0.763156894524007, 0.729734298857295, 0.7745061097937898, 0.7009874124492917, 0.8239404067281306]
