training_data_sizes: [0.1, 0.2, 0.3, 0.4, 0.5]
times: [207.11, 408.33, 605.65, 809.98, 1001.04]
scores: [0.830959589286694, 0.8888705415562568, 0.8497002142510612, 0.9429002058373213, 0.8488390135302691]
