training_data_sizes: [0.1, 0.2, 0.3]
times: [23.0, 58.0, 81.0]
scores: [0.649355036504009, 0.5045372602615897, 0.6450481557409982]
