training_data_sizes: [0.1, 0.2, 0.3, 0.4, 0.5, 0.6, 0.7, 0.8]
times: [17.0, 31.0, 50.0, 70.0, 91.0, 117.0, 137.0, 151.0]
scores: [0.7946886404600628, 0.8089440090677732, 0.9949233295069111, 0.8529880496681795, 0.946022483044206, 0.8693069891017802, 0.8901346746077794, 0.8814772896392127]
