training_data_sizes: [0.1, 0.2, 0.3, 0.4, 0.5, 0.6, 0.7, 0.8, 0.9]
times: [41.0, 97.0, 145.0, 193.0, 246.0, 292.0, 341.0, 396.0, 447.0]
scores: [0.8731541804434695, 0.8924832029299399, 0.8705474477707491, 0.9034208541959956, 1.0, 0.9896783845588493, 1.0, 1.0, 0.9541674783873922]
