training_data_sizes: [0.1, 0.2, 0.3, 0.4, 0.5, 0.6, 0.7, 0.8, 0.9, 1.0]
times: [0.22, 0.34, 0.4, 0.5, 0.59, 0.63, 0.74, 0.84, 0.85, 0.92]
scores: [0.4433777568109447, 0.42896483547521536, 0.40886564236678646, 0.4100664071579678, 0.4148076605525952, 0.4154512616035244, 0.42341506672360896, 0.42293885464537295, 0.42490495994701716, 0.4218106995884774]
