training_data_sizes: [0.1, 0.2, 0.3, 0.4, 0.5, 0.6]
times: [206.12, 403.5, 605.71, 809.54, 1006.87, 1205.7]
scores: [0.6824076338579266, 0.8305500449981521, 0.8426696272508816, 0.7546101182050309, 0.789255595695939, 0.7451104688862746]
