training_data_sizes: [0.1, 0.2, 0.3, 0.4, 0.5]
times: [248.56, 488.22, 725.35, 969.32, 1205.01]
scores: [0.7986032983932165, 0.8534169744406892, 0.8175434512924942, 0.8431844360315535, 1.0]
