training_data_sizes: [0.1, 0.2, 0.3, 0.4, 0.5, 0.6]
times: [208.44, 407.51, 608.8, 807.21, 1007.9, 1202.5]
scores: [0.9333832300749427, 0.8510992471357222, 1.0, 0.9113621894361963, 0.9279286585220079, 0.950697935766942]
