training_data_sizes: [0.1, 0.2, 0.3, 0.4, 0.5, 0.6, 0.7]
times: [132.93, 266.71, 390.94, 521.31, 649.15, 780.57, 902.69]
scores: [0.7624842128248074, 0.8793948704058303, 0.8377897092005162, 0.7645429467080256, 0.7429203300248366, 0.7228254605992617, 0.6985892233816504]
