training_data_sizes: [0.1, 0.2]
times: [135.0, 275.0]
scores: [0.7218003184453224, 0.8145569357072318]
