training_data_sizes: [0.1, 0.2, 0.3, 0.4, 0.5, 0.6, 0.7]
times: [108.61, 208.33, 300.28, 403.05, 509.85, 605.43, 703.88]
scores: [0.9052818581722967, 0.940832125536675, 0.8414384586696686, 0.9773496188795077, 0.9712907595677317, 1.0, 1.0]
