training_data_sizes: [0.1, 0.2, 0.3, 0.4, 0.5]
times: [10.0, 37.0, 55.0, 79.0, 90.0]
scores: [0.8990982999422152, 0.9390422767095783, 1.0, 1.0, 0.8730282221577469]
