training_data_sizes: [0.1, 0.2, 0.3, 0.4, 0.5, 0.6, 0.7]
times: [200.34, 407.96, 609.15, 809.76, 1005.01, 1207.42, 1406.77]
scores: [0.934150024388831, 0.8900417294611853, 0.8412170884192284, 0.8927452555190474, 1.0, 1.0, 1.0]
