training_data_sizes: [0.1, 0.2, 0.3, 0.4, 0.5, 0.6, 0.7, 0.8, 0.9]
times: [56.65, 125.01, 187.6, 255.85, 329.37, 392.08, 481.19, 577.23, 705.32]
scores: [0.5633707800399204, 0.3829097612010224, 0.2722980675951966, 0.2000926687436605, 0.14323841425050865, 0.10791752143111766, 0.058584210671069004, 0.04421501702791397, 0.010722133926401645]
