training_data_sizes: [0.1, 0.2, 0.3, 0.4, 0.5, 0.6]
times: [31.0, 73.0, 110.0, 159.0, 199.0, 234.0]
scores: [0.7505508097366428, 0.6611818216561796, 0.7944025541774231, 0.7985397631139539, 0.8179898194342679, 0.7505538438435453]
