training_data_sizes: [0.1, 0.2, 0.3, 0.4, 0.5, 0.6, 0.7, 0.8, 0.9]
times: [80.78, 155.69, 240.82, 313.09, 389.89, 468.88, 550.26, 625.1, 703.76]
scores: [0.9235966309513177, 1.0, 0.8681371168207239, 0.9866262569620172, 0.9090507922837794, 1.0, 1.0, 1.0, 1.0]
