training_data_sizes: [0.1, 0.2, 0.3, 0.4, 0.5, 0.6, 0.7, 0.8, 0.9]
times: [74.41, 140.22, 206.6, 274.19, 342.21, 404.67, 468.61, 540.26, 602.99]
scores: [0.7201455596652138, 0.8305157496636384, 0.814953702692462, 0.6859433688196863, 0.7406088147885483, 0.7121470522332564, 0.6542245637827968, 0.7999996558978464, 0.6705883704143453]
