training_data_sizes: [0.1, 0.2]
times: [14.0, 35.0]
scores: [0.607277660204018, 0.7123392239732242]
