training_data_sizes: [0.1, 0.2, 0.3, 0.4, 0.5, 0.6, 0.7, 0.8]
times: [121.08, 228.9, 345.0, 453.02, 569.92, 678.83, 796.91, 908.46]
scores: [0.9035218337309405, 0.8734357691237336, 0.75384286934196, 0.9071687566964861, 0.9433165035773616, 0.9380365027016533, 0.7722869253958748, 0.8460718632269797]
