training_data_sizes: [0.1, 0.2, 0.3, 0.4, 0.5, 0.6, 0.7, 0.8, 0.9]
times: [115.0, 239.0, 355.0, 475.0, 590.0, 717.0, 839.0, 953.0, 1073.0]
scores: [0.7725715958465309, 0.8154828353606316, 0.7608098693115142, 0.8873427941584191, 0.8816544957511634, 0.9559496504720664, 0.9568712934163739, 0.9589190156470786, 1.0]
