training_data_sizes: [0.1, 0.2, 0.3, 0.4, 0.5]
times: [41.0, 99.0, 147.0, 198.0, 244.0]
scores: [0.8526161886647301, 0.7275545893281345, 0.8741093924868604, 0.8026283166283209, 0.777639962060069]
