training_data_sizes: [0.1, 0.2]
times: [101.0, 213.0]
scores: [0.8682797629238281, 0.7834054645952433]
