training_data_sizes: [0.1, 0.2, 0.3, 0.4, 0.5, 0.6, 0.7, 0.8]
times: [155.04, 306.44, 451.17, 602.81, 750.51, 900.16, 1057.17, 1201.44]
scores: [0.876923352849169, 0.9461548432262276, 1.0, 0.9881838541810992, 1.0, 1.0, 1.0, 1.0]
