training_data_sizes: [0.1, 0.2, 0.3]
times: [55.0, 116.0, 172.0]
scores: [0.8708029876285308, 0.8232933337674966, 0.9466208849237163]
