training_data_sizes: [0.1, 0.2, 0.3, 0.4, 0.5, 0.6, 0.7]
times: [16.0, 37.0, 56.0, 77.0, 93.0, 110.0, 130.0]
scores: [0.8712986992965548, 0.9014585704374473, 0.8800893026604504, 0.96441101142436, 1.0, 1.0, 1.0]
