training_data_sizes: [0.1, 0.2, 0.3, 0.4, 0.5, 0.6, 0.7, 0.8, 0.9]
times: [115.14, 229.65, 336.08, 449.01, 563.5, 668.39, 782.71, 890.09, 1006.25]
scores: [0.6777306609621593, 0.7154351086863989, 0.6256717778824227, 0.6017554248704172, 0.5624891203380068, 0.7437109300086429, 0.5517845972962553, 0.63231786845751, 0.6248454671068437]
