training_data_sizes: [0.1, 0.2, 0.3, 0.4, 0.5, 0.6, 0.7, 0.8]
times: [33.0, 71.0, 118.0, 156.0, 198.0, 232.0, 278.0, 316.0]
scores: [0.5076158765658032, 0.5712812434815424, 0.5649757837207686, 0.5836546986603994, 0.6711753748036604, 0.737827451859659, 0.7716799922237831, 0.9590911337253869]
