training_data_sizes: [0.1, 0.2, 0.3, 0.4, 0.5, 0.6, 0.7]
times: [70.0, 157.0, 231.0, 310.0, 390.0, 477.0, 550.0]
scores: [0.9734483637069462, 0.8784222659043149, 0.891478832254589, 1.0, 0.9806755602152438, 0.9619585159349031, 1.0]
