training_data_sizes: [0.1, 0.2, 0.3]
times: [61.0, 138.0, 200.0]
scores: [0.6556481355595546, 0.6876439183604579, 0.8009867496843406]
