training_data_sizes: [0.1, 0.2, 0.3, 0.4, 0.5, 0.6, 0.7, 0.8]
times: [36.0, 75.0, 112.0, 154.0, 197.0, 231.0, 273.0, 310.0]
scores: [0.7261485722701373, 0.7534505170837615, 0.6671150514467157, 0.8200883897709008, 0.6426623531312072, 0.7772434570786111, 0.7463284840502784, 0.644081312016195]
