training_data_sizes: [0.1, 0.2, 0.3, 0.4, 0.5]
times: [144.34, 289.52, 425.83, 567.92, 709.85]
scores: [0.8716730733675273, 0.8244718607873396, 0.870836776684412, 1.0, 0.9912715948458886]
