training_data_sizes: [0.1, 0.2, 0.3, 0.4, 0.5]
times: [121.0, 250.0, 386.0, 513.0, 644.0]
scores: [0.8911456663505589, 0.8141405976422821, 0.8434593606525178, 0.9620563758746775, 0.9236321534654541]
