training_data_sizes: [0.1, 0.2]
times: [76.0, 153.0]
scores: [0.8878833846314582, 0.7916900872541514]
