training_data_sizes: [0.1, 0.2, 0.3, 0.4, 0.5, 0.6]
times: [122.46, 236.09, 352.59, 473.09, 584.05, 706.11]
scores: [0.7702267709859124, 0.811963884876304, 0.9496979710147622, 0.8789572903590279, 0.9063785058872866, 0.9673248423013587]
