training_data_sizes: [0.1, 0.2, 0.3]
times: [27.0, 58.0, 87.0]
scores: [0.92119263105573, 0.8679552274595261, 0.9353115988143802]
