training_data_sizes: [0.1, 0.2, 0.3, 0.4, 0.5]
times: [41.0, 94.0, 142.0, 198.0, 242.0]
scores: [0.4447709968032303, 0.6369018014716106, 0.6683564887938789, 0.6326126859557262, 0.7161909025567174]
