training_data_sizes: [0.1, 0.2, 0.3]
times: [241.69, 472.69, 705.09]
scores: [0.9472988324472886, 0.956515474455202, 0.9306490394122695]
