training_data_sizes: [0.1, 0.2, 0.3, 0.4, 0.5, 0.6]
times: [167.96, 342.2, 502.15, 675.25, 839.12, 1003.32]
scores: [0.5269744927678723, 0.6957637413277513, 0.532444938904671, 0.5746616819753011, 0.5869585179170275, 0.5790063992727762]
