training_data_sizes: [0.1, 0.2]
times: [657.04, 1302.06]
scores: [0.4652022302024339, 0.46627374063515487]
