training_data_sizes: [0.1, 0.2, 0.3, 0.4, 0.5, 0.6, 0.7, 0.8, 0.9, 1.0]
times: [2.31, 3.45, 4.64, 5.83, 7.2, 8.56, 9.71, 10.87, 12.11, 13.6]
scores: [0.29549063711603574, 0.3015831810906106, 0.31380617154074836, 0.3332384366904663, 0.318846025991616, 0.31422730277100186, 0.3029535034223072, 0.30445317887076156, 0.2982573462898945, 0.2991866104113501]
