training_data_sizes: [0.1, 0.2, 0.3, 0.4]
times: [307.19, 600.63, 904.09, 1202.81]
scores: [0.9073446986117095, 0.9466865590481743, 0.9288939340611673, 0.8996269080262782]
