training_data_sizes: [0.1, 0.2, 0.3, 0.4, 0.5, 0.6]
times: [239.9, 469.66, 706.87, 939.41, 1169.17, 1407.5]
scores: [0.7735460721524478, 0.9020546939574638, 0.805375022041787, 0.9026431479066118, 0.8089190881589001, 0.7835956697390047]
