training_data_sizes: [0.1, 0.2, 0.3, 0.4, 0.5, 0.6, 0.7, 0.8, 0.9, 1.0]
times: [2.54, 4.95, 8.74, 11.64, 14.75, 19.72, 22.88, 23.6, 28.03, 26.57]
scores: [0.08260793112465788, 0.09199637773286684, 0.09795136066626546, 0.1033292574213434, 0.10616212518116834, 0.10717737194061563, 0.10776278039917246, 0.10810930405230548, 0.10849175284587191, 0.1096592283179012]
