training_data_sizes: [0.1, 0.2, 0.3, 0.4, 0.5, 0.6, 0.7, 0.8]
times: [31.0, 79.0, 110.0, 158.0, 190.0, 238.0, 271.0, 311.0]
scores: [0.8014632535565902, 0.6473121867281413, 0.672500727499541, 0.7565571155975379, 0.6637205677276168, 0.6498859614263023, 0.6384202271183071, 0.6842940261968394]
