training_data_sizes: [0.1, 0.2, 0.3, 0.4, 0.5, 0.6, 0.7, 0.8, 0.9]
times: [112.0, 236.0, 352.0, 478.0, 592.0, 719.0, 837.0, 952.0, 1073.0]
scores: [0.5377654295730647, 0.5221334214827287, 0.5389841392024042, 0.5204607324959473, 0.6082690948106426, 0.46338762370196507, 0.48582594013824665, 0.462648874761177, 0.5192637885234266]
