training_data_sizes: [0.1, 0.2, 0.3, 0.4, 0.5, 0.6]
times: [117.26, 235.59, 356.45, 468.09, 591.4, 703.66]
scores: [0.8173894067327845, 0.8643163098231803, 0.8538749723577975, 0.9759998543064653, 0.9399400619522404, 0.9643658126171714]
