training_data_sizes: [0.1, 0.2, 0.3, 0.4, 0.5, 0.6, 0.7]
times: [109.41, 209.33, 301.33, 401.7, 509.26, 606.65, 705.28]
scores: [0.6898130335384193, 0.5603325994768404, 0.6028356667968431, 0.5491654011243371, 0.5979643953202622, 0.6741389070512099, 0.4943741230283248]
