training_data_sizes: [0.1, 0.2, 0.3, 0.4, 0.5, 0.6, 0.7, 0.8, 0.9]
times: [56.0, 119.0, 171.0, 236.0, 297.0, 359.0, 419.0, 475.0, 533.0]
scores: [0.5305191351090174, 0.5805813575653919, 0.4927641157284735, 0.616199076506379, 0.5851022181328563, 0.6621350611179408, 0.763237314542091, 0.771241953469911, 0.9275395320417047]
