training_data_sizes: [0.1, 0.2, 0.3, 0.4, 0.5, 0.6, 0.7, 0.8]
times: [98.0, 194.0, 299.0, 399.0, 496.0, 592.0, 692.0, 799.0]
scores: [0.7866172734487649, 0.8922623739795477, 0.858976415466091, 0.8305888384970577, 0.9252061712393603, 0.9965374106409387, 0.9552133623048649, 1.0]
