training_data_sizes: [0.1, 0.2, 0.3, 0.4, 0.5, 0.6, 0.7, 0.8, 0.9, 1.0]
times: [10.0, 34.0, 51.0, 78.0, 98.0, 115.0, 130.0, 159.0, 172.0, 197.0]
scores: [0.8678988205687064, 1.0, 0.8690584824870033, 0.9256832041112447, 1.0, 0.9247467475940988, 0.9645178474784888, 0.9232058238312042, 0.8879764606429412, 0.9220615356017657]
