training_data_sizes: [0.1, 0.2, 0.3, 0.4, 0.5]
times: [129.52, 246.17, 367.77, 483.47, 604.42]
scores: [0.9103022555629656, 0.8996430608452279, 0.854884469181274, 0.9250037244196816, 0.9200876601176546]
