training_data_sizes: [0.1, 0.2, 0.3, 0.4, 0.5, 0.6, 0.7, 0.8, 0.9]
times: [91.85, 181.71, 271.2, 357.36, 447.02, 541.63, 626.31, 712.29, 801.46]
scores: [0.7345045850142646, 0.8200777014895861, 0.8708685123869737, 0.9200691505135596, 0.9423617182149215, 0.943017731266067, 1.0, 0.9094185470350407, 0.9937338511513489]
