training_data_sizes: [0.1, 0.2, 0.3, 0.4]
times: [206.21, 406.91, 602.06, 809.08]
scores: [0.680878720967969, 0.7431414010138826, 0.6988002131991525, 0.8240636170058586]
