training_data_sizes: [0.1, 0.2, 0.3, 0.4, 0.5, 0.6]
times: [119.13, 240.39, 355.79, 476.29, 585.98, 706.57]
scores: [0.6955454687824125, 0.6742901709953811, 0.6884506988923749, 0.8866499504155587, 0.8305596876743276, 0.985697743609472]
