training_data_sizes: [0.1, 0.2, 0.3]
times: [341.99, 668.31, 1005.9]
scores: [0.8436664877813975, 0.9536519049964057, 0.8428970971255112]
