training_data_sizes: [0.1, 0.2, 0.3, 0.4, 0.5]
times: [229.81, 441.25, 663.59, 883.55, 1109.11]
scores: [0.6379329818152576, 0.6988495953912595, 0.7315218176725014, 0.8305467774843913, 0.9483765466025309]
