training_data_sizes: [0.1, 0.2, 0.3, 0.4, 0.5, 0.6, 0.7, 0.8, 0.9]
times: [54.0, 113.0, 178.0, 238.0, 296.0, 356.0, 415.0, 472.0, 539.0]
scores: [0.8363490004706673, 0.9558478724226185, 0.9063069348441946, 0.9096715025674704, 1.0, 1.0, 0.9716080201415335, 1.0, 1.0]
