training_data_sizes: [0.1, 0.2, 0.3, 0.4, 0.5, 0.6, 0.7, 0.8]
times: [168.69, 332.95, 491.17, 655.88, 822.15, 983.47, 1138.62, 1302.69]
scores: [0.8441466221557329, 0.8483451509169778, 0.9339326327775437, 0.8532314255369371, 0.9695356356899896, 0.9809743443424332, 0.866439503381817, 0.8264302780250922]
