training_data_sizes: [0.1, 0.2, 0.3, 0.4, 0.5, 0.6, 0.7, 0.8, 0.9]
times: [131.43, 247.01, 373.78, 498.39, 620.73, 733.97, 861.71, 980.99, 1101.86]
scores: [0.8856425923547657, 0.9195874032069935, 0.8970491407595972, 0.9972382366629033, 1.0, 1.0, 1.0, 1.0, 1.0]
