training_data_sizes: [0.1, 0.2, 0.3, 0.4, 0.5]
times: [122.0, 254.0, 389.0, 517.0, 646.0]
scores: [0.8224587061754002, 0.8662788003554525, 0.7913275136795368, 0.8205086641858743, 0.9119268871329643]
