training_data_sizes: [0.1, 0.2, 0.3]
times: [61.0, 137.0, 206.0]
scores: [0.7395627314469031, 0.720530327641141, 0.6182750465194102]
