training_data_sizes: [0.1, 0.2, 0.3]
times: [52.0, 110.0, 179.0]
scores: [0.5619950562655699, 0.5698441811253214, 0.6177083189108448]
