training_data_sizes: [0.1, 0.2, 0.3, 0.4, 0.5, 0.6, 0.7, 0.8]
times: [170.19, 334.74, 494.53, 655.11, 816.13, 975.68, 1142.41, 1301.8]
scores: [0.7858385198643658, 0.774055584435442, 0.7927542892031278, 0.8686367140167374, 0.8512583221660197, 0.9023095787534685, 1.0, 1.0]
