training_data_sizes: [0.1, 0.2, 0.3]
times: [128.0, 255.0, 380.0]
scores: [0.9293315689551307, 0.8780782383687649, 0.939893866142314]
