training_data_sizes: [0.1, 0.2, 0.3, 0.4, 0.5, 0.6, 0.7, 0.8, 0.9]
times: [147.05, 296.78, 434.94, 580.91, 722.61, 874.94, 1012.54, 1157.6, 1304.07]
scores: [0.8208913425499537, 0.8666413907596773, 0.9610188960619506, 0.8347003100793011, 1.0, 0.9432312527999385, 1.0, 1.0, 1.0]
