training_data_sizes: [0.1, 0.2, 0.3, 0.4, 0.5, 0.6, 0.7, 0.8, 0.9, 1.0]
times: [146.79, 282.82, 426.17, 566.29, 705.2, 845.85, 985.43, 1124.47, 1264.07, 1407.01]
scores: [0.9698622373136072, 0.9528391231531215, 0.8785084666627005, 0.918160772096941, 1.0, 1.0, 0.9730234978706642, 1.0, 1.0, 1.0]
