training_data_sizes: [0.1, 0.2, 0.3, 0.4, 0.5, 0.6, 0.7]
times: [136.73, 260.21, 389.44, 521.22, 652.24, 775.61, 904.12]
scores: [0.8375971968555589, 0.8632995224298001, 0.8792856196054251, 0.8523025149472028, 0.8811796958303947, 0.8474259123276728, 0.9351490921471046]
