training_data_sizes: [0.1, 0.2, 0.3, 0.4]
times: [178.54, 358.24, 531.36, 702.24]
scores: [0.9206002112821272, 0.9816683191853115, 0.9935932648295309, 1.0]
