training_data_sizes: [0.1, 0.2, 0.3, 0.4, 0.5, 0.6, 0.7, 0.8, 0.9, 1.0]
times: [109.0, 216.0, 321.0, 432.0, 547.0, 651.0, 763.0, 876.0, 983.0, 1090.0]
scores: [0.806193855053589, 0.8803705462732895, 0.9117299059150035, 0.8655113013395463, 0.9735260117175502, 0.9829289510402615, 0.9012271952935047, 1.0, 0.9932827174282981, 1.0]
