training_data_sizes: [0.1, 0.2, 0.3, 0.4, 0.5]
times: [48.0, 97.0, 148.0, 195.0, 241.0]
scores: [0.7181145249042202, 0.8720412293382879, 0.7953723982703461, 0.8624425171427834, 0.9273815572555736]
