training_data_sizes: [0.1, 0.2, 0.3, 0.4, 0.5, 0.6, 0.7, 0.8, 0.9]
times: [68.0, 134.0, 207.0, 273.0, 348.0, 417.0, 487.99999999999994, 557.0, 624.0]
scores: [0.6259016632853397, 0.4918034556899339, 0.5142834392930359, 0.5686300904026657, 0.5206294384476704, 0.6095918744957343, 0.5441260625378278, 0.5472454348442032, 0.5830244982708362]
