training_data_sizes: [0.1, 0.2, 0.3, 0.4, 0.5]
times: [112.0, 233.0, 358.0, 477.0, 590.0]
scores: [0.8968849850473062, 0.9379308749320806, 1.0, 1.0, 0.9778832800787254]
