training_data_sizes: [0.1, 0.2, 0.3, 0.4]
times: [303.6, 609.26, 901.51, 1205.5]
scores: [1.0, 0.9085673539545118, 0.8972564187486034, 1.0]
