training_data_sizes: [0.1, 0.2, 0.3]
times: [123.0, 256.0, 385.0]
scores: [0.9834552247093713, 0.8674682856780633, 1.0]
