training_data_sizes: [0.1, 0.2, 0.3, 0.4, 0.5, 0.6, 0.7]
times: [3.0, 10.0, 28.0, 32.0, 47.0, 58.0, 69.0]
scores: [0.665226499542092, 0.7228941062216447, 0.7436453281426247, 0.7743939841593019, 0.8958881102486647, 1.0, 0.9962046760995225]
