training_data_sizes: [0.1, 0.2, 0.3, 0.4, 0.5, 0.6, 0.7, 0.8, 0.9]
times: [12.0, 30.0, 58.0, 76.0, 96.0, 113.0, 134.0, 150.0, 174.0]
scores: [0.8346072167544196, 0.7825335588148448, 0.8008713999636362, 0.8721713129521164, 0.8742703087696941, 1.0, 0.917517920409141, 0.9515475205251206, 0.988422982262325]
