training_data_sizes: [0.1, 0.2, 0.3, 0.4, 0.5]
times: [129.0, 251.0, 381.0, 511.0, 649.0]
scores: [0.8568919546018905, 0.8313863179816567, 0.995230398893765, 0.8178341510008933, 0.8270870332694992]
