training_data_sizes: [0.1, 0.2, 0.3, 0.4, 0.5]
times: [69.0, 134.0, 207.0, 278.0, 346.0]
scores: [0.4797047104492586, 0.4880240778355976, 0.6573355258633478, 0.6780510499806535, 0.6641953157821916]
