training_data_sizes: [0.1, 0.2, 0.3, 0.4, 0.5, 0.6, 0.7]
times: [188.21, 377.38, 566.32, 746.54, 929.93, 1118.37, 1309.79]
scores: [0.758496240975923, 0.7344550974817484, 0.9040825134227553, 0.9717739967375254, 0.9848707821017757, 1.0, 1.0]
