training_data_sizes: [0.1, 0.2, 0.3, 0.4, 0.5, 0.6]
times: [124.41, 241.52, 353.03, 476.53, 586.93, 709.6]
scores: [1.0, 0.892942902929483, 1.0, 0.8952755795320528, 0.8907355687924363, 0.9619552158797715]
