training_data_sizes: [0.1, 0.2, 0.3, 0.4, 0.5, 0.6]
times: [135.04, 275.19, 409.59, 536.39, 670.75, 809.17]
scores: [0.7916645712390262, 0.9204556633249767, 0.8941590907752128, 0.9244168968012167, 1.0, 0.9856528423237673]
