training_data_sizes: [0.1, 0.2, 0.3, 0.4, 0.5, 0.6, 0.7, 0.8, 0.9, 1.0]
times: [1.79, 2.96, 4.77, 5.6, 6.99, 8.92, 10.91, 10.92, 11.4, 12.78]
scores: [0.7027333010615693, 0.7250266189870278, 0.7122509272822264, 0.7406080825834738, 0.7394695509483071, 0.7180953149695785, 0.6981240448166299, 0.7197205116736307, 0.7190625259542738, 0.684846331039195]
