training_data_sizes: [0.1, 0.2, 0.3, 0.4, 0.5]
times: [91.0, 199.0, 290.0, 396.0, 495.0]
scores: [0.7514925866306033, 0.8566258425163449, 0.820472839832649, 0.9542743710290096, 0.8964407872989106]
