training_data_sizes: [0.1, 0.2, 0.3, 0.4, 0.5, 0.6, 0.7, 0.8]
times: [50.0, 116.0, 172.0, 233.0, 290.0, 356.0, 416.0, 473.0]
scores: [0.6004243015864602, 0.666282494860052, 0.83679659081174, 0.8814513525749004, 0.8229568813859347, 0.8285052660112873, 0.8840071030873256, 0.9364468040330736]
