training_data_sizes: [0.1, 0.2, 0.3, 0.4, 0.5, 0.6, 0.7, 0.8, 0.9, 1.0]
times: [101.89, 207.55, 309.36, 407.87, 507.28, 601.34, 702.64, 805.02, 909.49, 1002.19]
scores: [0.5868276454016749, 0.6949159955516453, 0.6992523561061342, 0.7371519946341966, 0.844459665815426, 0.9288165116376347, 0.9704511134686051, 0.8758009656288241, 0.9235905475782704, 1.0]
