training_data_sizes: [0.1, 0.2, 0.3]
times: [8.0, 11.0, 24.0]
scores: [0.8769061536446502, 0.9595872127390617, 0.9766598149998722]
