training_data_sizes: [0.1, 0.2, 0.3, 0.4, 0.5, 0.6, 0.7, 0.8, 0.9, 1.0]
times: [4.4, 0.03, 15.35, 21.09, 26.44, 31.88, 40.88, 43.57, 37.08, 55.98]
scores: [0.5019389671278213, 0.5249911386683459, 0.5335996796879452, 0.5383868630452104, 0.5530259613950212, 0.5471979092868868, 0.5465307620492064, 0.5452129066947953, 0.5562043697027088, 0.5594793169910683]
