training_data_sizes: [0.1, 0.2, 0.3]
times: [206.41, 403.0, 605.82]
scores: [0.7480502342345783, 0.8785497828498252, 0.8074268300979115]
