training_data_sizes: [0.1, 0.2, 0.3]
times: [242.76, 472.48, 706.78]
scores: [0.8426227352379274, 0.9012450885004126, 0.8063708460407781]
