training_data_sizes: [0.1, 0.2, 0.3, 0.4, 0.5, 0.6, 0.7, 0.8, 0.9, 1.0]
times: [28.0, 51.0, 80.0, 111.0, 141.0, 170.0, 202.0, 235.0, 263.0, 299.0]
scores: [0.5750817921079892, 0.509654464376657, 0.5697636187330166, 0.6960196633374124, 0.7444449798689686, 0.7757562801357833, 0.9691251575281814, 1.0, 1.0, 1.0]
