training_data_sizes: [0.1, 0.2, 0.3, 0.4, 0.5, 0.6, 0.7, 0.8, 0.9, 1.0]
times: [103.13, 88.5, 117.32, 156.08, 169.28, 180.9, 206.73, 204.14, 217.11, 289.29]
scores: [0.9987023929753872, 0.9985361277552889, 0.9989668258188483, 0.9990837612736098, 0.9990594843699171, 0.9985987173146099, 0.9993804346073397, 0.9980778789919349, 0.9985270249506027, 0.9988640419110749]
