training_data_sizes: [0.1, 0.2, 0.3, 0.4, 0.5, 0.6]
times: [238.51, 476.41, 703.58, 941.68, 1176.25, 1405.56]
scores: [0.7140270020759919, 0.5714271548534553, 0.7139953370421465, 0.5722310114458187, 0.6611426853142371, 0.5430691786422407]
