training_data_sizes: [0.1, 0.2, 0.3, 0.4]
times: [255.92, 509.63, 756.38, 1009.33]
scores: [0.7743125279058581, 0.8870598354024438, 0.8289662859705905, 0.9491271163931032]
