training_data_sizes: [0.1, 0.2, 0.3, 0.4, 0.5, 0.6, 0.7, 0.8]
times: [126.96, 258.49, 375.59, 509.08, 628.93, 755.38, 881.8, 1005.72]
scores: [0.8417159171905293, 0.9436599592307079, 0.8648731277830841, 0.8763490819468125, 0.9277934866167342, 0.9945283258853213, 1.0, 1.0]
