training_data_sizes: [0.1, 0.2, 0.3, 0.4, 0.5, 0.6, 0.7, 0.8, 0.9, 1.0]
times: [125.75, 242.78, 366.91, 486.34, 607.53, 728.95, 849.96, 966.64, 1086.27, 1206.86]
scores: [0.8929384025224404, 0.8760527006923637, 0.9483959678104652, 0.8948311145388068, 0.9604726903985987, 0.9924115972014156, 1.0, 1.0, 0.9571389168045512, 0.9900024364718587]
