training_data_sizes: [0.1, 0.2, 0.3, 0.4, 0.5, 0.6, 0.7, 0.8, 0.9, 1.0]
times: [65.03, 127.42, 189.37, 240.34, 301.07, 361.3, 422.87, 484.82, 549.36, 608.86]
scores: [0.9639513476625423, 0.9306050653844063, 0.9370168603390417, 1.0, 0.9430747745949037, 1.0, 1.0, 0.9477861529367204, 0.9852800360474436, 0.9770365838596174]
