training_data_sizes: [0.1, 0.2, 0.3, 0.4, 0.5, 0.6, 0.7, 0.8, 0.9, 1.0]
times: [0.02, 0.02, 0.03, 0.03, 0.03, 0.04, 0.04, 0.05, 0.05, 0.06]
scores: [0.6519466474405191, 0.5708862904592442, 0.5526930797886682, 0.5920606541062965, 0.5695717829791824, 0.580873981303931, 0.5889672319908985, 0.5790363482671175, 0.5723955865430177, 0.5703753351206435]
