training_data_sizes: [0.1, 0.2, 0.3]
times: [240.27, 468.78, 708.28]
scores: [0.7860921847417195, 0.787031115646047, 0.7603206331737473]
