training_data_sizes: [0.1, 0.2, 0.3, 0.4, 0.5, 0.6, 0.7, 0.8, 0.9, 1.0]
times: [26.0, 53.0, 83.0, 114.0, 147.0, 170.0, 201.0, 232.0, 268.0, 290.0]
scores: [0.5698987794804594, 0.6463522829001136, 0.5520320202877714, 0.6062955730362992, 0.7067811256613631, 0.7383383775733259, 0.8640399695501781, 0.8341233625477158, 0.9696396891902034, 1.0]
