training_data_sizes: [0.1, 0.2, 0.3, 0.4, 0.5, 0.6, 0.7]
times: [98.0, 199.0, 297.0, 390.0, 495.0, 599.0, 691.0]
scores: [0.8283798894004342, 0.9829767064689197, 0.9723406438553764, 0.9524448725510581, 1.0, 0.957903597563377, 1.0]
