training_data_sizes: [0.1, 0.2, 0.3, 0.4, 0.5, 0.6, 0.7, 0.8, 0.9, 1.0]
times: [57.78, 78.62, 87.85, 122.24, 150.51, 179.87, 206.64, 236.16, 262.32, 294.24]
scores: [0.03520780518757941, 0.0005950810512383533, -8.741582051144305e-12, -1.1060604437352006e-11, -7.888231814195586e-12, -5.619930842267564e-12, -2.7452160616727483e-12, -3.0108985017952735e-12, -4.362134941205698e-12, -2.5703847107175975e-12]
