training_data_sizes: [0.1, 0.2, 0.3, 0.4, 0.5, 0.6, 0.7, 0.8, 0.9]
times: [72.77, 137.02, 208.18, 267.03, 341.23, 407.95, 475.18, 541.74, 600.2]
scores: [0.843323442723759, 0.8624244987877587, 0.8743808122030494, 0.8062352518230254, 0.9835766261403958, 0.9712132295398996, 0.9685334650164721, 1.0, 1.0]
