training_data_sizes: [0.1, 0.2, 0.3]
times: [342.41, 667.17, 1001.66]
scores: [1.0, 0.9567132193862844, 0.9708557800189892]
