training_data_sizes: [0.1, 0.2, 0.3, 0.4, 0.5, 0.6, 0.7]
times: [160.18, 319.67, 477.37, 632.1, 795.03, 943.96, 1109.84]
scores: [0.8073339441253361, 0.9120342927167706, 0.852053378738513, 0.9076655096739512, 0.9550078867908269, 1.0, 1.0]
