training_data_sizes: [0.1, 0.2, 0.3, 0.4, 0.5, 0.6, 0.7]
times: [190.75, 374.67, 561.57, 744.38, 937.97, 1123.09, 1300.88]
scores: [0.8705014242302545, 0.8501160412828482, 0.7628095028843105, 0.8583843361698135, 0.8775269649694057, 0.7762725343101358, 0.6807750246095183]
