training_data_sizes: [0.1, 0.2, 0.3, 0.4, 0.5, 0.6, 0.7, 0.8, 0.9]
times: [119.0, 234.0, 358.0, 472.0, 594.0, 718.0, 832.0, 951.0, 1070.0]
scores: [0.8928151453743852, 0.8532346563725058, 1.0, 0.9716615859143934, 0.9497264084830537, 1.0, 1.0, 1.0, 1.0]
