training_data_sizes: [0.1, 0.2, 0.3, 0.4, 0.5, 0.6, 0.7, 0.8]
times: [183.89, 356.45, 531.54, 700.84, 883.88, 1057.31, 1234.42, 1401.07]
scores: [0.7553148398812144, 0.7286511525585678, 0.7554019419184311, 0.7435164990966332, 0.8581692243475654, 0.6789669707287668, 0.7995578117587726, 0.7404802122601482]
