training_data_sizes: [0.1, 0.2, 0.3, 0.4, 0.5, 0.6, 0.7, 0.8, 0.9]
times: [12.0, 38.0, 59.0, 77.0, 92.0, 110.0, 133.0, 156.0, 175.0]
scores: [0.9044435036864757, 0.9198451862651342, 0.8749518636217991, 0.9562019845508065, 0.8218555856623327, 0.7870362880033233, 0.93883698831169, 0.9153926985462355, 0.812369525262862]
