training_data_sizes: [0.1, 0.2, 0.3, 0.4]
times: [358.6, 705.99, 1050.34, 1407.73]
scores: [0.8642577320670581, 0.9221207163136402, 1.0, 0.9227947928945262]
