training_data_sizes: [0.1, 0.2, 0.3, 0.4, 0.5, 0.6, 0.7, 0.8]
times: [157.14, 304.2, 459.77, 605.9, 753.32, 905.3, 1054.64, 1206.41]
scores: [0.77925892128261, 0.8191335347602345, 0.8865939193540705, 0.8741277084047314, 1.0, 0.9813376059870342, 1.0, 1.0]
