training_data_sizes: [0.1, 0.2]
times: [451.52, 905.32]
scores: [0.7755386441199221, 0.8757741095958917]
