training_data_sizes: [0.1, 0.2, 0.3, 0.4, 0.5, 0.6]
times: [29.0, 55.0, 80.0, 117.0, 148.0, 171.0]
scores: [0.7683058594528237, 0.8606784906249048, 0.9390450522421763, 0.8698204554692142, 1.0, 0.9104203729585815]
