training_data_sizes: [0.1, 0.2]
times: [76.0, 153.0]
scores: [0.8957085582888062, 0.8216883536373145]
