training_data_sizes: [0.1, 0.2]
times: [120.0, 258.0]
scores: [0.9080409298249725, 0.8006178482035453]
