training_data_sizes: [0.1, 0.2, 0.3, 0.4, 0.5]
times: [205.32, 407.39, 603.32, 805.15, 1008.64]
scores: [0.9004055928160302, 0.9272335928241745, 0.9798141713935047, 1.0, 1.0]
