training_data_sizes: [0.1, 0.2, 0.3, 0.4, 0.5, 0.6, 0.7, 0.8, 0.9, 1.0]
times: [107.51, 206.66, 305.46, 405.17, 508.51, 603.83, 704.64, 806.25, 902.4, 1007.02]
scores: [0.8162908255709503, 0.9092570660584463, 0.8625128232903914, 0.9452601279223807, 1.0, 1.0, 1.0, 1.0, 1.0, 1.0]
