training_data_sizes: [0.1, 0.2, 0.3, 0.4, 0.5, 0.6, 0.7, 0.8, 0.9, 1.0]
times: [0.76, 1.42, 1.93, 2.63, 3.19, 3.77, 4.33, 4.92, 5.52, 6.12]
scores: [0.42076578201243525, 0.4167532219802525, 0.41437312007204447, 0.4143367591975425, 0.40512931925916423, 0.40552544309972377, 0.4024661907908687, 0.40273075201252, 0.40520887957674495, 0.4028263011150255]
