training_data_sizes: [0.1, 0.2]
times: [517.93, 1044.84]
scores: [0.2920201209071739, 0.3172759580299471]
