training_data_sizes: [0.1, 0.2, 0.3, 0.4, 0.5, 0.6, 0.7, 0.8, 0.9]
times: [117.83, 227.37, 334.85, 451.02, 556.21, 671.12, 780.41, 889.04, 1000.83]
scores: [0.8892739011026128, 0.8060634212400375, 0.807276445331137, 0.9627302827495832, 0.966358578631969, 0.8766430470735669, 1.0, 0.9985148940049939, 1.0]
