training_data_sizes: [0.1, 0.2, 0.3, 0.4, 0.5, 0.6, 0.7, 0.8, 0.9]
times: [91.0, 194.0, 294.0, 396.0, 492.0, 598.0, 696.0, 793.0, 898.0]
scores: [0.9867680974376043, 0.8754504136433219, 0.8902846219189795, 0.9844940515765186, 0.9694550954545149, 0.9698389717521272, 0.8710487759307388, 0.7811404757405918, 0.8033943066179694]
