training_data_sizes: [0.1, 0.2, 0.3, 0.4, 0.5, 0.6, 0.7, 0.8, 0.9, 1.0]
times: [1.0, 1.78, 2.73, 3.72, 4.8, 5.93, 6.56, 7.23, 7.98, 8.93]
scores: [0.44591875028460215, 0.3638536323633631, 0.4800448255289644, 0.5320823472357303, 0.5781536858287337, 0.623012719926518, 0.6402203541367317, 0.6487331053288362, 0.6533950606032162, 0.6617207652862803]
