training_data_sizes: [0.1, 0.2, 0.3, 0.4, 0.5, 0.6, 0.7, 0.8]
times: [126.4, 254.54, 383.05, 505.15, 627.32, 758.78, 884.33, 1000.44]
scores: [0.7866036434485617, 0.8626745921947185, 0.7410826058560898, 0.8155416974962671, 0.976301774300196, 0.9100780009255645, 0.9254510171910509, 1.0]
