training_data_sizes: [0.1, 0.2, 0.3]
times: [75.0, 156.0, 237.0]
scores: [0.6855711263653778, 0.7392479390862313, 0.872581818359738]
