training_data_sizes: [0.1, 0.2, 0.3, 0.4, 0.5, 0.6, 0.7, 0.8, 0.9, 1.0]
times: [76.0, 157.0, 234.0, 318.0, 390.0, 479.0, 550.0, 637.0, 717.0, 797.0]
scores: [0.9163790566394895, 0.8938825355237953, 0.9336515958534342, 0.8505162736730824, 0.9222941123223253, 0.7667884039846758, 0.91599215670135, 0.8362548572891252, 0.7417366632379996, 0.7360891746635434]
