training_data_sizes: [0.1, 0.2, 0.3, 0.4, 0.5, 0.6, 0.7, 0.8, 0.9, 1.0]
times: [0.04, 0.07, 0.08, 0.1, 0.13, 0.18, 0.24, 0.23, 0.26, 0.27]
scores: [0.0, 0.3835251455291535, 0.41531308751545537, 0.45239587998208686, 0.490450952954427, 0.5519430051813472, 0.5651912074676302, 0.5898812899404282, 0.6202033842947983, 0.6112412177985949]
