training_data_sizes: [0.1, 0.2, 0.3, 0.4, 0.5, 0.6, 0.7, 0.8]
times: [166.03, 333.08, 493.31, 658.94, 815.47, 977.0, 1140.38, 1307.58]
scores: [0.8876075708453584, 0.8442197719189592, 0.7656886332139453, 0.8103355950832427, 0.8875038941269411, 0.9224537480681883, 0.8313029312129483, 0.9573593303284743]
