training_data_sizes: [0.1, 0.2, 0.3, 0.4, 0.5, 0.6, 0.7, 0.8]
times: [182.63, 352.57, 530.8, 701.27, 877.93, 1056.99, 1226.65, 1404.45]
scores: [0.5576468993305554, 0.6092814752653186, 0.757063422274468, 0.6934233822294986, 0.7319838110564905, 0.9205014489230386, 0.8715141657360378, 1.0]
