training_data_sizes: [0.1, 0.2, 0.3, 0.4, 0.5, 0.6, 0.7, 0.8, 0.9]
times: [40.0, 99.0, 147.0, 191.0, 241.0, 295.0, 346.0, 398.0, 447.0]
scores: [0.5642180016786719, 0.49095826397219916, 0.5447580222338592, 0.5153147206071583, 0.5559136170982062, 0.6275547987664822, 0.6383952866026136, 0.7932276041847192, 0.8306451937487298]
