training_data_sizes: [0.1, 0.2, 0.3]
times: [373.08, 735.29, 1103.85]
scores: [0.7431909055797898, 0.9038773665542581, 0.7776940156989889]
