training_data_sizes: [0.1, 0.2, 0.3]
times: [242.77, 476.1, 707.71]
scores: [0.9078589607776298, 0.9848958918099882, 0.9670344847431804]
