training_data_sizes: [0.1, 0.2, 0.3, 0.4, 0.5]
times: [36.0, 75.0, 112.0, 158.0, 199.0]
scores: [0.8634437864945015, 0.9825239138940025, 0.987641653626511, 1.0, 1.0]
