training_data_sizes: [0.1, 0.2, 0.3, 0.4]
times: [104.0, 217.0, 320.0, 433.0]
scores: [0.714492770307636, 0.7760332368757048, 0.8478004467581888, 1.0]
