training_data_sizes: [0.1, 0.2, 0.3]
times: [272.03, 540.87, 805.69]
scores: [0.6225741640487406, 0.7469625131649479, 0.7591627860524408]
