training_data_sizes: [0.1, 0.2, 0.3, 0.4, 0.5]
times: [145.84, 280.11, 429.23, 569.14, 704.25]
scores: [0.7594253258837327, 0.9347458201673946, 0.9304495093007602, 0.877905578452441, 1.0]
