training_data_sizes: [0.1, 0.2, 0.3, 0.4, 0.5, 0.6, 0.7]
times: [75.0, 156.0, 236.0, 312.0, 393.0, 473.0, 552.0]
scores: [0.8580519273324413, 0.7031540267681213, 0.7426643339509578, 0.8769334131623663, 0.7822274192685479, 0.7660113687395611, 0.8387870390430063]
