training_data_sizes: [0.1, 0.2, 0.3, 0.4, 0.5]
times: [16.0, 31.0, 50.0, 75.0, 96.0]
scores: [0.9333676378113518, 0.8435433103490309, 0.9581926481220912, 0.92271941685046, 0.9188608760043615]
