training_data_sizes: [0.1, 0.2, 0.3, 0.4]
times: [203.77, 408.07, 600.45, 809.9]
scores: [0.8393600348748078, 0.8807445600581186, 0.7965390938025394, 0.897323260116677]
