training_data_sizes: [0.1, 0.2]
times: [706.51, 1402.39]
scores: [0.9041505046049296, 0.8130679527317597]
