training_data_sizes: [0.1, 0.2, 0.3, 0.4, 0.5, 0.6, 0.7, 0.8, 0.9]
times: [14.0, 33.0, 50.0, 77.0, 99.0, 119.0, 138.0, 157.0, 179.0]
scores: [0.9751663919722722, 1.0, 1.0, 1.0, 0.9402076967072608, 1.0, 0.8939983227372514, 0.9894893134780568, 0.8771134607695231]
