training_data_sizes: [0.1, 0.2, 0.3, 0.4, 0.5, 0.6, 0.7, 0.8]
times: [132.97, 259.49, 380.13, 503.8, 629.97, 752.7, 877.71, 1008.36]
scores: [0.8942715247125297, 0.8143358789538088, 0.9932057446879204, 0.872329425827352, 0.9942960291868037, 1.0, 0.9316193330537361, 1.0]
