training_data_sizes: [0.1, 0.2, 0.3, 0.4, 0.5, 0.6, 0.7, 0.8, 0.9, 1.0]
times: [36.0, 76.0, 118.0, 150.0, 195.0, 231.0, 274.0, 316.0, 354.0, 390.0]
scores: [0.8382086098555257, 0.8639716057182867, 1.0, 0.9167930233166408, 0.8467846017434966, 0.92277064451929, 0.9692066607842958, 0.8656172954198293, 0.8958666095105351, 0.9399737140007898]
