training_data_sizes: [0.1, 0.2, 0.3, 0.4]
times: [333.33, 659.74, 982.06, 1304.52]
scores: [0.9132829899621682, 0.7842600072452826, 0.8817058325954067, 0.9149810934931968]
