training_data_sizes: [0.1, 0.2, 0.3, 0.4, 0.5, 0.6, 0.7, 0.8]
times: [29.0, 54.0, 88.0, 119.0, 149.0, 173.0, 201.0, 237.0]
scores: [0.7892222983078268, 0.9020281465789388, 0.9704786738744235, 0.8387937233985181, 0.8482716400313961, 1.0, 0.8856503507248297, 0.954688837089092]
