training_data_sizes: [0.1, 0.2, 0.3, 0.4, 0.5, 0.6]
times: [203.09, 403.27, 603.53, 807.59, 1008.39, 1202.1]
scores: [0.6652093536736179, 0.8293455183478182, 0.8776601582429727, 0.8347433212390301, 0.8139724920066866, 0.8327302204648455]
