training_data_sizes: [0.1, 0.2, 0.3]
times: [205.34, 407.36, 606.21]
scores: [0.7083771485908379, 0.6565611359847303, 0.7151163570553859]
