training_data_sizes: [0.1, 0.2, 0.3, 0.4, 0.5, 0.6, 0.7, 0.8, 0.9, 1.0]
times: [76.19, 144.06, 217.85, 287.45, 353.11, 427.36, 494.71, 562.59, 636.23, 707.15]
scores: [0.9653553568961861, 0.8220191879977439, 0.8234394626359869, 0.9602220604512771, 0.9549861893679377, 0.9127907239865342, 0.8972207819263669, 0.9574898215784771, 0.9505830237318864, 0.9835321352346269]
