training_data_sizes: [0.1, 0.2, 0.3, 0.4, 0.5, 0.6, 0.7, 0.8, 0.9, 1.0]
times: [33.0, 71.0, 117.0, 157.0, 192.0, 239.0, 272.0, 314.0, 359.0, 391.0]
scores: [0.8023740542076307, 0.9904145128396806, 0.8829508407817209, 0.92813109184623, 1.0, 0.9797189082703163, 1.0, 1.0, 1.0, 1.0]
