training_data_sizes: [0.1, 0.2, 0.3, 0.4, 0.5, 0.6, 0.7]
times: [117.89, 238.3, 349.92, 459.77, 577.19, 694.64, 803.19]
scores: [0.8332917763405214, 0.9075997619193941, 1.0, 0.9352037952136839, 0.9912491304625842, 0.9836034410896417, 1.0]
