training_data_sizes: [0.1, 0.2, 0.3, 0.4, 0.5, 0.6, 0.7, 0.8, 0.9, 1.0]
times: [0.03, 0.04, 0.04, 0.05, 0.05, 0.07, 0.07, 0.07, 0.08, 0.09]
scores: [0.0, 0.3846359385437541, 0.3776799173455734, 0.3591256872254671, 0.3663998849336174, 0.3934987639269871, 0.3985861323259696, 0.397674890329732, 0.4165581426150904, 0.41803278688524603]
