training_data_sizes: [0.1, 0.2, 0.3, 0.4, 0.5, 0.6, 0.7, 0.8, 0.9, 1.0]
times: [4.63, 6.97, 9.26, 11.68, 14.18, 17.16, 19.86, 22.88, 27.48, 31.4]
scores: [0.3014190758462685, 0.3035227507410977, 0.3115776282634264, 0.327906107186174, 0.31323247216969613, 0.3091126130946763, 0.29673995884841387, 0.29853505305134054, 0.29115578544719767, 0.29354439737758947]
