training_data_sizes: [0.1, 0.2, 0.3, 0.4, 0.5, 0.6, 0.7]
times: [64.0, 131.0, 205.0, 274.0, 349.0, 413.0, 486.99999999999994]
scores: [0.7951197065705402, 0.9997433797754949, 0.9448371134725845, 0.8543669928397413, 0.8815474508251571, 0.9586932723914376, 0.9496661452977218]
