training_data_sizes: [0.1, 0.2, 0.3, 0.4, 0.5, 0.6, 0.7, 0.8, 0.9, 1.0]
times: [100.95, 200.97, 307.14, 408.7, 507.9, 606.5, 707.2, 804.28, 907.68, 1006.26]
scores: [0.766443385035004, 0.9416585074458774, 0.8293856705285438, 0.9502273258204417, 1.0, 0.8805309241226209, 1.0, 0.9574570878262353, 1.0, 1.0]
