training_data_sizes: [0.1, 0.2, 0.3, 0.4]
times: [25.0, 59.0, 83.0, 112.0]
scores: [0.8626245491034974, 0.8380308811468451, 0.8075750556908963, 0.8345712334358322]
