training_data_sizes: [0.1, 0.2]
times: [133.0, 273.0]
scores: [0.8071725096886279, 0.7603469517177617]
