training_data_sizes: [0.1, 0.2, 0.3, 0.4, 0.5, 0.6, 0.7]
times: [135.93, 258.1, 392.61, 516.22, 649.59, 779.98, 902.57]
scores: [0.9430132516587981, 0.9482469029594478, 0.847397673813143, 0.9338619187974079, 0.9135579553631992, 0.95791740658676, 0.931156695793242]
