training_data_sizes: [0.1, 0.2, 0.3, 0.4, 0.5]
times: [53.0, 115.0, 174.0, 236.0, 295.0]
scores: [0.852136808265405, 0.8571698947317441, 0.7869488416599912, 0.924878186779216, 0.8609970746293862]
