training_data_sizes: [0.1, 0.2]
times: [76.0, 157.0]
scores: [0.6427978353488765, 0.7424023407607471]
