training_data_sizes: [0.1, 0.2]
times: [656.7, 1307.33]
scores: [0.6057590805589371, 0.7112018592990748]
