training_data_sizes: [0.1, 0.2, 0.3, 0.4, 0.5, 0.6, 0.7, 0.8, 0.9]
times: [144.75, 291.36, 439.72, 579.8, 732.06, 875.74, 1013.61, 1160.88, 1304.63]
scores: [0.967624297606623, 0.9737046632718773, 0.9339539957318284, 0.9702955793769918, 0.9394512811992822, 0.9290081783571744, 0.9468496004283662, 1.0, 1.0]
