training_data_sizes: [0.1, 0.2, 0.3, 0.4, 0.5, 0.6, 0.7]
times: [102.22, 201.8, 309.31, 404.01, 508.27, 609.93, 709.98]
scores: [0.8288374232487774, 0.8504670961747893, 0.7889516733527275, 0.9735859962234477, 0.8894278346523082, 0.9648664618049245, 1.0]
