training_data_sizes: [0.1, 0.2]
times: [503.69, 1009.61]
scores: [0.7664259264695923, 0.7375434297206231]
