training_data_sizes: [0.1, 0.2, 0.3, 0.4, 0.5, 0.6, 0.7, 0.8, 0.9, 1.0]
times: [60.0, 134.0, 209.0, 271.0, 342.0, 416.0, 482.99999999999994, 551.0, 620.0, 698.0]
scores: [0.6082761720125844, 0.7621482696255979, 0.7612697591005406, 0.6425647062791525, 0.6317594689063584, 0.6897628224694526, 0.5777676946695, 0.6270204504933592, 0.5847844843401525, 0.6938117759355701]
