training_data_sizes: [0.1, 0.2, 0.3, 0.4, 0.5, 0.6, 0.7]
times: [62.76, 335.71, 538.15, 729.04, 863.84, 1015.22, 1143.04]
scores: [1.0, 1.0, 0.9995305164319248, 0.9220188185655195, 0.8675286326241017, 0.7638251682560572, 0.7857108170548353]
