training_data_sizes: [0.1, 0.2, 0.3, 0.4, 0.5, 0.6, 0.7, 0.8, 0.9, 1.0]
times: [22.0, 58.0, 86.0, 117.0, 142.0, 174.0, 208.0, 235.0, 269.0, 293.0]
scores: [0.8103425532817835, 0.9447485746024252, 1.0, 0.8557128849372795, 0.9906093252341618, 0.8731259505841544, 0.8963287836589604, 1.0, 0.9776025346984721, 1.0]
