training_data_sizes: [0.1, 0.2, 0.3, 0.4, 0.5, 0.6, 0.7, 0.8, 0.9, 1.0]
times: [7.28, 14.81, 23.28, 35.01, 46.43, 60.64, 64.67, 77.3, 95.36, 102.55]
scores: [1.0, 1.0, 1.0, 1.0, 1.0, 1.0, 0.8576756424951297, 0.861480180059973, 0.8606759332065614, 0.8590547635290557]
