training_data_sizes: [0.1, 0.2, 0.3, 0.4]
times: [230.56, 455.52, 679.96, 905.12]
scores: [0.7219632684326034, 0.6157573140798167, 0.7510685106419057, 0.8144588109682865]
