training_data_sizes: [0.1, 0.2, 0.3, 0.4, 0.5, 0.6]
times: [201.76, 408.32, 607.16, 809.89, 1001.24, 1200.2]
scores: [0.6824803452205374, 0.7355242123114594, 0.7812076900409801, 0.7527431692741178, 0.8511263390785947, 0.841060721087875]
