training_data_sizes: [0.1, 0.2, 0.3, 0.4, 0.5]
times: [41.0, 95.0, 141.0, 196.0, 244.0]
scores: [0.8175875698486782, 0.7512584751043714, 0.8263335086728884, 0.9735255499867888, 0.9623182490333738]
