training_data_sizes: [0.1, 0.2, 0.3, 0.4, 0.5]
times: [3.0, 10.0, 25.0, 39.0, 41.0]
scores: [0.7982610756655646, 0.9538702898400552, 0.7601799315985656, 0.8604214811507773, 0.8806334354239141]
