training_data_sizes: [0.1, 0.2, 0.3, 0.4, 0.5, 0.6, 0.7, 0.8, 0.9, 1.0]
times: [87.0, 179.0, 263.0, 357.0, 447.0, 537.0, 621.0, 719.0, 804.0, 892.0]
scores: [0.697359587838426, 0.7455738604424215, 0.8940367258270451, 0.931121433532444, 0.9074934678269211, 1.0, 0.9931734796708925, 0.9809613140329956, 1.0, 1.0]
