training_data_sizes: [0.1, 0.2, 0.3]
times: [24.0, 54.0, 89.0]
scores: [0.7885519225937752, 0.8546682031974806, 0.7689769986965151]
