training_data_sizes: [0.1, 0.2, 0.3, 0.4, 0.5, 0.6, 0.7, 0.8, 0.9, 1.0]
times: [13.0, 30.0, 57.0, 74.0, 99.0, 116.0, 130.0, 152.0, 172.0, 191.0]
scores: [0.761840021381317, 0.7877749208947538, 0.8900982234277709, 0.8293507520459412, 0.9853970421877096, 1.0, 1.0, 1.0, 1.0, 1.0]
