training_data_sizes: [0.1, 0.2, 0.3, 0.4, 0.5, 0.6, 0.7, 0.8]
times: [184.34, 359.89, 525.46, 708.23, 880.69, 1055.23, 1230.76, 1400.37]
scores: [0.8483303522562606, 0.9196595253837374, 0.8896509213677118, 1.0, 1.0, 1.0, 1.0, 1.0]
