training_data_sizes: [0.1, 0.2, 0.3, 0.4, 0.5, 0.6, 0.7, 0.8, 0.9]
times: [56.0, 110.0, 170.0, 234.0, 295.0, 352.0, 413.0, 473.0, 536.0]
scores: [0.6964405653163924, 0.8685886000589107, 0.7628435234368727, 1.0, 0.9901580133216797, 1.0, 1.0, 1.0, 1.0]
