training_data_sizes: [0.1, 0.2, 0.3, 0.4, 0.5, 0.6, 0.7, 0.8, 0.9, 1.0]
times: [18.25, 31.56, 49.75, 68.31, 86.36, 105.57, 127.22, 146.51, 165.53, 184.68]
scores: [0.823995339082477, 0.8548558424133244, 0.8694199193027248, 0.8810318350046162, 0.8919329853337168, 0.90080560772996, 0.906622365091232, 0.9113518352805614, 0.9151286285276476, 0.9178844594953037]
