training_data_sizes: [0.1, 0.2, 0.3, 0.4]
times: [75.0, 158.0, 234.0, 315.0]
scores: [0.7880051839514152, 0.7619126903217499, 0.9226426467751361, 0.9103380996615477]
