training_data_sizes: [0.1, 0.2]
times: [555.11, 1104.94]
scores: [0.8953069878350008, 0.8610664269453341]
