training_data_sizes: [0.1, 0.2, 0.3, 0.4, 0.5, 0.6, 0.7]
times: [132.71, 263.31, 394.92, 521.26, 648.93, 772.75, 903.25]
scores: [0.9765429047713274, 0.9890940150094856, 0.8837875684656504, 0.9734994476925265, 1.0, 1.0, 1.0]
