training_data_sizes: [0.1, 0.2, 0.3, 0.4, 0.5]
times: [106.0, 219.0, 325.0, 430.0, 541.0]
scores: [0.6417838419382885, 0.6159344951983193, 0.5092634755004906, 0.7051710206703854, 0.7797036147795182]
