training_data_sizes: [0.1, 0.2, 0.3, 0.4, 0.5, 0.6, 0.7, 0.8, 0.9]
times: [133.0, 271.0, 419.0, 553.0, 699.0, 838.0, 976.9999999999999, 1115.0, 1259.0]
scores: [0.7744662431170353, 0.8216714333395283, 0.7918306739966393, 0.9859639617964691, 0.9456104645398009, 0.9486265447129509, 1.0, 1.0, 1.0]
