training_data_sizes: [0.1, 0.2, 0.3, 0.4, 0.5, 0.6]
times: [220.14, 439.93, 654.05, 869.66, 1086.96, 1306.27]
scores: [0.6910184252288321, 0.748170359702294, 0.7884396931546687, 0.8411033895756184, 0.9940402692834036, 1.0]
