training_data_sizes: [0.1, 0.2, 0.3, 0.4, 0.5, 0.6, 0.7, 0.8]
times: [1.0, 13.0, 23.0, 33.0, 49.0, 51.0, 61.0, 71.0]
scores: [0.9353336001720689, 0.8687427228657919, 1.0, 0.9246939011438264, 0.8468724982969095, 0.9145018637836647, 1.0, 0.9680154287934417]
