training_data_sizes: [0.1, 0.2]
times: [553.41, 1107.03]
scores: [0.6381367353398574, 0.7270847708411194]
