training_data_sizes: [0.1, 0.2, 0.3]
times: [241.99, 476.38, 702.18]
scores: [0.5664790987903114, 0.6433306729305367, 0.5841737127321898]
