training_data_sizes: [0.1, 0.2, 0.3, 0.4, 0.5, 0.6, 0.7, 0.8, 0.9]
times: [140.16, 271.86, 409.61, 537.81, 667.89, 803.51, 936.85, 1074.49, 1207.49]
scores: [0.8612288074508805, 0.9262496442395963, 1.0, 0.9212395610021031, 0.947589715083824, 1.0, 0.9814893895945174, 0.9799390189600616, 0.9690835904765309]
