training_data_sizes: [0.1, 0.2]
times: [42.0, 91.0]
scores: [0.7540018637248024, 0.9198040468333883]
