training_data_sizes: [0.1, 0.2, 0.3, 0.4, 0.5, 0.6, 0.7, 0.8, 0.9, 1.0]
times: [52.0, 115.0, 178.0, 233.0, 293.0, 351.0, 417.0, 473.0, 534.0, 592.0]
scores: [1.0, 0.9384210516893815, 1.0, 1.0, 1.0, 1.0, 0.997992300889089, 1.0, 1.0, 1.0]
