training_data_sizes: [0.1, 0.2, 0.3]
times: [435.74, 868.66, 1302.37]
scores: [0.6756918976185902, 0.6334938465368541, 0.8137959363168635]
