training_data_sizes: [0.1, 0.2, 0.3, 0.4, 0.5, 0.6, 0.7, 0.8]
times: [63.0, 133.0, 205.0, 277.0, 345.0, 412.0, 480.99999999999994, 553.0]
scores: [0.8937153743748878, 0.9352667129416832, 0.9826090745843873, 0.9377176075668064, 0.9692983102592414, 0.9661057864014853, 0.9623279684767114, 1.0]
