training_data_sizes: [0.1, 0.2, 0.3, 0.4, 0.5, 0.6, 0.7, 0.8, 0.9, 1.0]
times: [31.79, 61.2, 103.82, 154.95, 200.78, 249.29, 300.98, 332.61, 368.32, 404.58]
scores: [1.0, 0.9972438916975799, 0.9916140192723775, 0.984128073725862, 0.9771389001107769, 0.9679201294234596, 0.955331052293718, 0.9437662562962718, 0.9312104430083513, 0.9213547884897065]
