training_data_sizes: [0.1, 0.2, 0.3, 0.4, 0.5, 0.6]
times: [153.76, 306.69, 454.07, 603.45, 751.68, 908.36]
scores: [0.9510214626086166, 0.8419299215530842, 0.9259387087860136, 0.8116232832159174, 0.8028466165171978, 0.8452335211919287]
