training_data_sizes: [0.1, 0.2, 0.3]
times: [241.2, 468.63, 704.75]
scores: [0.8371253145271931, 0.7654246797526661, 0.8482108262850577]
