training_data_sizes: [0.1, 0.2, 0.3, 0.4, 0.5, 0.6, 0.7, 0.8, 0.9]
times: [119.04, 226.06, 339.38, 446.39, 564.36, 676.38, 780.66, 889.78, 1004.18]
scores: [0.7171613992851318, 0.7254400279426779, 0.8464050670206587, 0.9181643197984386, 0.9137364301475313, 0.9790575841101978, 0.9662216695373851, 0.9332899241810618, 0.9614316178504223]
