training_data_sizes: [0.1, 0.2, 0.3, 0.4, 0.5, 0.6, 0.7, 0.8, 0.9]
times: [108.67, 202.41, 306.93, 400.38, 503.35, 607.25, 701.69, 803.99, 905.05]
scores: [0.9882468261925885, 0.9206085474046908, 1.0, 0.9822915039963265, 1.0, 0.9623145121663769, 1.0, 1.0, 0.9512179206613678]
