training_data_sizes: [0.1, 0.2, 0.3, 0.4, 0.5, 0.6, 0.7]
times: [101.9, 209.62, 308.36, 404.77, 503.65, 605.6, 703.02]
scores: [0.9018123310037239, 0.8610023776078153, 0.9455695236195667, 0.9837193981905936, 0.863972437073131, 0.8900214699746845, 0.9305857356559999]
