training_data_sizes: [0.1, 0.2, 0.3, 0.4, 0.5, 0.6, 0.7, 0.8, 0.9, 1.0]
times: [96.46, 183.52, 275.51, 361.99, 454.0, 546.34, 631.38, 721.78, 816.47, 901.93]
scores: [0.8270082350514467, 0.8963362168928539, 0.9632699664337203, 0.8286881394426995, 0.8269739822809967, 0.8964409989631916, 0.8652648038880388, 0.9108797122153587, 1.0, 0.9359431720145186]
