training_data_sizes: [0.1, 0.2, 0.3, 0.4, 0.5, 0.6]
times: [233.69, 468.11, 702.48, 933.92, 1174.49, 1405.28]
scores: [0.7972926757419369, 0.8658271275214537, 1.0, 0.9228697888985289, 1.0, 1.0]
