training_data_sizes: [0.1, 0.2, 0.3, 0.4, 0.5, 0.6, 0.7, 0.8, 0.9]
times: [83.59, 160.17, 233.82, 318.04, 395.08, 475.88, 549.73, 628.96, 707.59]
scores: [0.8006146238174189, 0.7292543891849769, 0.8673395084704225, 0.8033581021587024, 0.9612231245814453, 0.9637975431121185, 0.9771934597732297, 1.0, 1.0]
