training_data_sizes: [0.1, 0.2, 0.3, 0.4, 0.5, 0.6, 0.7, 0.8]
times: [50.0, 110.0, 172.0, 234.0, 294.0, 353.0, 410.0, 475.0]
scores: [0.8499271591799318, 0.8174634233883238, 0.9075868239617189, 0.9593557757659803, 0.9432226926992275, 1.0, 0.9987771843411033, 1.0]
