training_data_sizes: [0.1, 0.2, 0.3, 0.4, 0.5]
times: [76.0, 158.0, 237.0, 312.0, 391.0]
scores: [0.910572218182489, 1.0, 0.9957861195124316, 1.0, 0.9941048972771676]
