training_data_sizes: [0.1, 0.2, 0.3, 0.4, 0.5, 0.6, 0.7, 0.8, 0.9, 1.0]
times: [130.0, 272.0, 412.0, 551.0, 691.0, 838.0, 971.9999999999999, 1113.0, 1257.0, 1393.0]
scores: [0.9669936629131177, 0.9660616180152982, 0.8627217533584624, 0.9696394328753845, 1.0, 0.9372697313196194, 0.9857228713388109, 0.9550707678005618, 1.0, 1.0]
