training_data_sizes: [0.1, 0.2, 0.3, 0.4, 0.5, 0.6]
times: [10.0, 34.0, 54.0, 75.0, 99.0, 113.0]
scores: [0.8085919097784864, 0.8851352651670332, 0.9146838705183302, 1.0, 0.9973432677531795, 1.0]
