training_data_sizes: [0.1, 0.2, 0.3, 0.4]
times: [281.09, 551.75, 826.53, 1102.88]
scores: [0.9126159483469607, 0.8534656670188603, 0.8627638605893907, 0.9414050804201721]
