training_data_sizes: [0.1, 0.2, 0.3, 0.4, 0.5, 0.6, 0.7]
times: [163.11, 320.78, 480.32, 634.24, 790.87, 944.25, 1104.05]
scores: [0.9351302619099342, 1.0, 1.0, 0.9717113735586793, 1.0, 1.0, 1.0]
