training_data_sizes: [0.1, 0.2, 0.3, 0.4, 0.5, 0.6, 0.7, 0.8, 0.9, 1.0]
times: [143.01, 288.87, 422.22, 564.05, 702.86, 847.89, 984.84, 1122.12, 1264.13, 1409.41]
scores: [0.7561358013486899, 0.7513984074833432, 0.7618087538795405, 0.7441639267238462, 0.780454208253792, 0.6815142941608121, 0.7444060641065922, 0.7441016721818258, 0.6311225157728731, 0.6340225251972962]
