training_data_sizes: [0.1, 0.2, 0.3, 0.4, 0.5, 0.6, 0.7, 0.8]
times: [130.26, 256.35, 383.8, 504.92, 634.4, 755.75, 883.22, 1009.16]
scores: [0.5331702298872028, 0.44723586380275165, 0.4362525746005882, 0.6087022665122908, 0.5110161517487204, 0.625968533711168, 0.713456955217186, 0.7896633241054695]
