training_data_sizes: [0.1, 0.2, 0.3, 0.4]
times: [29.0, 56.0, 85.0, 115.0]
scores: [0.5740103992109229, 0.6171719908156545, 0.6352975288776467, 0.7049354525031456]
