training_data_sizes: [0.1, 0.2, 0.3, 0.4, 0.5, 0.6, 0.7, 0.8, 0.9, 1.0]
times: [118.0, 232.0, 352.0, 474.0, 591.0, 710.0, 839.0, 950.0, 1070.0, 1197.0]
scores: [0.8570291292471075, 1.0, 0.9556945755140989, 1.0, 1.0, 1.0, 1.0, 1.0, 1.0, 1.0]
