training_data_sizes: [0.1, 0.2, 0.3, 0.4, 0.5, 0.6, 0.7, 0.8, 0.9, 1.0]
times: [87.0, 170.0, 266.0, 351.0, 441.0, 534.0, 620.0, 717.0, 807.0, 892.0]
scores: [0.8937204362742144, 1.0, 0.885999957400696, 0.945370926473462, 1.0, 0.9704954294035361, 1.0, 1.0, 0.9074593851170267, 1.0]
