training_data_sizes: [0.1, 0.2, 0.3, 0.4, 0.5, 0.6, 0.7, 0.8]
times: [131.0, 271.0, 416.0, 554.0, 699.0, 834.0, 970.9999999999999, 1111.0]
scores: [0.9245334010264856, 0.8666033800547304, 0.9379710688090217, 1.0, 0.9933742134328047, 1.0, 1.0, 0.9349141300290239]
