training_data_sizes: [0.1, 0.2, 0.3, 0.4, 0.5, 0.6, 0.7, 0.8, 0.9, 1.0]
times: [36.0, 78.0, 110.0, 159.0, 198.0, 234.0, 274.0, 314.0, 353.0, 392.0]
scores: [0.9343532125522223, 0.9055437334385523, 0.8700633137200122, 0.9754404629214146, 1.0, 1.0, 0.9800113746834684, 0.9748878007695414, 1.0, 1.0]
