training_data_sizes: [0.1, 0.2, 0.3, 0.4]
times: [14.0, 35.0, 52.0, 72.0]
scores: [0.7217471295914523, 0.9128898507765566, 0.8557278271682941, 0.8134230416038042]
