training_data_sizes: [0.1, 0.2, 0.3, 0.4]
times: [178.24, 352.76, 534.76, 703.04]
scores: [0.8978988204585076, 0.8421466740335981, 0.8734788962418879, 0.8411101644021748]
