training_data_sizes: [0.1, 0.2, 0.3, 0.4, 0.5, 0.6, 0.7, 0.8, 0.9, 1.0]
times: [1.61, 2.71, 3.12, 4.32, 5.28, 5.87, 6.11, 7.39, 8.28, 9.37]
scores: [0.9143595528495329, 0.9514297617317931, 0.9620893414281648, 0.9270399767951916, 0.8793253745707889, 0.8440312704574937, 0.7559489854169171, 0.7024757966903957, 0.6526370609705469, 0.5808296976358804]
