training_data_sizes: [0.1, 0.2]
times: [553.84, 1108.91]
scores: [0.603567444033392, 0.588626184336981]
