training_data_sizes: [0.1, 0.2, 0.3, 0.4, 0.5, 0.6]
times: [33.0, 74.0, 113.0, 159.0, 198.0, 232.0]
scores: [1.0, 0.9263228723067849, 0.8785240091818969, 0.8710753456997661, 1.0, 1.0]
