training_data_sizes: [0.1, 0.2, 0.3, 0.4, 0.5, 0.6, 0.7, 0.8, 0.9, 1.0]
times: [1.32, 2.26, 3.15, 4.21, 4.91, 6.2, 9.45, 7.68, 8.54, 9.08]
scores: [0.6549623991017999, 0.6554723905195299, 0.6560277635401435, 0.6402231858676342, 0.6501709396963398, 0.6564430950088943, 0.6639976028391334, 0.6489771630286598, 0.6415303618894189, 0.6731923524780334]
