training_data_sizes: [0.1, 0.2, 0.3, 0.4, 0.5, 0.6, 0.7, 0.8, 0.9, 1.0]
times: [78.6, 145.97, 214.72, 285.97, 357.62, 420.91, 495.79, 563.81, 632.87, 708.34]
scores: [0.7436916432315888, 0.6495730953017431, 0.7444470779391106, 0.7121086491896058, 0.846138372990493, 0.9602635688811494, 1.0, 0.9657844648456053, 0.9961335147811377, 1.0]
