training_data_sizes: [0.1, 0.2, 0.3, 0.4, 0.5, 0.6, 0.7]
times: [74.0, 156.0, 234.0, 310.0, 392.0, 475.0, 558.0]
scores: [0.8039826027093658, 0.8426635444738981, 0.8511750469314281, 0.9037017788654417, 0.9088021967768389, 1.0, 1.0]
