training_data_sizes: [0.1, 0.2, 0.3, 0.4, 0.5, 0.6, 0.7, 0.8, 0.9, 1.0]
times: [7.38, 12.58, 17.01, 21.64, 25.63, 29.68, 33.44, 36.21, 39.98, 43.15]
scores: [-0.0005583419549326627, -0.00038603181461822385, -6.796291023795574e-05, 0.00014656574070838024, 0.00035600338669239905, 0.0006250208287019786, 0.000834400602363699, 0.0010432767114226928, 0.001164075302944228, 0.0014357052103464434]
