training_data_sizes: [0.1, 0.2, 0.3, 0.4, 0.5, 0.6, 0.7]
times: [109.2, 200.66, 305.49, 409.09, 509.06, 600.45, 706.22]
scores: [0.6935063088233925, 0.8579954674771323, 0.8856948775602146, 0.8514125355342191, 1.0, 1.0, 1.0]
