training_data_sizes: [0.1, 0.2, 0.3, 0.4, 0.5, 0.6, 0.7, 0.8, 0.9, 1.0]
times: [56.0, 110.0, 170.0, 230.0, 292.0, 356.0, 415.0, 478.0, 538.0, 593.0]
scores: [0.8418461380087219, 0.8621014786045031, 0.861113765201027, 0.8778159976221889, 1.0, 0.9386402006543815, 0.9243269495303371, 1.0, 1.0, 0.9911375878565425]
