training_data_sizes: [0.1, 0.2, 0.3, 0.4, 0.5, 0.6]
times: [108.0, 210.0, 322.0, 436.0, 542.0, 659.0]
scores: [0.7833656203364527, 0.646502935089689, 0.7085441542094579, 0.77267364120636, 0.8067342890363959, 0.6619883479717812]
