training_data_sizes: [0.1, 0.2, 0.3, 0.4, 0.5, 0.6, 0.7]
times: [160.33, 318.77, 476.71, 637.29, 790.96, 944.51, 1100.23]
scores: [0.6273205266751232, 0.6514596698571148, 0.8202173593880724, 0.8146105627887466, 0.8013663093805712, 0.867595639505746, 0.9837642456175595]
