training_data_sizes: [0.1, 0.2, 0.3, 0.4, 0.5]
times: [96.0, 199.0, 299.0, 393.0, 490.0]
scores: [0.9336482742139529, 0.9511291061629299, 0.9427030001081734, 1.0, 1.0]
