training_data_sizes: [0.1, 0.2, 0.3, 0.4]
times: [334.08, 662.79, 951.83, 1188.13]
scores: [1.0, 1.0, 0.9999999864786597, 0.9999918234550735]
