training_data_sizes: [0.1, 0.2, 0.3, 0.4, 0.5, 0.6, 0.7, 0.8, 0.9, 1.0]
times: [22.61, 44.89, 69.73, 89.24, 113.55, 132.43, 158.77, 194.34, 220.23, 241.65]
scores: [0.9729080212738336, 0.9843364431619278, 0.9884202472066367, 0.99079697190635, 0.9920752933734862, 0.9929033795398907, 0.993156377531528, 0.9930519617294251, 0.9915580098541258, 0.990260929975136]
