training_data_sizes: [0.1, 0.2, 0.3]
times: [31.0, 79.0, 110.0]
scores: [0.9221336779495923, 0.9426009528055341, 0.8889784763673746]
