training_data_sizes: [0.1, 0.2, 0.3]
times: [80.0, 174.0, 263.0]
scores: [0.6955702183234802, 0.8882847444596047, 0.8760907006779521]
