training_data_sizes: [0.1, 0.2, 0.3, 0.4, 0.5, 0.6]
times: [169.34, 338.92, 509.41, 667.21, 835.16, 1004.2]
scores: [0.9444095238333341, 0.9213023702183195, 0.9751349052047833, 0.9137704904565231, 0.9729659269507291, 1.0]
