training_data_sizes: [0.1, 0.2, 0.3, 0.4, 0.5, 0.6, 0.7]
times: [133.37, 258.18, 390.41, 516.84, 649.03, 780.24, 909.19]
scores: [0.7336155153229277, 0.9031014573961449, 0.9576032458047719, 0.8489507131031991, 1.0, 1.0, 1.0]
