training_data_sizes: [0.1, 0.2, 0.3, 0.4, 0.5]
times: [5.0, 17.0, 28.0, 37.0, 44.0]
scores: [0.6232326073980802, 0.6526109354575657, 0.6078971250776976, 0.6216736847430164, 0.7292485720689059]
