training_data_sizes: [0.1, 0.2, 0.3, 0.4]
times: [255.75, 507.52, 758.78, 1000.84]
scores: [0.7489349901793434, 0.8898911241980378, 0.9332784127056696, 0.8538196919917684]
