training_data_sizes: [0.1, 0.2, 0.3, 0.4, 0.5]
times: [58.0, 113.0, 178.0, 237.0, 292.0]
scores: [1.0, 0.8391458120371381, 1.0, 0.9331422119472028, 0.9634359991967579]
