training_data_sizes: [0.1, 0.2, 0.3, 0.4, 0.5, 0.6]
times: [5.0, 12.0, 29.0, 34.0, 47.0, 50.0]
scores: [0.8050426118893081, 0.841811533220878, 0.8564106797541127, 0.9887604213663601, 0.9627660346542015, 1.0]
