training_data_sizes: [0.1, 0.2, 0.3]
times: [441.99, 875.8, 1302.18]
scores: [0.8192680915864893, 0.9064870673773213, 1.0]
