training_data_sizes: [0.1, 0.2]
times: [300.26, 607.63]
scores: [0.8271842410019481, 0.8964542107281173]
