training_data_sizes: [0.1, 0.2, 0.3]
times: [405.56, 801.6, 1209.34]
scores: [0.8370589217181839, 0.9041478492379751, 0.9444552835824378]
