training_data_sizes: [0.1, 0.2, 0.3, 0.4, 0.5, 0.6]
times: [81.0, 175.0, 263.0, 354.0, 442.0, 535.0]
scores: [0.8730367098467136, 0.9465061402447146, 1.0, 0.9334440288090979, 0.9206258856081218, 0.9319856685401878]
