training_data_sizes: [0.1, 0.2, 0.3, 0.4, 0.5, 0.6, 0.7, 0.8, 0.9, 1.0]
times: [0.36, 0.57, 0.8, 1.01, 1.18, 1.22, 1.66, 1.83, 2.12, 2.24]
scores: [0.07936211574265375, 0.17243504372493734, 0.23240411318141233, 0.27243047888959687, 0.29771846802269974, 0.3061137297040299, 0.31601449959421696, 0.3218605677353111, 0.3264583292529987, 0.3283087892860255]
