training_data_sizes: [0.1, 0.2]
times: [333.7, 1134.47]
scores: [0.32744934776575096, 0.32214951197870434]
