training_data_sizes: [0.1, 0.2, 0.3]
times: [20.0, 59.0, 86.0]
scores: [0.87964027097084, 0.9080888377611169, 1.0]
