training_data_sizes: [0.1, 0.2, 0.3, 0.4, 0.5]
times: [160.22, 328.62, 487.39, 642.08, 801.96]
scores: [0.7038345962904378, 0.785982183638546, 0.8597368916636001, 0.7999475540164538, 0.9391074569242637]
