training_data_sizes: [0.1, 0.2, 0.3, 0.4, 0.5, 0.6]
times: [123.0, 253.0, 381.0, 515.0, 648.0, 779.0]
scores: [0.5788841869064949, 0.6142977745984587, 0.5999832776560461, 0.597217812161742, 0.7466331038776669, 0.8274909252605999]
