training_data_sizes: [0.1, 0.2, 0.3, 0.4, 0.5]
times: [6.0, 19.0, 27.0, 35.0, 49.0]
scores: [0.8328767981806222, 0.8465348057046005, 0.9272952143455533, 1.0, 1.0]
