training_data_sizes: [0.1, 0.2, 0.3, 0.4, 0.5, 0.6, 0.7, 0.8, 0.9]
times: [36.0, 77.0, 114.0, 156.0, 197.0, 232.0, 275.0, 319.0, 350.0]
scores: [0.6050700207551898, 0.712740244112104, 0.7233403798509918, 0.7927438749892969, 0.7637713698543775, 0.7686375142282316, 0.9976910847943763, 0.9910206025588104, 1.0]
