training_data_sizes: [0.1, 0.2, 0.3, 0.4]
times: [355.44, 700.87, 1052.65, 1404.3]
scores: [0.8484278811029355, 0.9404715122032046, 0.9731792583509089, 0.9042146922766676]
