training_data_sizes: [0.1, 0.2, 0.3, 0.4, 0.5, 0.6, 0.7, 0.8, 0.9, 1.0]
times: [124.67, 244.01, 368.8, 487.79, 607.46, 725.73, 846.64, 960.44, 1080.54, 1208.33]
scores: [0.8425331957752298, 0.7940291411840177, 0.8911339761319832, 0.8159406697711327, 1.0, 0.996932879430334, 1.0, 1.0, 1.0, 1.0]
