training_data_sizes: [0.1, 0.2, 0.3]
times: [236.92, 472.84, 708.13]
scores: [0.7759777750868047, 0.9253924827217654, 0.8178470624312043]
