training_data_sizes: [0.1, 0.2, 0.3, 0.4, 0.5, 0.6, 0.7]
times: [145.18, 288.06, 435.76, 580.63, 721.04, 864.17, 1007.19]
scores: [0.7918271307357847, 0.9311993329072306, 0.8952151976256977, 0.9244686566275893, 0.961672442252449, 0.934769985237784, 1.0]
