training_data_sizes: [0.1, 0.2, 0.3, 0.4, 0.5, 0.6, 0.7, 0.8]
times: [13.0, 30.0, 59.0, 74.0, 99.0, 111.0, 135.0, 157.0]
scores: [0.9484550813141102, 0.9410656348730273, 0.9226979665953966, 1.0, 0.9766216502042417, 1.0, 1.0, 1.0]
