training_data_sizes: [0.1, 0.2, 0.3, 0.4, 0.5, 0.6]
times: [225.86, 442.44, 657.44, 869.28, 1091.13, 1300.52]
scores: [0.8537834623483789, 0.9383222268262794, 0.8016250878086226, 0.9399652044343869, 0.9760730478408355, 0.938332047860325]
