training_data_sizes: [0.1, 0.2, 0.3, 0.4, 0.5, 0.6, 0.7, 0.8, 0.9]
times: [176.35, 322.79, 422.31, 592.15, 686.2, 804.27, 895.93, 1035.57, 1128.87]
scores: [1.0, 1.0, 0.9999999854319832, 0.9999999687146284, 0.9999992130590476, 0.9999997554238753, 0.9999982402185132, 0.9999910948673254, 0.9999555264481383]
