training_data_sizes: [0.1, 0.2, 0.3, 0.4, 0.5, 0.6, 0.7, 0.8, 0.9, 1.0]
times: [113.48, 185.19, 247.75, 334.06, 419.13, 505.46, 597.66, 661.08, 846.92, 923.65]
scores: [0.6232897229834939, 0.4252777664118154, 0.36278273196675276, 0.3394245374076413, 0.323763490121939, 0.3201440432362228, 0.3077759922317626, 0.3078059985647352, 0.30369980540335434, 0.3023965884386488]
