training_data_sizes: [0.1, 0.2, 0.3, 0.4]
times: [206.27, 409.98, 604.75, 804.64]
scores: [0.9666305072175105, 0.9405473655924979, 0.872805344796529, 0.9028258263723622]
