training_data_sizes: [0.1, 0.2, 0.3, 0.4, 0.5, 0.6, 0.7, 0.8]
times: [142.72, 281.26, 418.92, 552.33, 690.52, 830.03, 964.93, 1109.66]
scores: [0.9069210764547841, 0.9777658265681786, 1.0, 1.0, 0.9810716836227, 0.9574783095912878, 0.9956109889749429, 0.9760220348348382]
