training_data_sizes: [0.1, 0.2]
times: [355.79, 705.33]
scores: [0.7477589574484951, 0.8241858562010081]
