training_data_sizes: [0.1, 0.2, 0.3, 0.4, 0.5, 0.6, 0.7, 0.8]
times: [48.0, 95.0, 143.0, 194.0, 244.0, 296.0, 340.0, 390.0]
scores: [1.0, 1.0, 1.0, 1.0, 1.0, 0.9735106339914763, 0.9965406974163915, 1.0]
