training_data_sizes: [0.1, 0.2, 0.3, 0.4]
times: [77.0, 159.0, 238.0, 314.0]
scores: [0.6953028631067001, 0.6512670427136472, 0.5935188257260577, 0.825173270987241]
