training_data_sizes: [0.1, 0.2]
times: [300.59, 602.4]
scores: [0.8589249772263317, 0.9029388296920563]
