training_data_sizes: [0.1, 0.2, 0.3, 0.4, 0.5]
times: [128.92, 240.11, 361.23, 488.29, 608.84]
scores: [0.8998071045979255, 1.0, 0.8302824474151764, 0.9060930080926899, 0.8722002506776005]
