training_data_sizes: [0.1, 0.2, 0.3, 0.4, 0.5, 0.6, 0.7, 0.8]
times: [142.08, 281.72, 422.47, 559.66, 692.56, 834.72, 971.88, 1108.72]
scores: [0.6601464644534908, 0.6847882614919613, 0.7432306760645261, 0.6935336063077533, 0.8894921739787406, 0.8766016895349488, 0.826838956236988, 0.9529929362287798]
