training_data_sizes: [0.1, 0.2, 0.3, 0.4, 0.5, 0.6, 0.7, 0.8, 0.9, 1.0]
times: [1.85, 2.6, 3.4, 4.28, 5.2, 6.46, 7.84, 8.73, 9.46, 11.1]
scores: [0.3064396457939497, 0.30884740471326716, 0.316802262597355, 0.33352530226891397, 0.3188122766222375, 0.3147057135088281, 0.30159029490299044, 0.3041355440287993, 0.2973737927997468, 0.2985146002799218]
