training_data_sizes: [0.1, 0.2, 0.3, 0.4]
times: [115.0, 239.0, 355.0, 472.0]
scores: [0.8260967433639792, 1.0, 0.9528704447011396, 0.8233358612409103]
