training_data_sizes: [0.1, 0.2, 0.3, 0.4]
times: [18.0, 38.0, 50.0, 71.0]
scores: [0.8499873252983341, 0.8055539810715664, 0.8001670771324605, 0.9364863824632639]
