training_data_sizes: [0.1, 0.2]
times: [12.0, 34.0]
scores: [0.5017932078668638, 0.6724865197203985]
