training_data_sizes: [0.1, 0.2, 0.3]
times: [30.0, 77.0, 111.0]
scores: [0.6644552177638933, 0.7419026963314709, 0.727036767061924]
