training_data_sizes: [0.1, 0.2, 0.3, 0.4, 0.5]
times: [81.0, 170.0, 262.0, 350.0, 446.0]
scores: [0.7509555898000693, 0.746935914197945, 0.8875256119294868, 0.9128753789135124, 0.9494002999776063]
