training_data_sizes: [0.1, 0.2, 0.3, 0.4, 0.5, 0.6, 0.7]
times: [52.0, 114.0, 175.0, 231.0, 291.0, 358.0, 414.0]
scores: [0.7638873712610448, 0.7279548340705624, 0.9402872095868388, 0.9113075528117425, 0.889402997959195, 0.8782164426252699, 1.0]
