training_data_sizes: [0.1, 0.2, 0.3, 0.4, 0.5, 0.6, 0.7]
times: [137.74, 260.09, 391.16, 522.33, 644.12, 774.35, 900.15]
scores: [0.9147323892686584, 0.8591982612007425, 0.8115773719329502, 0.7756502811401423, 0.8862231875360564, 0.7628827789141165, 0.7448029387582322]
