training_data_sizes: [0.1, 0.2, 0.3, 0.4, 0.5]
times: [189.13, 367.44, 547.11, 726.71, 900.6]
scores: [0.588886460023589, 0.6121404030580221, 0.5028099015561478, 0.5383161532784516, 0.6797438449292597]
