training_data_sizes: [0.1, 0.2]
times: [605.13, 1205.07]
scores: [0.9506990539329747, 0.7774002508650448]
