training_data_sizes: [0.1, 0.2, 0.3, 0.4, 0.5, 0.6, 0.7, 0.8, 0.9]
times: [29.0, 58.0, 83.0, 110.0, 140.0, 171.0, 201.0, 238.0, 269.0]
scores: [0.8274614720606451, 0.8864091885119412, 0.9377178582074848, 0.8678351957997823, 0.9729678469494643, 0.8892220734091325, 1.0, 0.9851659227372782, 0.9669487378035216]
