training_data_sizes: [0.1, 0.2, 0.3, 0.4, 0.5, 0.6, 0.7, 0.8, 0.9, 1.0]
times: [14.0, 37.0, 54.0, 72.0, 94.0, 116.0, 131.0, 153.0, 174.0, 191.0]
scores: [0.956667142127892, 0.9004317605534838, 0.9443082501967004, 0.8807470626465136, 1.0, 0.9805605938586663, 1.0, 1.0, 1.0, 1.0]
