training_data_sizes: [0.1, 0.2]
times: [116.0, 238.0]
scores: [0.9090128895645537, 0.9777825111485803]
