training_data_sizes: [0.1, 0.2, 0.3, 0.4, 0.5, 0.6, 0.7, 0.8, 0.9]
times: [122.0, 255.0, 380.0, 515.0, 643.0, 773.0, 901.9999999999999, 1031.0, 1161.0]
scores: [0.6412720817381528, 0.6816738922060162, 0.6766044753826799, 0.6543588425121111, 0.697217277649215, 0.9001656835810932, 0.9901677029387087, 1.0, 1.0]
