training_data_sizes: [0.1, 0.2, 0.3, 0.4, 0.5, 0.6, 0.7, 0.8, 0.9, 1.0]
times: [105.58, 205.28, 307.7, 404.16, 503.8, 607.71, 702.81, 802.04, 903.37, 1007.54]
scores: [0.7327822183710403, 0.9270999482883245, 0.7817382485078057, 0.9654556496390221, 0.8857822693095929, 1.0, 1.0, 0.9658126159914702, 1.0, 1.0]
