training_data_sizes: [0.1, 0.2, 0.3, 0.4, 0.5, 0.6, 0.7, 0.8, 0.9, 1.0]
times: [92.0, 198.0, 292.0, 393.0, 496.0, 597.0, 692.0, 793.0, 895.0, 991.0]
scores: [0.8110577699428771, 0.85672272844747, 0.8897563853401784, 0.8111923928775, 0.8649607033975593, 1.0, 0.9792280641478834, 0.9927004941272644, 1.0, 1.0]
