training_data_sizes: [0.1, 0.2, 0.3, 0.4, 0.5, 0.6, 0.7, 0.8, 0.9, 1.0]
times: [71.71, 146.73, 216.17, 284.55, 356.41, 423.14, 491.77, 562.53, 634.11, 706.59]
scores: [0.887562477122211, 0.8750830401743659, 0.8429864076534601, 0.9714537491765529, 0.9134280791154656, 0.9151016823518672, 1.0, 0.9689738711966434, 1.0, 1.0]
