training_data_sizes: [0.1, 0.2, 0.3, 0.4, 0.5]
times: [266.79, 522.92, 782.43, 1046.76, 1303.87]
scores: [0.9057300366887959, 0.7817010215929914, 0.7695480729571473, 0.8620839315315645, 0.7858913399041518]
