training_data_sizes: [0.1, 0.2, 0.3, 0.4]
times: [207.07, 407.29, 602.3, 806.57]
scores: [0.8387873001034106, 0.7889178942699866, 0.879666321066527, 0.8021116220681614]
