training_data_sizes: [0.1, 0.2, 0.3, 0.4, 0.5, 0.6, 0.7, 0.8, 0.9]
times: [80.0, 177.0, 267.0, 352.0, 441.0, 536.0, 629.0, 712.0, 806.0]
scores: [0.6374452262075709, 0.7044559793586558, 0.8350422908107419, 0.9185039215284284, 0.8285386667178758, 0.9059795750947399, 1.0, 1.0, 1.0]
