training_data_sizes: [0.1, 0.2, 0.3, 0.4, 0.5, 0.6]
times: [166.93, 338.5, 501.06, 671.57, 841.14, 1009.92]
scores: [0.74212844667766, 0.885175909555387, 0.8799457563783236, 0.7358370331028992, 0.9260063006568694, 0.7428775117020567]
