training_data_sizes: [0.1, 0.2, 0.3, 0.4, 0.5, 0.6]
times: [166.79, 336.6, 500.47, 666.81, 836.52, 1003.7]
scores: [0.7650397077673761, 0.7995820373200384, 0.8927723829406555, 0.8765784665867955, 0.7668891006135419, 0.8438496905496083]
