training_data_sizes: [0.1, 0.2, 0.3, 0.4, 0.5, 0.6]
times: [239.48, 475.91, 703.87, 938.92, 1171.5, 1407.65]
scores: [0.6777884254671038, 0.67754492406198, 0.6568607384039785, 0.657115742324103, 0.8379480627465659, 0.8160600439007804]
