training_data_sizes: [0.1, 0.2]
times: [607.81, 1209.64]
scores: [0.4264724723221067, 0.5513953945489501]
