training_data_sizes: [0.1, 0.2, 0.3, 0.4, 0.5, 0.6, 0.7, 0.8, 0.9, 1.0]
times: [24.93, 65.95, 116.22, 200.4, 295.65, 394.59, 434.41, 687.5, 623.2, 802.96]
scores: [0.9990311419657721, 0.9996796304407946, 0.9995413738383099, 0.9996750515011589, 0.9971900094857447, 0.9994169805636217, 0.9996160326157755, 0.9990732167260993, 0.9992788000451631, 0.9990703689546602]
