training_data_sizes: [0.1, 0.2, 0.3, 0.4, 0.5]
times: [112.0, 235.0, 353.0, 471.0, 593.0]
scores: [0.786004382982866, 0.8917928152412102, 0.8163620961316322, 0.8100365980745357, 0.908809048433099]
