training_data_sizes: [0.1, 0.2, 0.3, 0.4]
times: [46.0, 93.0, 142.0, 194.0]
scores: [0.47605504070731697, 0.6487704201254288, 0.6897176801043318, 0.5826588893828378]
