training_data_sizes: [0.1, 0.2, 0.3, 0.4, 0.5, 0.6, 0.7]
times: [76.0, 154.0, 235.0, 314.0, 399.0, 475.0, 557.0]
scores: [0.7996220824356678, 0.8261268620256697, 0.789897639838099, 0.8209770781953165, 0.9017090397363543, 1.0, 1.0]
