training_data_sizes: [0.1, 0.2, 0.3, 0.4, 0.5, 0.6, 0.7]
times: [144.58, 287.61, 436.29, 571.56, 721.52, 857.97, 1009.72]
scores: [0.9964361997707747, 0.939047160836969, 1.0, 0.8651303696116198, 0.8985452407768686, 0.8677045567886784, 0.9017795699451223]
