training_data_sizes: [0.1, 0.2, 0.3, 0.4, 0.5, 0.6, 0.7, 0.8, 0.9]
times: [140.86, 268.06, 400.44, 539.57, 675.52, 801.76, 941.92, 1070.4, 1203.1]
scores: [0.6592177844680608, 0.6881701361863164, 0.6739831214936145, 0.5672191852756489, 0.6163632125445829, 0.4945756160574337, 0.5848973020891788, 0.46077655022251385, 0.6245644855663812]
