training_data_sizes: [0.1, 0.2, 0.3, 0.4, 0.5, 0.6, 0.7, 0.8, 0.9, 1.0]
times: [112.31, 224.71, 338.93, 441.78, 557.21, 664.55, 778.09, 880.39, 998.66, 1103.85]
scores: [1.0, 0.9507964798386881, 0.9944211745582253, 1.0, 1.0, 1.0, 1.0, 1.0, 1.0, 1.0]
