training_data_sizes: [0.1, 0.2, 0.3, 0.4, 0.5, 0.6]
times: [242.48, 475.44, 707.06, 937.73, 1170.04, 1400.2]
scores: [0.8843284983115615, 0.9946119043510304, 0.9375423852385605, 1.0, 0.9902849648439638, 1.0]
