training_data_sizes: [0.1, 0.2, 0.3, 0.4, 0.5, 0.6, 0.7]
times: [146.79, 289.65, 432.57, 577.77, 720.9, 858.7, 1000.53]
scores: [0.7548955434859954, 0.7953969255267412, 0.8256192424639461, 0.9546959208045311, 1.0, 0.9801081843299146, 1.0]
