training_data_sizes: [0.1, 0.2]
times: [70.0, 154.0]
scores: [0.8232553108368414, 0.8702819909222106]
