training_data_sizes: [0.1, 0.2, 0.3, 0.4, 0.5, 0.6, 0.7]
times: [111.0, 232.0, 351.0, 475.0, 591.0, 713.0, 835.0]
scores: [0.8786048588489277, 0.8425801799624362, 0.8713683231849394, 0.9682558146365041, 0.9440425902288924, 0.9455885504753045, 1.0]
