training_data_sizes: [0.1, 0.2, 0.3, 0.4]
times: [31.0, 76.0, 119.0, 158.0]
scores: [0.9107114623896653, 0.9220376388356104, 0.9230857760371505, 1.0]
