training_data_sizes: [0.1, 0.2, 0.3, 0.4, 0.5, 0.6, 0.7, 0.8, 0.9, 1.0]
times: [0.45, 0.69, 1.03, 1.25, 1.6, 1.71, 2.02, 2.27, 2.5, 2.56]
scores: [0.9853434917355373, 0.9088421704114569, 0.8548136302959375, 0.8067148371882977, 0.7933190414847169, 0.7762905282886101, 0.762504901714854, 0.7599004235715525, 0.7413955960875986, 0.7277736760139133]
