training_data_sizes: [0.1, 0.2, 0.3, 0.4, 0.5, 0.6, 0.7, 0.8, 0.9, 1.0]
times: [17.0, 34.0, 50.0, 79.0, 92.0, 111.0, 133.0, 159.0, 179.0, 196.0]
scores: [0.5736512229652356, 0.6023060404267458, 0.7561546603740847, 0.7067982295140661, 0.8508902714490337, 0.8523251250557065, 0.956115473434118, 0.9807769160474031, 0.9694770886722213, 1.0]
