training_data_sizes: [0.1, 0.2, 0.3, 0.4, 0.5, 0.6, 0.7, 0.8, 0.9, 1.0]
times: [76.23, 141.64, 211.9, 289.68, 355.09, 428.75, 498.93, 563.36, 632.36, 701.66]
scores: [0.8335766030168157, 0.8638293244693593, 1.0, 0.9991680017926396, 1.0, 0.9598241941511741, 1.0, 1.0, 1.0, 1.0]
