training_data_sizes: [0.1, 0.2, 0.3, 0.4, 0.5, 0.6, 0.7, 0.8]
times: [180.6, 359.32, 527.28, 706.47, 875.9, 1055.13, 1227.18, 1405.28]
scores: [0.6232214965746599, 0.7714419562154757, 0.7608572126201275, 0.8681573464522838, 0.9627856562216601, 0.953933188367228, 1.0, 1.0]
