training_data_sizes: [0.1, 0.2]
times: [605.96, 1208.49]
scores: [0.8233208273200585, 0.8804835156929371]
