training_data_sizes: [0.1, 0.2]
times: [505.99, 1000.11]
scores: [0.8655182600591498, 0.9449217247391475]
