training_data_sizes: [0.1, 0.2, 0.3, 0.4, 0.5, 0.6, 0.7]
times: [60.0, 138.0, 204.0, 275.0, 340.0, 418.0, 480.99999999999994]
scores: [0.5300420215743011, 0.5995783589253578, 0.5740485572932128, 0.687774413205039, 0.7352054927059436, 0.9349957341653636, 0.9389664729828204]
