training_data_sizes: [0.1, 0.2, 0.3, 0.4, 0.5, 0.6, 0.7, 0.8]
times: [176.52, 356.8, 531.94, 708.62, 884.3, 1050.72, 1229.32, 1407.2]
scores: [0.7991129800973883, 0.7772792836483999, 0.6230434395028194, 0.6958929749221234, 0.7912503880441728, 0.6065003231222549, 0.6777384768925147, 0.6890116868296059]
