training_data_sizes: [0.1, 0.2, 0.3, 0.4, 0.5]
times: [28.0, 59.0, 84.0, 113.0, 141.0]
scores: [1.0, 0.9173059250505358, 1.0, 0.9772737664618305, 1.0]
