training_data_sizes: [0.1, 0.2]
times: [451.59, 907.15]
scores: [0.7741392215823666, 0.7299809342437373]
