training_data_sizes: [0.1, 0.2, 0.3, 0.4, 0.5, 0.6, 0.7, 0.8, 0.9]
times: [124.89, 247.82, 371.58, 496.19, 612.01, 733.5, 865.01, 979.44, 1104.46]
scores: [0.8031999065171069, 0.7475265504885029, 0.8352111899737052, 0.7977827658182416, 0.7914685316116995, 0.7865571579936729, 0.627742980517291, 0.6115836557987377, 0.6410947346901957]
