training_data_sizes: [0.1, 0.2, 0.3, 0.4, 0.5, 0.6, 0.7]
times: [135.0, 272.0, 410.0, 555.0, 694.0, 833.0, 971.9999999999999]
scores: [0.8053710990817686, 0.8997247666471696, 0.9296959158339262, 0.9095609866589618, 0.9656028014327535, 0.9732165237969154, 1.0]
