training_data_sizes: [0.1, 0.2, 0.3, 0.4, 0.5, 0.6]
times: [90.0, 198.0, 297.0, 392.0, 490.0, 595.0]
scores: [0.9317940567027793, 0.9749846377234246, 0.9935586494910165, 1.0, 1.0, 1.0]
