training_data_sizes: [0.1, 0.2, 0.3, 0.4]
times: [101.0, 213.0, 325.0, 439.0]
scores: [0.948571456123218, 0.9228931175783078, 0.8861260574006031, 1.0]
