training_data_sizes: [0.1, 0.2, 0.3, 0.4, 0.5]
times: [19.0, 31.0, 50.0, 76.0, 91.0]
scores: [0.6237475204169964, 0.7706762959090301, 0.8091920297064523, 0.960313871822505, 1.0]
