training_data_sizes: [0.1, 0.2, 0.3, 0.4, 0.5, 0.6]
times: [236.32, 467.46, 707.35, 935.78, 1176.54, 1408.02]
scores: [0.8493910287864286, 0.7281254226179622, 0.9541955772361378, 0.9444367746358743, 0.9695662781096266, 0.9667318609020545]
