training_data_sizes: [0.1, 0.2]
times: [706.92, 1404.92]
scores: [0.7509130181831958, 0.6953996407760938]
