training_data_sizes: [0.1, 0.2, 0.3, 0.4, 0.5, 0.6, 0.7, 0.8, 0.9, 1.0]
times: [2.96, 5.25, 8.24, 10.23, 12.8, 15.92, 18.78, 20.1, 24.46, 26.83]
scores: [0.09001098423827353, 0.10377694150202028, 0.11112173987625412, 0.11527520077028275, 0.11796077169896638, 0.11861063522571882, 0.11867577061707714, 0.11919179012797963, 0.11953929596559897, 0.12097431890908915]
