training_data_sizes: [0.1, 0.2, 0.3, 0.4, 0.5, 0.6, 0.7, 0.8, 0.9, 1.0]
times: [95.92, 185.9, 274.38, 363.99, 453.88, 541.44, 631.68, 725.88, 818.11, 900.94]
scores: [0.7005250484988368, 0.6735801131230379, 0.8057359342539787, 0.8369381795592634, 0.9119829930949217, 1.0, 0.9705241752013491, 0.9297707130005249, 1.0, 1.0]
