training_data_sizes: [0.1, 0.2, 0.3, 0.4]
times: [134.0, 271.0, 414.0, 553.0]
scores: [0.8892055493706538, 0.8307815161443917, 0.973188077318736, 1.0]
