training_data_sizes: [0.1, 0.2, 0.3]
times: [17.0, 34.0, 55.0]
scores: [0.9132877859969447, 0.8786835614378926, 0.8805815385614608]
