training_data_sizes: [0.1, 0.2, 0.3, 0.4, 0.5, 0.6, 0.7, 0.8, 0.9]
times: [86.38, 157.57, 235.37, 312.64, 395.84, 469.57, 548.49, 625.54, 703.34]
scores: [0.8407238201003919, 0.8270145329888373, 1.0, 0.9020622676964056, 0.8984644996497622, 1.0, 0.9914607425510882, 0.942067791838634, 1.0]
