training_data_sizes: [0.1, 0.2, 0.3, 0.4, 0.5, 0.6]
times: [24.0, 52.0, 86.0, 112.0, 141.0, 177.0]
scores: [0.7470055699681971, 0.7730855475980876, 0.7354957078784501, 0.9058686950811964, 0.7907312993032438, 0.981424941458277]
