training_data_sizes: [0.1, 0.2, 0.3, 0.4, 0.5, 0.6, 0.7, 0.8, 0.9, 1.0]
times: [83.0, 176.0, 266.0, 353.0, 442.0, 532.0, 629.0, 710.0, 807.0, 892.0]
scores: [0.7902115351138017, 0.7277877698768943, 0.8752119389772637, 0.8016369954187128, 0.855849822229729, 0.8895407822788937, 0.9218683840523457, 1.0, 1.0, 1.0]
