training_data_sizes: [0.1, 0.2, 0.3, 0.4, 0.5, 0.6, 0.7]
times: [22.0, 56.0, 82.0, 113.0, 147.0, 175.0, 205.0]
scores: [0.8798647374441909, 1.0, 0.8670489799743851, 0.9490908145147268, 0.9321221557021004, 0.9992203434424562, 1.0]
