training_data_sizes: [0.1, 0.2, 0.3, 0.4, 0.5]
times: [115.0, 230.0, 351.0, 478.0, 590.0]
scores: [0.9309213177951855, 0.8598150056663245, 1.0, 1.0, 0.9051440764608978]
