training_data_sizes: [0.1, 0.2, 0.3, 0.4, 0.5, 0.6, 0.7, 0.8, 0.9, 1.0]
times: [55.7, 111.26, 187.41, 252.57, 281.2, 399.86, 587.29, 640.32, 849.96, 825.35]
scores: [0.999904336714617, 0.9999156648184414, 0.999845875695306, 0.9999446032008479, 0.9999607771622524, 0.9999454724897974, 0.9999094782132727, 0.9999330667757338, 0.9999195757359451, 0.999846884731187]
