training_data_sizes: [0.1, 0.2, 0.3]
times: [233.51, 467.16, 709.11]
scores: [0.7346209797378611, 0.8326500050056668, 0.9222189661984391]
