training_data_sizes: [0.1, 0.2, 0.3, 0.4, 0.5, 0.6, 0.7, 0.8, 0.9]
times: [116.32, 231.93, 340.8, 445.2, 561.8, 676.61, 782.13, 892.24, 1004.52]
scores: [0.8932302566502416, 1.0, 0.893900519175897, 0.96115018397536, 1.0, 0.9851921492927654, 1.0, 1.0, 1.0]
