training_data_sizes: [0.1, 0.2]
times: [51.0, 114.0]
scores: [0.9250554838509976, 0.9392806748384805]
