training_data_sizes: [0.1, 0.2, 0.3, 0.4, 0.5, 0.6, 0.7, 0.8, 0.9]
times: [90.64, 183.03, 268.88, 358.85, 447.32, 540.71, 623.26, 719.2, 803.25]
scores: [0.9627636318982137, 0.9724521263153414, 0.9428637269435148, 1.0, 0.959373195269118, 1.0, 1.0, 1.0, 1.0]
