training_data_sizes: [0.1, 0.2, 0.3]
times: [333.77, 667.19, 1008.44]
scores: [0.7701598886246608, 0.8118099155191054, 0.9390013881394655]
