training_data_sizes: [0.1, 0.2, 0.3, 0.4, 0.5, 0.6, 0.7, 0.8]
times: [99.0, 199.0, 290.0, 391.0, 496.0, 592.0, 692.0, 791.0]
scores: [0.9666976514164376, 0.9424185528658238, 0.8577199359147059, 0.8631398903187447, 1.0, 0.8784686589414225, 0.9495123749858343, 1.0]
