training_data_sizes: [0.1, 0.2]
times: [81.0, 174.0]
scores: [0.8330706091984592, 0.7929237328386576]
