training_data_sizes: [0.1, 0.2, 0.3, 0.4, 0.5, 0.6]
times: [126.0, 253.0, 380.0, 513.0, 642.0, 779.0]
scores: [0.8617602909443722, 0.9817746636223119, 0.8746250009722067, 1.0, 0.98493827655825, 1.0]
