training_data_sizes: [0.1, 0.2, 0.3, 0.4, 0.5, 0.6]
times: [0.0, 18.0, 26.0, 34.0, 48.0, 58.0]
scores: [0.7605155224804179, 0.7533428681049134, 0.816447868591153, 0.9908458234296985, 0.8808233823978691, 1.0]
