training_data_sizes: [0.1, 0.2, 0.3, 0.4, 0.5, 0.6, 0.7, 0.8]
times: [116.0, 232.0, 351.0, 478.0, 595.0, 716.0, 839.0, 953.0]
scores: [0.8110564431859153, 0.8499552712691314, 0.7822065885741051, 0.9868941683373079, 0.9393842736031839, 0.9113818941349695, 0.947573237866481, 0.9607653329710876]
