training_data_sizes: [0.1, 0.2, 0.3, 0.4, 0.5, 0.6]
times: [68.0, 134.0, 206.0, 279.0, 343.0, 412.0]
scores: [0.5902620596545746, 0.6235241993917074, 0.6678575199135088, 0.7686828043677244, 0.8220249035757056, 0.9145710632188517]
