training_data_sizes: [0.1, 0.2, 0.3, 0.4]
times: [332.1, 653.27, 980.91, 1305.72]
scores: [0.453018324639205, 0.6460371342039766, 0.6974820143196087, 0.6140674619052209]
