training_data_sizes: [0.1, 0.2, 0.3, 0.4, 0.5, 0.6, 0.7, 0.8, 0.9, 1.0]
times: [4.91, 7.88, 9.96, 13.74, 16.36, 19.93, 24.55, 27.46, 29.0, 33.78]
scores: [0.30648034759601545, 0.3088439132124301, 0.3167469215099455, 0.33342825207670296, 0.3187007961584631, 0.31459075416739024, 0.3014529301649303, 0.30395947920197947, 0.2971832182346349, 0.2983200780450889]
