training_data_sizes: [0.1, 0.2, 0.3, 0.4, 0.5, 0.6, 0.7, 0.8, 0.9]
times: [119.35, 223.23, 342.69, 445.02, 564.75, 673.69, 780.2, 890.93, 1007.5]
scores: [0.5229147850841451, 0.6049080969649615, 0.6688649286533459, 0.7848313122269249, 0.7983683243856755, 0.864866845771504, 0.905817837120148, 1.0, 1.0]
