training_data_sizes: [0.1, 0.2, 0.3, 0.4, 0.5]
times: [90.0, 198.0, 291.0, 391.0, 491.0]
scores: [0.9485970080761644, 0.8333359753318856, 1.0, 0.9614587326257475, 1.0]
