training_data_sizes: [0.1, 0.2, 0.3, 0.4]
times: [20.0, 54.0, 83.0, 119.0]
scores: [0.8152942698443644, 0.892019700996141, 0.8110709603265902, 0.8688448234645822]
