training_data_sizes: [0.1, 0.2, 0.3, 0.4, 0.5, 0.6]
times: [57.0, 119.0, 179.0, 234.0, 296.0, 358.0]
scores: [0.6478006589580219, 0.5032808085652597, 0.6218547219919779, 0.4924940632070839, 0.5162190389479567, 0.4769311464233727]
