training_data_sizes: [0.1, 0.2, 0.3, 0.4]
times: [158.83, 304.06, 456.6, 601.75]
scores: [0.8623768958947029, 0.8306368311671918, 0.8303054516257882, 0.9578721112882995]
