training_data_sizes: [0.1, 0.2]
times: [114.0, 236.0]
scores: [0.7802745904977486, 0.7723308595903764]
