training_data_sizes: [0.1, 0.2]
times: [3.0, 15.0]
scores: [0.9097833268970936, 0.8382368059861549]
