training_data_sizes: [0.1, 0.2, 0.3, 0.4, 0.5, 0.6, 0.7]
times: [117.0, 237.0, 356.0, 474.0, 599.0, 713.0, 830.0]
scores: [0.5365290620977018, 0.5304602938346368, 0.5926066454797305, 0.5385723204219727, 0.49445277155982886, 0.6492402072571994, 0.5721362146846667]
