training_data_sizes: [0.1, 0.2, 0.3, 0.4, 0.5, 0.6, 0.7]
times: [161.64, 349.18, 495.94, 649.6, 786.97, 909.37, 1080.97]
scores: [0.7696706810194455, 0.6419582011312931, 0.6118878857280302, 0.5861802315475585, 0.5852219064441574, 0.5732525017107285, 0.5654022637072879]
