training_data_sizes: [0.1, 0.2, 0.3, 0.4]
times: [333.14, 658.34, 975.76, 1303.92]
scores: [0.8226453868342091, 0.9712969446474353, 0.9168536209870697, 0.901390341874773]
