training_data_sizes: [0.1, 0.2, 0.3, 0.4, 0.5]
times: [186.3, 366.5, 548.77, 725.4, 908.98]
scores: [0.9938711306867896, 0.9851733430730683, 0.9457349523493042, 1.0, 1.0]
