training_data_sizes: [0.1, 0.2, 0.3, 0.4]
times: [42.0, 91.0, 146.0, 199.0]
scores: [0.8062861148278222, 0.9759238735015252, 0.9434440987000954, 1.0]
