training_data_sizes: [0.1, 0.2, 0.3, 0.4, 0.5]
times: [147.92, 284.27, 427.75, 563.64, 703.39]
scores: [0.767169649179396, 0.8523656040139491, 0.9240953447274471, 1.0, 0.9876264576123364]
