training_data_sizes: [0.1, 0.2, 0.3, 0.4, 0.5, 0.6]
times: [238.58, 467.37, 708.68, 942.24, 1174.43, 1400.28]
scores: [0.845484899241856, 0.8485684823015468, 0.9981971901991421, 0.8849690902147186, 1.0, 0.95371223540566]
