training_data_sizes: [0.1, 0.2, 0.3, 0.4, 0.5]
times: [206.01, 400.79, 605.59, 807.05, 1008.09]
scores: [0.7285065170832359, 0.7991138727752654, 0.662327597384702, 0.8727411877737379, 0.9523869886852554]
