training_data_sizes: [0.1, 0.2, 0.3]
times: [113.0, 232.0, 351.0]
scores: [0.4960449368043391, 0.6454084155748279, 0.6401972381184328]
