training_data_sizes: [0.1, 0.2, 0.3, 0.4, 0.5, 0.6, 0.7, 0.8]
times: [92.42, 176.39, 267.53, 357.72, 445.48, 534.62, 622.11, 704.07]
scores: [0.9235485429577167, 0.8207948378712389, 0.8151320657610761, 0.8597859659048163, 0.8813991413573417, 0.8240140587816631, 0.8424524812527947, 0.8240389457983075]
