training_data_sizes: [0.1, 0.2, 0.3, 0.4, 0.5, 0.6]
times: [50.0, 113.0, 170.0, 234.0, 299.0, 354.0]
scores: [0.7521576530507343, 0.7637652872364197, 0.8232097414119555, 0.947859513790374, 0.9956160102325684, 0.8942541337363705]
