training_data_sizes: [0.1, 0.2, 0.3, 0.4, 0.5, 0.6, 0.7, 0.8, 0.9, 1.0]
times: [63.62, 127.51, 189.41, 243.53, 304.03, 366.39, 427.63, 482.01, 547.38, 605.05]
scores: [0.46460372284964907, 0.6170044005453774, 0.6366315594273028, 0.6164004157958136, 0.7230114174456774, 0.7992172505660553, 0.8708227187197985, 0.9766633203090613, 1.0, 1.0]
