training_data_sizes: [0.1, 0.2]
times: [6.0, 12.0]
scores: [0.8730182299108127, 0.8570443124411444]
