training_data_sizes: [0.1, 0.2, 0.3, 0.4, 0.5, 0.6]
times: [233.86, 472.7, 701.91, 937.09, 1167.55, 1407.31]
scores: [0.8079611958805115, 0.8417988544241524, 0.9087105358790145, 0.8836221776264965, 0.8134726758608477, 0.9000180937679658]
