training_data_sizes: [0.1, 0.2, 0.3, 0.4, 0.5, 0.6, 0.7, 0.8, 0.9]
times: [35.0, 76.0, 113.0, 159.0, 192.0, 235.0, 273.0, 318.0, 358.0]
scores: [0.617612196878761, 0.7114430023793598, 0.7374231973058933, 0.7372042819252281, 0.6963968985165658, 0.8820303361438835, 0.8648281926280328, 0.8160722253869113, 0.7926356566936454]
