training_data_sizes: [0.1, 0.2, 0.3, 0.4, 0.5, 0.6]
times: [61.0, 131.0, 206.0, 277.0, 344.0, 415.0]
scores: [0.8152272970144587, 0.8618270797673818, 1.0, 0.9682471889324855, 0.969460521810877, 1.0]
