training_data_sizes: [0.1, 0.2, 0.3]
times: [2.0, 17.0, 27.0]
scores: [0.9714565528723609, 0.9729041549292667, 0.8271264061507717]
