training_data_sizes: [0.1, 0.2, 0.3, 0.4, 0.5, 0.6, 0.7, 0.8, 0.9, 1.0]
times: [142.34, 286.57, 422.26, 562.28, 706.73, 846.58, 983.2, 1128.98, 1263.04, 1409.46]
scores: [0.5762371472803379, 0.6782058527674416, 0.7489663395042427, 0.777961856023597, 0.8835131737716015, 0.9384041375062175, 0.9168773161289566, 0.9670855798445577, 1.0, 1.0]
