training_data_sizes: [0.1, 0.2, 0.3, 0.4, 0.5]
times: [63.0, 133.0, 203.0, 271.0, 343.0]
scores: [0.6087890085445538, 0.6591070535242964, 0.6732153355944754, 0.7118866173249528, 0.6841942589265928]
