training_data_sizes: [0.1, 0.2, 0.3, 0.4, 0.5, 0.6, 0.7, 0.8, 0.9, 1.0]
times: [116.0, 234.0, 351.0, 478.0, 591.0, 716.0, 833.0, 954.0, 1072.0, 1191.0]
scores: [0.5244812175834637, 0.5867265955337925, 0.6039307532817842, 0.5715559133603274, 0.5511398925683263, 0.6730439617543802, 0.7807856304712606, 0.7697323813996833, 0.9273183789564894, 1.0]
