training_data_sizes: [0.1, 0.2, 0.3, 0.4, 0.5, 0.6, 0.7]
times: [208.26, 403.43, 606.15, 804.22, 1006.62, 1206.79, 1400.63]
scores: [0.8897339975743037, 0.8525279804589466, 0.8983177377347562, 1.0, 1.0, 0.9498946997006976, 1.0]
