training_data_sizes: [0.1, 0.2, 0.3, 0.4, 0.5, 0.6, 0.7, 0.8]
times: [108.21, 201.26, 302.78, 407.58, 502.5, 603.82, 701.78, 801.62]
scores: [1.0, 1.0, 0.9809305679010345, 1.0, 0.9708369232294034, 1.0, 1.0, 1.0]
