training_data_sizes: [0.1, 0.2]
times: [94.0, 191.0]
scores: [0.8474049832093284, 0.9755320614805914]
