training_data_sizes: [0.1, 0.2, 0.3, 0.4, 0.5, 0.6, 0.7, 0.8, 0.9, 1.0]
times: [94.06, 169.67, 227.06, 285.85, 328.12, 380.7, 431.1, 509.17, 532.71, 603.21]
scores: [0.6479866003460688, 0.5845471410042995, 0.5541919530875791, 0.5564523593358605, 0.549965955258739, 0.5517404591231491, 0.5432264265460399, 0.5479206205958795, 0.5385278514526776, 0.542788186154668]
