training_data_sizes: [0.1, 0.2, 0.3, 0.4, 0.5, 0.6]
times: [29.0, 51.0, 86.0, 119.0, 141.0, 175.0]
scores: [0.9841316279780916, 0.9997395332093151, 1.0, 0.9181448842031861, 0.9974489265689594, 0.9887274059433966]
