training_data_sizes: [0.1, 0.2, 0.3]
times: [117.0, 232.0, 358.0]
scores: [0.8165226288687963, 0.8247263201853504, 0.9974019903974809]
