training_data_sizes: [0.1, 0.2, 0.3, 0.4, 0.5, 0.6, 0.7, 0.8, 0.9, 1.0]
times: [76.0, 152.0, 238.0, 314.0, 395.0, 473.0, 559.0, 632.0, 713.0, 797.0]
scores: [0.8788022711357475, 0.9774708135419123, 1.0, 1.0, 1.0, 1.0, 1.0, 1.0, 1.0, 1.0]
