training_data_sizes: [0.1, 0.2, 0.3, 0.4, 0.5, 0.6]
times: [101.36, 206.25, 305.4, 401.89, 507.43, 602.44]
scores: [0.9060165010050261, 0.882010601610663, 1.0, 0.8857402513349639, 0.9172436853160723, 0.995766497829425]
