training_data_sizes: [0.1, 0.2, 0.3, 0.4, 0.5, 0.6, 0.7, 0.8, 0.9, 1.0]
times: [10.88, 15.72, 19.49, 23.9, 28.07, 32.61, 37.35, 42.46, 46.38, 51.79]
scores: [0.8089169251811946, 0.8102623205030066, 0.8064161655511111, 0.8089102429007766, 0.8116071836075993, 0.813705316216537, 0.8154238872291093, 0.8163542798326552, 0.8176776174196492, 0.8163602021351111]
