training_data_sizes: [0.1, 0.2]
times: [78.0, 151.0]
scores: [0.8956443839884511, 0.9852055540677183]
