training_data_sizes: [0.1, 0.2, 0.3, 0.4, 0.5, 0.6, 0.7, 0.8]
times: [57.42, 123.18, 197.6, 277.89, 351.32, 425.76, 517.67, 602.49]
scores: [0.24168152084307806, 0.22179750377348237, 0.2135175746364002, 0.20684887823059267, 0.20442708968155207, 0.21074801200128088, 0.20748697690229037, 0.21074117665085448]
