training_data_sizes: [0.1, 0.2, 0.3, 0.4, 0.5, 0.6, 0.7]
times: [85.0, 176.0, 268.0, 359.0, 446.0, 537.0, 624.0]
scores: [0.9948633783145757, 1.0, 1.0, 0.9250905067151293, 0.9728677640048251, 1.0, 1.0]
