training_data_sizes: [0.1, 0.2, 0.3, 0.4]
times: [256.24, 506.49, 755.9, 1006.85]
scores: [0.7842770382445188, 0.7706835159646163, 0.8792972936084615, 0.9597353225257355]
