training_data_sizes: [0.1, 0.2, 0.3, 0.4, 0.5]
times: [222.1, 441.79, 664.82, 884.87, 1109.11]
scores: [0.9159788855806337, 0.9048008646052729, 0.978466630293572, 0.9458513720794779, 1.0]
