training_data_sizes: [0.1, 0.2, 0.3, 0.4, 0.5, 0.6, 0.7, 0.8, 0.9]
times: [151.68, 292.07, 441.88, 581.66, 724.93, 875.27, 1018.1, 1156.17, 1307.95]
scores: [0.6976421667828548, 0.6073671124267072, 0.7997256643921589, 0.7311454717502881, 0.8037957497240854, 0.7710146504927802, 0.8828821157911373, 0.8509732168007407, 0.8685903430360041]
