training_data_sizes: [0.1, 0.2, 0.3, 0.4, 0.5, 0.6, 0.7, 0.8, 0.9]
times: [77.0, 152.0, 236.0, 310.0, 398.0, 474.0, 550.0, 633.0, 718.0]
scores: [0.5352919195703876, 0.5831831438567618, 0.7318120787056723, 0.7178291952176257, 0.840930896662783, 0.8133362072039725, 0.9857912085083875, 0.9838598231431708, 1.0]
