training_data_sizes: [0.1, 0.2, 0.3, 0.4]
times: [52.0, 115.0, 175.0, 233.0]
scores: [0.8687169831579462, 0.8263986917950865, 0.8591354976421762, 0.8616966487393865]
