training_data_sizes: [0.1, 0.2, 0.3, 0.4, 0.5, 0.6, 0.7, 0.8, 0.9, 1.0]
times: [59.0, 118.0, 171.0, 234.0, 291.0, 358.0, 417.0, 471.0, 534.0, 599.0]
scores: [0.9074468255931232, 0.8316197530071124, 0.9275820574629977, 1.0, 1.0, 1.0, 0.9579040765220771, 0.9934881002366844, 1.0, 1.0]
