training_data_sizes: [0.1, 0.2]
times: [501.53, 943.71]
scores: [0.31858621580374846, 0.3211529337648821]
