training_data_sizes: [0.1, 0.2, 0.3, 0.4, 0.5]
times: [76.0, 155.0, 231.0, 318.0, 392.0]
scores: [0.932402135119489, 0.9021337557392405, 0.8316960896817309, 0.7896701867956724, 0.9688846254856013]
