training_data_sizes: [0.1, 0.2, 0.3]
times: [342.21, 672.23, 1001.59]
scores: [0.9886879533755921, 0.9148503116989182, 0.954613805285695]
