training_data_sizes: [0.1, 0.2, 0.3, 0.4, 0.5, 0.6, 0.7, 0.8, 0.9]
times: [125.96, 251.63, 375.1, 497.53, 613.59, 742.25, 858.41, 984.56, 1109.07]
scores: [0.8721007436513556, 0.9606476204180714, 0.8938369236568666, 0.890466398808772, 1.0, 0.9680696005473501, 1.0, 1.0, 1.0]
