training_data_sizes: [0.1, 0.2, 0.3, 0.4, 0.5, 0.6, 0.7, 0.8]
times: [96.09, 184.92, 263.81, 354.52, 447.33, 532.95, 617.69, 702.58]
scores: [0.7475031080743673, 0.5642422616504553, 0.5542117517815985, 0.6864862010019177, 0.59779463454823, 0.6531159144165142, 0.5729498903325103, 0.574403026045504]
