training_data_sizes: [0.1, 0.2, 0.3, 0.4, 0.5, 0.6, 0.7, 0.8, 0.9]
times: [80.2, 160.98, 235.3, 316.7, 398.43, 472.2, 545.66, 630.36, 705.13]
scores: [0.6505983432130702, 0.5279115351317709, 0.5403557385031048, 0.7053907745114286, 0.7558308848758851, 0.8203327436739452, 0.7768742242322237, 1.0, 0.9864001372860821]
