training_data_sizes: [0.1, 0.2, 0.3, 0.4, 0.5]
times: [243.6, 487.71, 723.03, 965.24, 1202.49]
scores: [0.7916155854383242, 0.9731921004848499, 0.9770273170203663, 1.0, 0.9119368081427865]
