training_data_sizes: [0.1, 0.2, 0.3, 0.4, 0.5, 0.6, 0.7, 0.8]
times: [88.43, 178.74, 269.21, 356.37, 443.7, 526.64, 617.1, 707.84]
scores: [0.8448837426880396, 0.9278170839571684, 0.8504296782395062, 1.0, 0.8982493203867017, 0.9975612493780472, 0.967668733444505, 1.0]
