training_data_sizes: [0.1, 0.2, 0.3, 0.4, 0.5, 0.6, 0.7, 0.8, 0.9]
times: [40.0, 98.0, 142.0, 197.0, 242.0, 294.0, 346.0, 394.0, 443.0]
scores: [0.9858717350162021, 1.0, 0.9846090016557882, 0.9275874413035655, 0.884566849496241, 0.89716907460452, 0.9994458605113921, 0.9079011642121095, 0.9100379604655595]
