training_data_sizes: [0.1, 0.2, 0.3, 0.4, 0.5, 0.6, 0.7, 0.8]
times: [171.83, 334.15, 493.75, 651.29, 817.47, 980.62, 1144.68, 1306.74]
scores: [0.9139306506672653, 0.9346776413001978, 0.8650418034149763, 0.929191332590121, 0.8655379381397857, 0.8718853196348423, 0.9550299202374442, 0.859055503711574]
