training_data_sizes: [0.1, 0.2, 0.3, 0.4, 0.5, 0.6, 0.7, 0.8, 0.9]
times: [122.74, 245.0, 371.27, 493.64, 615.33, 734.38, 858.7, 982.68, 1108.45]
scores: [0.843283839505524, 0.765226641265867, 0.7078188607892684, 0.815138656891021, 0.8334167726679922, 0.8399366337864665, 0.845929627373939, 0.7090894273624333, 0.7821449695622535]
