training_data_sizes: [0.1, 0.2, 0.3, 0.4, 0.5, 0.6, 0.7, 0.8, 0.9, 1.0]
times: [118.21, 222.15, 335.32, 440.8, 558.32, 662.5, 778.76, 884.86, 994.85, 1101.38]
scores: [0.8649202846497346, 0.9493939619025835, 0.905766887091185, 0.9020917700334503, 1.0, 1.0, 1.0, 1.0, 1.0, 1.0]
