training_data_sizes: [0.1, 0.2, 0.3, 0.4]
times: [201.88, 400.55, 602.57, 809.28]
scores: [0.6470943892937293, 0.6389662417684236, 0.5289508417851098, 0.6418440027059863]
