training_data_sizes: [0.1, 0.2, 0.3, 0.4, 0.5, 0.6, 0.7, 0.8, 0.9, 1.0]
times: [7.0, 14.87, 20.9, 26.67, 31.37, 36.32, 41.82, 46.52, 52.47, 56.49]
scores: [0.5378083894209547, 0.5375834148478069, 0.5414417887511369, 0.5475171470895002, 0.5507366742186153, 0.5525063247323259, 0.5552143894735582, 0.5565232205350608, 0.5594511244970282, 0.5616121516975903]
