training_data_sizes: [0.1, 0.2, 0.3]
times: [233.56, 476.38, 708.57]
scores: [0.8853418136696963, 1.0, 0.9202999537419418]
