training_data_sizes: [0.1, 0.2, 0.3, 0.4, 0.5, 0.6, 0.7, 0.8, 0.9, 1.0]
times: [45.0, 96.0, 147.0, 193.0, 242.0, 293.0, 345.0, 390.0, 445.0, 495.0]
scores: [0.759755931549692, 0.794357899723579, 0.8802129714230971, 0.9312524479899038, 0.9829598100644534, 1.0, 0.9828287593080899, 1.0, 1.0, 1.0]
