training_data_sizes: [0.1, 0.2, 0.3, 0.4, 0.5, 0.6, 0.7]
times: [73.0, 153.0, 235.0, 317.0, 395.0, 472.0, 552.0]
scores: [0.8913271719950482, 0.8016170615309748, 0.7945168564825913, 0.9139768875722671, 1.0, 1.0, 0.9604365505180046]
