training_data_sizes: [0.1, 0.2, 0.3, 0.4, 0.5]
times: [204.62, 409.05, 602.27, 806.27, 1003.44]
scores: [0.5762977073320997, 0.5056879299716083, 0.6912985500821552, 0.5773261162123665, 0.6863069307772454]
