training_data_sizes: [0.1, 0.2, 0.3, 0.4, 0.5, 0.6, 0.7]
times: [87.0, 176.0, 261.0, 358.0, 448.0, 535.0, 624.0]
scores: [0.9242488649420593, 0.854319165630139, 0.8608737300728666, 0.9152464818633492, 0.909513015223449, 0.9485934263610836, 0.9424068707192829]
