training_data_sizes: [0.1, 0.2, 0.3, 0.4, 0.5, 0.6, 0.7, 0.8, 0.9, 1.0]
times: [140.67, 283.78, 426.48, 563.56, 705.81, 843.6, 986.9, 1128.8, 1268.1, 1403.75]
scores: [0.6242593868784484, 0.6988251056695374, 0.5139678276615144, 0.580399894186022, 0.522289306020153, 0.5054922386161796, 0.5302978848164134, 0.6401292514656505, 0.5302846330914031, 0.49252885459298784]
