training_data_sizes: [0.1, 0.2, 0.3, 0.4, 0.5, 0.6, 0.7, 0.8]
times: [179.63, 355.59, 530.4, 708.86, 878.46, 1052.25, 1233.58, 1408.77]
scores: [0.7875451546474501, 0.7973757441140508, 0.8109045199001748, 0.8523150845656571, 0.8936635219811725, 0.9831410332935918, 0.9997127169869618, 0.9577377032132125]
