training_data_sizes: [0.1, 0.2, 0.3, 0.4, 0.5, 0.6, 0.7, 0.8]
times: [115.23, 233.78, 342.11, 459.79, 566.64, 678.37, 795.8, 900.98]
scores: [0.8639183209738048, 0.7715667724553361, 0.7553087737308898, 0.6808044461299847, 0.6678000221412456, 0.7507300094005553, 0.7175526420377218, 0.7768332449846935]
