training_data_sizes: [0.1, 0.2, 0.3]
times: [269.46, 539.27, 807.27]
scores: [0.9461308946892985, 0.9142288563993832, 1.0]
