training_data_sizes: [0.1, 0.2, 0.3]
times: [80.0, 173.0, 261.0]
scores: [0.878886169252354, 0.7889701497720929, 0.9078500781579373]
