training_data_sizes: [0.1, 0.2, 0.3, 0.4, 0.5, 0.6]
times: [59.0, 112.0, 174.0, 232.0, 290.0, 352.0]
scores: [0.8953539074837376, 0.911405908740275, 0.9374965378216138, 1.0, 1.0, 0.9691304656895223]
