training_data_sizes: [0.1, 0.2, 0.3]
times: [28.0, 54.0, 86.0]
scores: [0.8588071025547201, 0.8221686057100388, 0.9714810631208985]
