training_data_sizes: [0.1, 0.2]
times: [50.0, 116.0]
scores: [0.5393452088646207, 0.6129557913692976]
