training_data_sizes: [0.1, 0.2, 0.3]
times: [374.38, 737.42, 1103.81]
scores: [0.7531141557923979, 0.8655938480346088, 0.775845918706912]
