training_data_sizes: [0.1, 0.2, 0.3, 0.4]
times: [19.0, 38.0, 56.0, 71.0]
scores: [0.9459601088757715, 0.91148143779216, 0.8619729870751833, 1.0]
