training_data_sizes: [0.1, 0.2, 0.3, 0.4, 0.5, 0.6, 0.7, 0.8, 0.9, 1.0]
times: [109.52, 206.23, 302.06, 402.94, 503.4, 601.09, 706.24, 804.89, 904.16, 1007.49]
scores: [0.7524656553037268, 0.7165088036655766, 0.7883696541629273, 0.9692338877765695, 0.833446456189149, 1.0, 1.0, 1.0, 1.0, 1.0]
