training_data_sizes: [0.1, 0.2, 0.3, 0.4, 0.5]
times: [226.84, 445.44, 662.36, 889.64, 1101.23]
scores: [0.6307042264428937, 0.7044051594162147, 0.7034231978516627, 0.9231652897188292, 0.908183802546422]
