training_data_sizes: [0.1, 0.2, 0.3, 0.4, 0.5, 0.6]
times: [221.91, 441.01, 659.04, 868.64, 1085.61, 1307.32]
scores: [0.7586071005602858, 0.8648076485861131, 0.8417748452684958, 0.8386375766136727, 0.8741311979690467, 1.0]
