training_data_sizes: [0.1, 0.2, 0.3, 0.4, 0.5, 0.6, 0.7, 0.8]
times: [10.0, 31.0, 58.0, 72.0, 90.0, 111.0, 132.0, 151.0]
scores: [1.0, 1.0, 1.0, 0.9995125704732535, 0.9850264438721492, 0.8873710816217053, 0.976859839747614, 0.9537366915517913]
