training_data_sizes: [0.1, 0.2, 0.3, 0.4, 0.5, 0.6]
times: [186.33, 368.86, 551.34, 740.8, 917.24, 1108.61]
scores: [0.8645882891763637, 0.8809876255195201, 0.8774717915477752, 0.878408712639386, 1.0, 1.0]
