training_data_sizes: [0.1, 0.2, 0.3, 0.4, 0.5, 0.6, 0.7, 0.8, 0.9]
times: [91.45, 187.69, 272.79, 362.3, 444.78, 534.47, 624.33, 718.33, 801.29]
scores: [0.793759276953092, 0.8222736932910497, 0.8913156376341718, 0.9330457409382376, 0.9489691443414451, 0.9592328874377295, 1.0, 1.0, 1.0]
