training_data_sizes: [0.1, 0.2, 0.3, 0.4, 0.5, 0.6, 0.7]
times: [203.26, 400.63, 608.53, 800.48, 1000.46, 1201.11, 1400.54]
scores: [0.9225143780005892, 0.9320348041255273, 0.8562184685570312, 0.9911394314590434, 0.9245220135565395, 0.9450786178884787, 0.9411644346304421]
