training_data_sizes: [0.1, 0.2, 0.3, 0.4]
times: [67.0, 138.0, 208.0, 279.0]
scores: [0.6943577453778668, 0.5841704619374068, 0.8103156175989623, 0.8722212515264929]
