training_data_sizes: [0.1, 0.2]
times: [40.0, 91.0]
scores: [0.8331498512705846, 0.8760326029417115]
