training_data_sizes: [0.1, 0.2]
times: [58.0, 114.0]
scores: [0.567971213209108, 0.5635039994521407]
