training_data_sizes: [0.1, 0.2, 0.3, 0.4, 0.5]
times: [130.0, 277.0, 412.0, 556.0, 690.0]
scores: [0.852818672097013, 0.8286686645013456, 1.0, 0.9610413740469776, 1.0]
