training_data_sizes: [0.1, 0.2, 0.3]
times: [81.0, 176.0, 264.0]
scores: [0.7824618599721769, 0.838207487215725, 0.8318968805547966]
