training_data_sizes: [0.1, 0.2, 0.3, 0.4, 0.5]
times: [283.38, 560.11, 841.83, 1122.04, 1408.8]
scores: [0.7992058680239676, 0.7543271211907696, 0.8760663416670812, 0.8904808477451425, 0.8044186783955736]
