training_data_sizes: [0.1, 0.2, 0.3, 0.4, 0.5, 0.6, 0.7]
times: [13.0, 39.0, 50.0, 77.0, 94.0, 113.0, 130.0]
scores: [0.9338540547123673, 0.8345396335923032, 0.9483581050330371, 1.0, 1.0, 0.9820411114591978, 1.0]
