training_data_sizes: [0.1, 0.2, 0.3, 0.4, 0.5, 0.6, 0.7, 0.8]
times: [184.26, 353.91, 528.08, 700.38, 883.79, 1050.82, 1228.55, 1409.1]
scores: [0.745050640349891, 0.7202136336961141, 0.7430346210452057, 0.6313983098043172, 0.5964317265480156, 0.595169233475159, 0.6862634333356846, 0.6938693452404044]
