training_data_sizes: [0.1, 0.2, 0.3, 0.4, 0.5, 0.6, 0.7, 0.8]
times: [62.0, 134.0, 203.0, 272.0, 341.0, 412.0, 481.99999999999994, 553.0]
scores: [0.578067033140889, 0.6083128554182752, 0.6355485597992502, 0.6621141227614855, 0.7988552965957754, 0.72479403766351, 0.9647290998668652, 0.8391204915923716]
