training_data_sizes: [0.1, 0.2, 0.3, 0.4]
times: [121.0, 251.0, 383.0, 511.0]
scores: [0.9518199534248503, 0.8346914830681197, 0.8936913874425576, 0.9284463970904475]
