training_data_sizes: [0.1, 0.2, 0.3, 0.4, 0.5, 0.6, 0.7]
times: [202.03, 408.35, 608.62, 805.09, 1008.02, 1200.96, 1409.06]
scores: [0.8070117455451866, 0.8621693370543134, 0.8976748113668734, 0.9233748561413732, 1.0, 0.9718026389997358, 1.0]
