training_data_sizes: [0.1, 0.2]
times: [59.0, 116.0]
scores: [0.7989929878174085, 0.8710652671997341]
