training_data_sizes: [0.1, 0.2, 0.3, 0.4, 0.5, 0.6, 0.7, 0.8]
times: [100.45, 200.58, 308.11, 408.45, 503.13, 600.16, 708.0, 806.32]
scores: [0.5588388702721769, 0.5730201196725602, 0.621789413846238, 0.7732633303923448, 0.8255285267422765, 0.8410989032237075, 0.98333105109395, 0.9785897939429562]
