training_data_sizes: [0.1, 0.2, 0.3, 0.4, 0.5, 0.6, 0.7, 0.8, 0.9, 1.0]
times: [113.63, 228.94, 336.35, 446.8, 552.4, 665.28, 778.93, 887.48, 995.36, 1103.65]
scores: [0.8202943560731188, 0.889132778991788, 0.9640224457915703, 1.0, 1.0, 1.0, 1.0, 1.0, 1.0, 1.0]
