training_data_sizes: [0.1, 0.2, 0.3, 0.4, 0.5, 0.6, 0.7, 0.8, 0.9]
times: [85.0, 176.0, 264.0, 351.0, 445.0, 531.0, 622.0, 712.0, 807.0]
scores: [0.8829645099025978, 0.8877921630484207, 0.976583846617175, 0.998906248819396, 0.9662611887829247, 1.0, 1.0, 1.0, 1.0]
