training_data_sizes: [0.1, 0.2, 0.3, 0.4, 0.5, 0.6, 0.7, 0.8, 0.9]
times: [10.0, 33.0, 52.0, 78.0, 95.0, 119.0, 131.0, 158.0, 173.0]
scores: [0.7719335401120121, 0.9081677680387162, 0.817204645832704, 0.8310411683179981, 0.9648122258757617, 0.9258555025522917, 0.8818686098254226, 0.9316191655586796, 0.8967122180386147]
