training_data_sizes: [0.1, 0.2, 0.3]
times: [111.45, 389.38, 864.24]
scores: [0.9990996116126576, 0.9991313473889353, 0.9991254844906169]
