training_data_sizes: [0.1, 0.2, 0.3, 0.4, 0.5, 0.6, 0.7, 0.8, 0.9]
times: [48.0, 92.0, 141.0, 190.0, 246.0, 290.0, 348.0, 395.0, 449.0]
scores: [0.8733662332433185, 0.839314940539075, 0.8838061964118988, 1.0, 0.9168921503257029, 0.9832142649790117, 1.0, 1.0, 1.0]
