training_data_sizes: [0.1, 0.2, 0.3, 0.4, 0.5, 0.6, 0.7]
times: [193.16, 377.97, 558.85, 745.49, 937.42, 1122.74, 1306.67]
scores: [0.7473719159472831, 0.8037224036517026, 0.966743587685359, 1.0, 0.9964307892207428, 1.0, 1.0]
