training_data_sizes: [0.1, 0.2, 0.3, 0.4, 0.5, 0.6, 0.7]
times: [60.0, 139.0, 204.0, 274.0, 341.0, 418.0, 480.99999999999994]
scores: [0.6347502086018004, 0.6365778214359656, 0.728599961326448, 0.7439907741586096, 0.8008232859911788, 0.871058067175944, 0.8439099813549472]
