training_data_sizes: [0.1, 0.2, 0.3, 0.4, 0.5, 0.6, 0.7, 0.8, 0.9]
times: [107.0, 214.0, 326.0, 434.0, 546.0, 658.0, 763.0, 871.0, 984.0]
scores: [0.7524995191737475, 0.7039554728835811, 0.727581701450744, 0.7543239033467849, 0.8633239201850658, 0.7956089435757651, 0.8864819316587278, 0.7922401927194231, 0.7065408061742837]
