training_data_sizes: [0.1, 0.2, 0.3]
times: [235.38, 471.6, 703.01]
scores: [0.8199058394614144, 0.7824262376852957, 0.9729679293698104]
