training_data_sizes: [0.1, 0.2, 0.3, 0.4, 0.5, 0.6, 0.7, 0.8, 0.9, 1.0]
times: [63.0, 134.0, 209.0, 278.0, 344.0, 414.0, 479.99999999999994, 553.0, 623.0, 692.0]
scores: [0.9782621270536774, 0.8173957916699097, 0.8533259097791732, 0.8344873620176987, 0.8942844490977715, 0.9574465975935762, 0.9748226323483943, 0.9717941110726962, 0.8868010140233435, 0.864530879272976]
