training_data_sizes: [0.1, 0.2, 0.3, 0.4, 0.5]
times: [162.43, 320.43, 486.5, 647.26, 807.93]
scores: [0.583700177768337, 0.6239838076284048, 0.6754285122087232, 0.814517712005644, 0.7288690947832149]
