training_data_sizes: [0.1, 0.2, 0.3, 0.4]
times: [124.0, 258.0, 389.0, 515.0]
scores: [0.8835373571739475, 1.0, 0.9268818625403452, 0.9090482868789276]
