training_data_sizes: [0.1, 0.2, 0.3, 0.4, 0.5, 0.6, 0.7, 0.8, 0.9, 1.0]
times: [1.16, 2.42, 4.36, 6.49, 9.37, 13.23, 17.65, 22.28, 28.31, 33.14]
scores: [0.911845911874455, 0.950881371666947, 0.9654484343611041, 0.9730823867054512, 0.9778071811500398, 0.9810816749766527, 0.9834602389070366, 0.9845391589402647, 0.9847350817271026, 0.9854935188827996]
