training_data_sizes: [0.1, 0.2, 0.3, 0.4, 0.5, 0.6]
times: [168.82, 336.85, 505.66, 671.33, 833.47, 1000.45]
scores: [0.7932851380255417, 0.7421181722463999, 0.7475346708542461, 0.8862753001646557, 0.7475615653284853, 0.8278383841180605]
