training_data_sizes: [0.1, 0.2, 0.3, 0.4, 0.5, 0.6, 0.7, 0.8, 0.9]
times: [26.0, 56.0, 87.0, 117.0, 140.0, 170.0, 201.0, 239.0, 266.0]
scores: [0.6168963075620457, 0.7897480042111136, 0.7929339150736661, 0.7869139477387629, 0.7779711084135155, 0.8638956821218371, 0.8551899304416456, 0.9897594193983683, 1.0]
