training_data_sizes: [0.1, 0.2, 0.3, 0.4]
times: [226.3, 452.99, 681.7, 908.75]
scores: [0.8561835184658193, 0.8244717151573735, 0.759827992159286, 0.8604408951607764]
