training_data_sizes: [0.1, 0.2, 0.3, 0.4, 0.5, 0.6, 0.7, 0.8, 0.9]
times: [111.0, 231.0, 353.0, 476.0, 599.0, 718.0, 835.0, 957.0, 1074.0]
scores: [0.549609898980975, 0.6692407044134813, 0.5947592251950974, 0.5846117520966227, 0.5936109000029528, 0.527394196838942, 0.5255137409415338, 0.4995948844949777, 0.5073067392853875]
