training_data_sizes: [0.1, 0.2, 0.3, 0.4, 0.5, 0.6, 0.7, 0.8, 0.9, 1.0]
times: [45.09, 89.21, 133.44, 178.46, 225.0, 275.88, 329.63, 375.92, 413.03, 459.55]
scores: [0.6480717928106573, 0.600769056971541, 0.5630020455805211, 0.558401238380255, 0.5583433948242188, 0.5537288039639106, 0.5402954434716584, 0.5470143556155835, 0.5382442695333015, 0.5386022691239764]
