training_data_sizes: [0.1, 0.2, 0.3, 0.4, 0.5]
times: [4.0, 12.0, 26.0, 34.0, 49.0]
scores: [0.8959957330765247, 0.7921027686927808, 0.8386476779098023, 0.8554042472095231, 0.9541946009873767]
