training_data_sizes: [0.1, 0.2, 0.3, 0.4, 0.5, 0.6, 0.7, 0.8, 0.9, 1.0]
times: [64.0, 130.0, 206.0, 278.0, 346.0, 411.0, 480.99999999999994, 559.0, 622.0, 691.0]
scores: [0.7079190547714236, 0.721795747000793, 0.8590730899365229, 0.8420503818010079, 0.8871078292018011, 0.8897282889203029, 0.9584855287507714, 0.9493185708494986, 1.0, 1.0]
