training_data_sizes: [0.1, 0.2, 0.3, 0.4, 0.5, 0.6, 0.7, 0.8, 0.9, 1.0]
times: [34.42, 61.95, 89.6, 119.58, 150.79, 178.31, 212.6, 243.03, 277.92, 323.13]
scores: [0.6662843426899843, 0.6666843599416241, 0.6722025424084259, 0.6760154403808387, 0.6770009701273965, 0.6785236972213304, 0.6790501100409914, 0.6792325206950933, 0.6795767987647952, 0.681698173836008]
