training_data_sizes: [0.1, 0.2, 0.3, 0.4, 0.5, 0.6]
times: [52.0, 119.0, 177.0, 232.0, 299.0, 353.0]
scores: [0.8443550500344352, 0.8705778063361179, 0.9279529430922604, 0.8985067508755877, 1.0, 1.0]
