training_data_sizes: [0.1, 0.2, 0.3, 0.4]
times: [42.0, 90.0, 146.0, 195.0]
scores: [0.6920594344687527, 0.6812912883317304, 0.8434970378681581, 0.8460444176678299]
