training_data_sizes: [0.1, 0.2]
times: [658.24, 1300.8]
scores: [0.7748606376591123, 0.7807970913483866]
