training_data_sizes: [0.1, 0.2, 0.3, 0.4, 0.5, 0.6, 0.7]
times: [16.0, 37.0, 55.0, 77.0, 93.0, 115.0, 138.0]
scores: [0.7994795773909033, 0.8590837039363219, 0.9283818153758725, 0.9479532638847377, 0.9654971500904088, 1.0, 0.815782076218158]
