training_data_sizes: [0.1, 0.2, 0.3, 0.4]
times: [87.0, 178.0, 265.0, 354.0]
scores: [0.7070801540423155, 0.7241410449134434, 0.7536026620766125, 0.7290458182160751]
