training_data_sizes: [0.1, 0.2]
times: [451.76, 906.15]
scores: [0.9134381325000902, 0.8857664939569128]
