training_data_sizes: [0.1, 0.2, 0.3, 0.4, 0.5, 0.6]
times: [12.0, 36.0, 54.0, 72.0, 92.0, 114.0]
scores: [0.7927677249488965, 0.9512239388955144, 0.8338951007999349, 0.8701628889664357, 0.8552798086925006, 0.9086260098785565]
