training_data_sizes: [0.1, 0.2, 0.3, 0.4, 0.5, 0.6, 0.7, 0.8, 0.9, 1.0]
times: [128.0, 259.0, 384.0, 514.0, 646.0, 776.0, 904.9999999999999, 1035.0, 1166.0, 1290.0]
scores: [0.830724404745034, 0.9074249560230185, 0.9681876362039237, 0.9297673442125846, 0.8635567168555627, 0.9701483499414091, 0.9464930372042856, 1.0, 0.9044290765553771, 1.0]
