training_data_sizes: [0.1, 0.2, 0.3, 0.4, 0.5, 0.6, 0.7, 0.8, 0.9]
times: [95.95, 182.51, 269.09, 360.74, 447.34, 536.49, 629.63, 718.79, 808.25]
scores: [0.8695662122919035, 0.96494562236178, 0.8754456914790442, 0.9964090958361096, 0.989617921083361, 0.9598318014241509, 1.0, 1.0, 1.0]
