training_data_sizes: [0.1, 0.2, 0.3, 0.4]
times: [28.0, 51.0, 82.0, 113.0]
scores: [0.8529298769742135, 0.9368276268635863, 1.0, 1.0]
