training_data_sizes: [0.1, 0.2, 0.3]
times: [28.0, 59.0, 81.0]
scores: [0.640259850364463, 0.7124887150115806, 0.7951323068552489]
