training_data_sizes: [0.1, 0.2, 0.3, 0.4, 0.5, 0.6, 0.7, 0.8, 0.9]
times: [22.0, 56.0, 89.0, 116.0, 149.0, 175.0, 208.0, 234.0, 263.0]
scores: [0.659784818147374, 0.6365171250054886, 0.47981763061022653, 0.4776125828101389, 0.539499214064626, 0.49896894672210845, 0.584025134609956, 0.45299640064335966, 0.5200069221090583]
