training_data_sizes: [0.1, 0.2, 0.3, 0.4, 0.5]
times: [104.0, 219.0, 325.0, 433.0, 541.0]
scores: [0.8680790244875058, 0.9564232721299529, 0.9861273600561202, 1.0, 1.0]
