training_data_sizes: [0.1, 0.2, 0.3, 0.4, 0.5, 0.6, 0.7, 0.8, 0.9]
times: [70.0, 151.0, 235.0, 315.0, 396.0, 473.0, 554.0, 638.0, 710.0]
scores: [0.990085593729569, 0.8900341664431473, 1.0, 0.9091294529579632, 1.0, 1.0, 1.0, 1.0, 0.9727985992617677]
