training_data_sizes: [0.1, 0.2, 0.3, 0.4, 0.5, 0.6, 0.7, 0.8, 0.9, 1.0]
times: [136.0, 265.1, 393.77, 525.28, 653.38, 788.88, 917.09, 1047.42, 1174.14, 1300.64]
scores: [0.8489156755282092, 0.7607902016842156, 0.9891593075817935, 1.0, 0.9990330884915586, 1.0, 1.0, 1.0, 1.0, 1.0]
