training_data_sizes: [0.1, 0.2, 0.3, 0.4]
times: [203.2, 404.49, 603.06, 803.18]
scores: [0.6357466366882147, 0.7291418079225132, 0.6007211172680239, 0.6006281923202944]
