training_data_sizes: [0.1, 0.2]
times: [119.0, 230.0]
scores: [0.8691689917627121, 0.7002716058702211]
