training_data_sizes: [0.1, 0.2, 0.3, 0.4, 0.5, 0.6, 0.7]
times: [132.55, 265.55, 390.08, 520.13, 647.45, 775.88, 909.84]
scores: [0.8187009608904707, 0.8764249064217555, 0.7996105300923346, 0.9826349433251369, 0.9136776094689649, 1.0, 1.0]
