training_data_sizes: [0.1, 0.2, 0.3, 0.4, 0.5, 0.6]
times: [125.26, 243.13, 358.47, 469.97, 593.07, 702.29]
scores: [0.6797251790092043, 0.8380123530867465, 0.7092907041901807, 0.8480467186920323, 0.7714779312474355, 0.8723658627280961]
