training_data_sizes: [0.1, 0.2, 0.3, 0.4, 0.5, 0.6, 0.7, 0.8, 0.9, 1.0]
times: [74.02, 140.75, 211.48, 285.91, 358.72, 422.89, 497.97, 569.72, 634.23, 707.66]
scores: [0.7099470107797479, 0.7560933758184657, 0.7249307102608993, 0.9363726661559502, 0.9570890031009717, 0.9855452807239633, 1.0, 1.0, 1.0, 1.0]
