training_data_sizes: [0.1, 0.2, 0.3, 0.4, 0.5, 0.6, 0.7, 0.8, 0.9]
times: [133.0, 273.0, 415.0, 552.0, 692.0, 831.0, 974.9999999999999, 1117.0, 1252.0]
scores: [0.9101157501848353, 0.7968516167682885, 0.7365626467824986, 0.8029349658042272, 0.7450254665402964, 0.7790705500706768, 0.7674857255111245, 0.6921593587985733, 0.752678698974784]
