training_data_sizes: [0.1, 0.2, 0.3, 0.4, 0.5]
times: [54.0, 118.0, 176.0, 239.0, 295.0]
scores: [0.9336259072278551, 0.8056702150526389, 0.8923488452760243, 0.9317335858648677, 0.8132806526215025]
