training_data_sizes: [0.1, 0.2, 0.3, 0.4, 0.5, 0.6, 0.7]
times: [186.04, 376.95, 561.54, 746.48, 937.38, 1114.74, 1303.69]
scores: [0.7803276234977644, 0.8625220231824902, 0.8447432093079007, 0.9529947282182472, 0.9685134487165801, 0.9808894407030352, 0.878793652697453]
