training_data_sizes: [0.1, 0.2, 0.3, 0.4, 0.5, 0.6, 0.7, 0.8]
times: [45.0, 96.0, 147.0, 194.0, 240.0, 294.0, 345.0, 391.0]
scores: [0.8188723096876429, 0.8550481879797691, 0.9142870198467541, 0.9205591466561025, 0.8589773713516882, 0.9249079422845776, 1.0, 0.976976995698738]
