training_data_sizes: [0.1, 0.2, 0.3, 0.4, 0.5, 0.6, 0.7, 0.8]
times: [69.0, 138.0, 208.0, 277.0, 343.0, 414.0, 486.99999999999994, 557.0]
scores: [0.8889695366877357, 0.8159183857014382, 0.9663279365988511, 0.9644423245355733, 1.0, 1.0, 0.9580025535622672, 1.0]
