training_data_sizes: [0.1, 0.2]
times: [651.05, 1301.2]
scores: [0.7934480036189469, 0.8951758509930265]
