training_data_sizes: [0.1, 0.2, 0.3, 0.4]
times: [183.65, 359.76, 526.79, 708.74]
scores: [0.7797194087365756, 0.9786760782533498, 0.9195605421613964, 1.0]
