training_data_sizes: [0.1, 0.2, 0.3, 0.4, 0.5, 0.6, 0.7]
times: [22.0, 50.0, 82.0, 115.0, 144.0, 176.0, 204.0]
scores: [0.8449159640803625, 1.0, 0.9714088120845011, 0.8951092491388203, 0.91464876166645, 0.9132252845984767, 0.9722087278158502]
