training_data_sizes: [0.1, 0.2, 0.3, 0.4, 0.5, 0.6, 0.7]
times: [172.27, 344.2, 521.28, 691.46, 865.34, 1037.27, 1204.12]
scores: [0.7080433402088925, 0.6214183793941033, 0.8061931715678048, 0.6835764363735999, 0.8277071247937289, 0.8835625616306788, 0.9170497387357875]
