training_data_sizes: [0.1, 0.2, 0.3, 0.4, 0.5, 0.6]
times: [237.76, 468.75, 702.67, 940.59, 1169.62, 1409.18]
scores: [0.7960729046447093, 0.7595951772320494, 0.8612007181905388, 0.8678580630143068, 1.0, 1.0]
