training_data_sizes: [0.1, 0.2, 0.3, 0.4, 0.5, 0.6]
times: [176.6, 337.5, 507.69, 669.21, 833.57, 1007.45]
scores: [0.8737568494376624, 0.8885222155812909, 0.7955930610085129, 0.8168399155378943, 0.856659707012478, 0.8840120101381108]
