training_data_sizes: [0.1, 0.2, 0.3, 0.4]
times: [182.55, 355.25, 529.36, 702.46]
scores: [0.6814177838451168, 0.7924590794150209, 0.780863052104966, 0.853720336885011]
