training_data_sizes: [0.1, 0.2, 0.3, 0.4]
times: [47.0, 93.0, 146.0, 190.0]
scores: [0.9117930084024586, 0.8808650292331582, 0.9291235814576699, 0.916427351370547]
