training_data_sizes: [0.1, 0.2]
times: [123.0, 258.0]
scores: [0.8988118611432465, 0.7995860824393468]
