training_data_sizes: [0.1, 0.2, 0.3, 0.4, 0.5]
times: [160.45, 325.59, 483.68, 649.98, 806.89]
scores: [0.9688540452397654, 0.9401424883704439, 0.9738869714907484, 1.0, 1.0]
