training_data_sizes: [0.1, 0.2, 0.3, 0.4, 0.5, 0.6, 0.7, 0.8]
times: [125.0, 257.0, 380.0, 511.0, 645.0, 772.0, 899.9999999999999, 1039.0]
scores: [0.8175794782066601, 0.8691698698088064, 0.9159040501216025, 0.9235403142003844, 1.0, 1.0, 1.0, 1.0]
