training_data_sizes: [0.1, 0.2, 0.3, 0.4, 0.5, 0.6, 0.7, 0.8, 0.9, 1.0]
times: [9.0, 15.0, 21.0, 37.0, 41.0, 54.0, 69.0, 71.0, 81.0, 95.0]
scores: [0.8047550015313858, 1.0, 0.9356444964132853, 0.9629141206439761, 0.9331667454001717, 0.977537911783998, 1.0, 0.9848617208038701, 1.0, 1.0]
