training_data_sizes: [0.1, 0.2, 0.3, 0.4, 0.5]
times: [204.74, 409.7, 609.29, 809.52, 1002.69]
scores: [0.6636130511233861, 0.5509748032275685, 0.624151215013717, 0.624900290116085, 0.61775973200771]
