training_data_sizes: [0.1, 0.2, 0.3, 0.4, 0.5, 0.6, 0.7, 0.8, 0.9, 1.0]
times: [2.25, 3.45, 4.59, 5.75, 7.07, 8.38, 9.48, 10.68, 11.92, 13.12]
scores: [0.3065161539283187, 0.3088916823800514, 0.3167985739810052, 0.33348079997768676, 0.31875989935854027, 0.31465207211081264, 0.3015177024505734, 0.30405585139514385, 0.2972744389879881, 0.2983970237032414]
