training_data_sizes: [0.1, 0.2, 0.3, 0.4, 0.5, 0.6, 0.7, 0.8, 0.9, 1.0]
times: [75.09, 147.53, 213.55, 285.24, 359.37, 424.81, 495.21, 564.66, 636.58, 707.79]
scores: [0.7402780578047626, 0.7003804976049269, 0.7391248149876342, 0.8446036409448634, 0.7915975557668089, 0.7984509396911855, 0.9631865663037464, 0.8697407592410139, 1.0, 1.0]
