training_data_sizes: [0.1, 0.2, 0.3]
times: [271.72, 541.9, 807.31]
scores: [0.9907254905010199, 1.0, 0.8997709612210327]
