training_data_sizes: [0.1, 0.2, 0.3, 0.4, 0.5, 0.6]
times: [220.56, 441.53, 659.47, 870.71, 1092.78, 1308.95]
scores: [0.9369199508266177, 1.0, 0.9086629262081098, 0.9723204349494422, 1.0, 0.915446486841446]
