training_data_sizes: [0.1, 0.2, 0.3, 0.4, 0.5, 0.6, 0.7, 0.8, 0.9, 1.0]
times: [66.47, 128.92, 183.45, 245.81, 309.01, 363.11, 420.69, 487.91, 544.82, 603.99]
scores: [0.7051811622838093, 0.7706898620096914, 0.8040636212411021, 0.7069733313913806, 0.8907167658275367, 0.8855101622448769, 0.9672973864161267, 0.9811769299495168, 1.0, 1.0]
