training_data_sizes: [0.1, 0.2, 0.3, 0.4, 0.5, 0.6, 0.7, 0.8, 0.9]
times: [151.73, 222.77, 326.89, 465.26, 603.35, 727.59, 879.5, 1005.88, 1118.07]
scores: [0.6308267773060978, 0.42078312174314675, 0.3630338338235027, 0.34021031749043446, 0.32734627493702123, 0.3196373674845295, 0.30783437971804606, 0.3055827073848198, 0.30269850407006127]
