training_data_sizes: [0.1, 0.2, 0.3, 0.4, 0.5, 0.6, 0.7]
times: [174.74, 346.24, 521.56, 690.87, 859.44, 1033.37, 1207.65]
scores: [0.7943262997042089, 0.7524888529038423, 0.8773374818250712, 0.907309454381698, 0.9967999369310151, 0.840866215221604, 1.0]
