training_data_sizes: [0.1, 0.2, 0.3, 0.4, 0.5, 0.6, 0.7]
times: [22.0, 59.0, 85.0, 110.0, 145.0, 179.0, 200.0]
scores: [0.5540195010008621, 0.6354340643922898, 0.574637707571938, 0.7905610578083005, 0.7090068717146596, 0.8606911562209842, 0.7791803958943871]
