training_data_sizes: [0.1, 0.2, 0.3, 0.4, 0.5, 0.6, 0.7, 0.8, 0.9]
times: [134.0, 274.0, 414.0, 554.0, 691.0, 834.0, 975.9999999999999, 1115.0, 1257.0]
scores: [0.9310517128100175, 0.8788479420655868, 0.9039071619966972, 0.9555163818389514, 1.0, 0.9926201311509482, 0.9914633693341877, 1.0, 1.0]
