training_data_sizes: [0.1, 0.2, 0.3]
times: [121.0, 250.0, 382.0]
scores: [0.7825877098401097, 0.7369270599237183, 0.7638344722922057]
