training_data_sizes: [0.1, 0.2, 0.3, 0.4, 0.5, 0.6, 0.7, 0.8]
times: [135.0, 278.0, 411.0, 552.0, 690.0, 831.0, 969.9999999999999, 1112.0]
scores: [0.8781593277103571, 0.9411017966964165, 0.7955891843398604, 0.98191754948672, 0.9033239421254314, 0.8641137967347141, 0.8591451101762742, 0.914564317077688]
