training_data_sizes: [0.1, 0.2, 0.3, 0.4, 0.5, 0.6, 0.7, 0.8, 0.9, 1.0]
times: [66.0, 136.0, 205.0, 278.0, 349.0, 418.0, 483.99999999999994, 559.0, 626.0, 690.0]
scores: [0.6884569149078392, 0.8182098173926942, 0.8403383162671108, 0.7235677346903029, 0.8768423989591297, 0.9630053027337787, 0.9745021574624344, 1.0, 1.0, 1.0]
