training_data_sizes: [0.1, 0.2, 0.3, 0.4, 0.5, 0.6]
times: [113.0, 231.0, 350.0, 473.0, 591.0, 715.0]
scores: [0.9288939471278497, 0.799456281469747, 0.8372808741312974, 0.858718196281514, 0.8893423248770929, 0.9457923832693546]
