training_data_sizes: [0.1, 0.2, 0.3, 0.4, 0.5, 0.6, 0.7, 0.8, 0.9, 1.0]
times: [75.79, 148.97, 227.91, 307.88, 377.93, 446.86, 518.81, 598.16, 666.46, 753.32]
scores: [0.2642180967206307, 0.31053376299357804, 0.3384123378387145, 0.3650852832887401, 0.3777393877792512, 0.3883128583444786, 0.39744995314188336, 0.4068152128148337, 0.4106567917078028, 0.41310916540261733]
