training_data_sizes: [0.1, 0.2, 0.3]
times: [99.0, 196.0, 296.0]
scores: [0.6255398493230946, 0.7641215211409239, 0.7997269178083093]
