training_data_sizes: [0.1, 0.2, 0.3, 0.4, 0.5, 0.6]
times: [206.12, 406.3, 608.96, 801.7, 1003.44, 1202.07]
scores: [0.4830010901680938, 0.5946680232814301, 0.6761465549261648, 0.6111685002500724, 0.830739892495161, 0.8247220573722862]
