training_data_sizes: [0.1, 0.2, 0.3, 0.4, 0.5, 0.6]
times: [124.13, 237.5, 351.53, 468.23, 588.03, 702.27]
scores: [0.6453036307627834, 0.6901024439668262, 0.6455998697859457, 0.6695732088129519, 0.7869501499889637, 0.8223755493327187]
