training_data_sizes: [0.1, 0.2, 0.3, 0.4, 0.5, 0.6, 0.7, 0.8]
times: [143.41, 281.01, 417.79, 556.37, 694.87, 832.29, 968.3, 1108.54]
scores: [0.9544562242416048, 0.7967251303923928, 0.9624227881359475, 0.9107647099464706, 0.8866072886448687, 0.8439949413008958, 0.8324572021711749, 0.7698999502597011]
