training_data_sizes: [0.1, 0.2, 0.3, 0.4, 0.5, 0.6, 0.7, 0.8, 0.9]
times: [52.0, 110.0, 172.0, 230.0, 295.0, 354.0, 416.0, 476.0, 532.0]
scores: [0.6348522362136362, 0.7051482753519926, 0.8424687475134474, 0.8911370325549071, 0.9836757274675936, 1.0, 1.0, 1.0, 1.0]
