training_data_sizes: [0.1, 0.2, 0.3, 0.4]
times: [356.88, 708.35, 1056.78, 1406.04]
scores: [0.6283450274694367, 0.7713868112348593, 0.733622907212793, 0.6973352666585346]
