training_data_sizes: [0.1, 0.2, 0.3, 0.4, 0.5, 0.6, 0.7, 0.8, 0.9, 1.0]
times: [90.48, 186.7, 270.31, 368.47, 456.65, 546.86, 632.98, 720.46, 817.36, 905.18]
scores: [0.7980045969861022, 0.87774120295108, 0.8986542083222968, 0.8514337415736046, 0.7673282349591324, 0.8350704857923315, 0.9351321227173003, 0.7798103728807746, 0.8071423016581591, 0.907440256315218]
