training_data_sizes: [0.1, 0.2, 0.3, 0.4, 0.5, 0.6]
times: [35.0, 77.0, 111.0, 158.0, 198.0, 239.0]
scores: [0.856122100269922, 0.8259590961349175, 0.8644345195591684, 0.7974627033878783, 0.7829617349886062, 0.9184744667817959]
