training_data_sizes: [0.1, 0.2, 0.3, 0.4, 0.5, 0.6, 0.7, 0.8, 0.9, 1.0]
times: [79.0, 154.0, 233.0, 314.0, 396.0, 470.0, 554.0, 634.0, 717.0, 797.0]
scores: [1.0, 1.0, 0.9812106026034325, 1.0, 1.0, 0.982662835192389, 1.0, 1.0, 1.0, 1.0]
