training_data_sizes: [0.1, 0.2, 0.3, 0.4, 0.5, 0.6, 0.7, 0.8, 0.9]
times: [71.93, 142.56, 209.12, 275.76, 335.83, 408.62, 469.24, 539.63, 601.0]
scores: [0.5355139401371911, 0.4759919197253941, 0.5765055181257486, 0.5897315945181836, 0.6237673210898107, 0.6277608485632142, 0.6603105261896127, 0.7810263863410329, 0.8652014931633516]
