training_data_sizes: [0.1, 0.2, 0.3, 0.4, 0.5]
times: [45.0, 91.0, 147.0, 197.0, 244.0]
scores: [0.8408139191433184, 0.913820700556505, 1.0, 1.0, 1.0]
