training_data_sizes: [0.1, 0.2, 0.3]
times: [403.1, 805.9, 1208.88]
scores: [0.8220726813528683, 0.9569845865451814, 0.8717471634128864]
