training_data_sizes: [0.1, 0.2, 0.3, 0.4, 0.5, 0.6, 0.7, 0.8, 0.9, 1.0]
times: [17.89, 43.39, 62.77, 80.18, 98.93, 119.36, 139.9, 158.56, 179.17, 209.98]
scores: [0.04049020777410385, 0.0534817888753893, 0.060298343607308326, 0.06902706570059011, 0.07480873793196324, 0.07992241524295915, 0.0851069675271746, 0.08943947319078634, 0.09388989646035462, 0.0966653909666134]
