training_data_sizes: [0.1, 0.2]
times: [604.98, 1204.6]
scores: [0.8994188790217649, 0.8563203390846839]
