training_data_sizes: [0.1, 0.2, 0.3, 0.4, 0.5, 0.6, 0.7, 0.8, 0.9, 1.0]
times: [1.02, 1.89, 3.04, 4.27, 6.08, 7.81, 10.5, 13.36, 16.36, 20.52]
scores: [0.535540568667853, 0.5717094313709283, 0.6019122100438336, 0.624776695890716, 0.6306523344093472, 0.6363613359648115, 0.6517060182798877, 0.6523996961395327, 0.6540057180271198, 0.655324500026611]
