training_data_sizes: [0.1, 0.2, 0.3, 0.4, 0.5, 0.6, 0.7, 0.8]
times: [104.0, 211.0, 322.0, 435.0, 546.0, 653.0, 766.0, 875.0]
scores: [0.7954909780593384, 0.9384425768634148, 0.8774984958263633, 0.8406764574542247, 0.9561246361615873, 1.0, 1.0, 1.0]
