training_data_sizes: [0.1, 0.2, 0.3, 0.4, 0.5, 0.6, 0.7, 0.8, 0.9, 1.0]
times: [91.49, 185.18, 305.5, 387.24, 487.99, 588.78, 702.55, 808.22, 910.1, 1017.6]
scores: [0.6431110076282739, 0.6603536376635992, 0.6686405316138452, 0.6746064788987421, 0.6783888457624347, 0.6822211641916065, 0.6854939615764024, 0.687743690924554, 0.6900149132835064, 0.6921561616114856]
