training_data_sizes: [0.1, 0.2, 0.3, 0.4, 0.5, 0.6, 0.7, 0.8]
times: [71.0, 150.0, 231.0, 315.0, 394.0, 477.0, 559.0, 637.0]
scores: [0.803599420647735, 0.7467742517651227, 0.8792886239515157, 0.8370756020489785, 0.8241754135075189, 0.8684627848373381, 0.8206600099113944, 0.8434766692878151]
