training_data_sizes: [0.1, 0.2, 0.3, 0.4]
times: [18.0, 34.0, 55.0, 75.0]
scores: [0.9122952744917745, 0.8250545824469782, 0.950121309234732, 1.0]
