training_data_sizes: [0.1, 0.2, 0.3]
times: [38.0, 73.0, 110.0]
scores: [0.7664779690110215, 0.7514767659382059, 0.6901060647906538]
