training_data_sizes: [0.1, 0.2, 0.3, 0.4, 0.5, 0.6, 0.7]
times: [173.11, 344.49, 516.62, 687.52, 857.55, 1037.39, 1200.69]
scores: [0.8508472671788805, 0.8708113540826323, 0.9129429363623888, 0.9336620055307051, 0.9282607766243727, 0.9991575078241791, 1.0]
