training_data_sizes: [0.1, 0.2, 0.3, 0.4]
times: [254.61, 506.21, 757.81, 1003.1]
scores: [0.7222502558611762, 0.7057645603223468, 0.7421201449786868, 0.9745131169573692]
