training_data_sizes: [0.1, 0.2, 0.3, 0.4, 0.5, 0.6, 0.7, 0.8, 0.9, 1.0]
times: [3.24, 7.34, 13.49, 20.15, 26.94, 36.02, 41.82, 55.99, 67.88, 78.12]
scores: [0.880133006198347, 0.8713590141330576, 0.8759181184321885, 0.870053908406726, 0.8784243586049689, 0.8835735683162154, 0.8900723336038752, 0.8904755794337549, 0.8901168236144381, 0.8920445058180495]
