training_data_sizes: [0.1, 0.2, 0.3, 0.4, 0.5, 0.6, 0.7, 0.8, 0.9, 1.0]
times: [98.09, 186.72, 270.74, 362.15, 457.13, 546.96, 631.53, 725.6, 812.98, 909.54]
scores: [0.8709052310401062, 0.9613929470818565, 1.0, 1.0, 0.9612961573603696, 1.0, 1.0, 1.0, 1.0, 1.0]
