training_data_sizes: [0.1, 0.2, 0.3, 0.4, 0.5, 0.6]
times: [108.0, 213.0, 323.0, 435.0, 545.0, 653.0]
scores: [0.7639986442462403, 0.7452437188898335, 0.8648899433198363, 0.9614947198511867, 0.8681493235631089, 0.9674217789309664]
