training_data_sizes: [0.1, 0.2, 0.3, 0.4, 0.5, 0.6]
times: [46.0, 93.0, 140.0, 195.0, 241.0, 294.0]
scores: [0.9101900193290069, 0.7978647344330445, 0.784523834076875, 0.9684720756520993, 1.0, 0.9496396552218975]
