training_data_sizes: [0.1, 0.2, 0.3, 0.4, 0.5, 0.6, 0.7]
times: [13.0, 30.0, 57.0, 71.0, 98.0, 111.0, 130.0]
scores: [0.9986424392599718, 0.9124673841636695, 1.0, 1.0, 0.984320695598518, 0.9533133927136161, 1.0]
