training_data_sizes: [0.1, 0.2, 0.3, 0.4, 0.5, 0.6, 0.7, 0.8, 0.9, 1.0]
times: [5.91, 8.44, 10.65, 12.54, 14.67, 15.97, 18.04, 19.77, 20.73, 22.69]
scores: [0.6630332630803878, 0.6697623701933456, 0.6723121624783897, 0.6685091626254164, 0.665957133839663, 0.6642408586095775, 0.6678978138814107, 0.6671934956017245, 0.6637379665312451, 0.6645764417894265]
