training_data_sizes: [0.1, 0.2, 0.3, 0.4, 0.5, 0.6]
times: [79.0, 154.0, 230.0, 310.0, 390.0, 479.0]
scores: [1.0, 1.0, 1.0, 0.885624021863725, 0.8904913225997395, 0.8896347194063607]
