training_data_sizes: [0.1, 0.2, 0.3, 0.4, 0.5, 0.6, 0.7]
times: [166.34, 318.01, 479.55, 637.35, 791.77, 947.41, 1109.27]
scores: [0.9549325114623095, 0.9173464648074139, 0.9511094822679691, 0.8958420200105994, 0.9333690650378993, 0.9406602679509459, 0.9263658350835543]
