training_data_sizes: [0.1, 0.2, 0.3, 0.4, 0.5, 0.6, 0.7, 0.8, 0.9, 1.0]
times: [2.36, 1.42, 1.76, 2.03, 2.32, 2.6, 2.89, 3.19, 3.62, 3.74]
scores: [0.9996654968647662, 0.23213705659665562, 0.20151699660272837, 0.15278867940663154, 0.1346798030341525, 0.11947567711789331, 0.12083173483513909, 0.14037312667924606, 0.13100614585520876, 0.11433843889357886]
