training_data_sizes: [0.1, 0.2, 0.3, 0.4, 0.5]
times: [162.22, 324.76, 481.52, 641.93, 800.32]
scores: [0.8221771387909246, 1.0, 0.9112066644950518, 0.9759298279805739, 0.8605298299124238]
