training_data_sizes: [0.1, 0.2, 0.3, 0.4, 0.5, 0.6, 0.7]
times: [96.0, 197.0, 299.0, 390.0, 496.0, 596.0, 697.0]
scores: [0.8325618731025346, 0.7769148073561702, 0.9139402114225672, 0.86738939388043, 0.9236729586771008, 0.9241530255569914, 1.0]
