training_data_sizes: [0.1, 0.2, 0.3, 0.4, 0.5, 0.6, 0.7, 0.8, 0.9, 1.0]
times: [121.0, 250.0, 387.0, 511.0, 646.0, 779.0, 899.9999999999999, 1036.0, 1169.0, 1297.0]
scores: [0.968058066897296, 0.9439628075582738, 0.9317481919306132, 0.9451482840899679, 0.9103813374186519, 0.9644421046724426, 0.9546812846238623, 1.0, 0.9928064916983532, 1.0]
