training_data_sizes: [0.1, 0.2, 0.3, 0.4, 0.5, 0.6, 0.7, 0.8, 0.9, 1.0]
times: [127.0, 259.0, 386.0, 518.0, 648.0, 775.0, 904.9999999999999, 1039.0, 1168.0, 1291.0]
scores: [0.8790074425958866, 0.7492280401724942, 0.8605462416443042, 0.7231450903797527, 0.8374464544938571, 0.826431358805075, 0.847823149289656, 0.8415156193911788, 0.7922982389082243, 0.7065451586278504]
