training_data_sizes: [0.1, 0.2, 0.3, 0.4, 0.5]
times: [18.0, 30.0, 50.0, 72.0, 92.0]
scores: [0.619683544043538, 0.8422703734550672, 0.8249064244323489, 0.963038225370757, 0.9442499338648279]
