training_data_sizes: [0.1, 0.2, 0.3, 0.4, 0.5, 0.6, 0.7, 0.8]
times: [42.0, 95.0, 149.0, 191.0, 245.0, 298.0, 345.0, 393.0]
scores: [0.9981616607469358, 1.0, 0.9543458749431379, 0.8385871072661304, 0.8994917878640016, 0.9255344763384167, 1.0, 0.9010598877837771]
