training_data_sizes: [0.1, 0.2, 0.3, 0.4, 0.5, 0.6, 0.7, 0.8, 0.9, 1.0]
times: [3.5, 7.49, 13.14, 19.62, 29.08, 38.63, 50.55, 64.31, 77.61, 91.87]
scores: [0.5194205275386086, 0.5031444395940192, 0.5135570827727478, 0.5264887518420402, 0.5362878434416329, 0.53858552073487, 0.5427549479638991, 0.5436717174126371, 0.5570314787085486, 0.5481727574750832]
