training_data_sizes: [0.1, 0.2, 0.3]
times: [10.0, 30.0, 52.0]
scores: [0.81172612386347, 0.7453384046099294, 0.7686708158738533]
