training_data_sizes: [0.1, 0.2, 0.3, 0.4, 0.5, 0.6, 0.7, 0.8, 0.9, 1.0]
times: [111.85, 226.75, 338.18, 446.28, 553.54, 662.65, 773.4, 887.65, 992.01, 1104.57]
scores: [0.842333877059565, 0.8811862501356806, 0.8322144772744806, 0.9219493047741298, 0.9958858926471614, 0.8666791447242899, 0.9992899310677033, 0.9354126983187898, 0.9589163871775617, 1.0]
