training_data_sizes: [0.1, 0.2, 0.3, 0.4, 0.5, 0.6]
times: [101.0, 218.0, 321.0, 436.0, 549.0, 651.0]
scores: [0.922696906601123, 0.8813359423647507, 1.0, 0.9574485490786074, 1.0, 1.0]
