training_data_sizes: [0.1, 0.2, 0.3, 0.4, 0.5, 0.6, 0.7, 0.8]
times: [77.0, 152.0, 230.0, 310.0, 393.0, 478.0, 557.0, 636.0]
scores: [0.7261839472146757, 0.7028704225252481, 0.7286885648909205, 0.7392061572072821, 0.8661146439013353, 0.9295127437825434, 0.9817500764071316, 1.0]
