training_data_sizes: [0.1, 0.2, 0.3, 0.4, 0.5, 0.6, 0.7]
times: [23.0, 54.0, 81.0, 118.0, 145.0, 171.0, 208.0]
scores: [0.8310410275114406, 0.7824721417063925, 0.9126005753430696, 0.8376565378956609, 0.9435493559181489, 0.7727403878368134, 0.9261018165536746]
