training_data_sizes: [0.1, 0.2, 0.3, 0.4, 0.5, 0.6, 0.7, 0.8, 0.9]
times: [74.0, 152.0, 235.0, 318.0, 396.0, 472.0, 557.0, 638.0, 710.0]
scores: [0.8128139742435562, 0.8296508180118958, 0.8156429104342086, 0.8399682356098979, 0.9390909997524146, 0.9368460285563769, 0.8690021665289828, 0.9288290969824693, 1.0]
