training_data_sizes: [0.1, 0.2, 0.3, 0.4, 0.5, 0.6, 0.7]
times: [44.0, 99.0, 144.0, 193.0, 244.0, 294.0, 347.0]
scores: [0.6234634931202758, 0.7371060022942724, 0.6973327229112928, 0.7952907705666519, 0.9247130526857167, 0.9007355449411447, 0.9475557035413809]
