training_data_sizes: [0.1, 0.2, 0.3, 0.4, 0.5, 0.6]
times: [226.06, 436.9, 654.25, 874.18, 1086.09, 1308.2]
scores: [0.8140109351232288, 0.9941891253726625, 0.8964530787454692, 1.0, 0.9660628678154026, 1.0]
