training_data_sizes: [0.1, 0.2]
times: [451.48, 909.74]
scores: [0.7444114058360132, 0.705307297812721]
