training_data_sizes: [0.1, 0.2, 0.3, 0.4, 0.5, 0.6, 0.7, 0.8]
times: [27.0, 56.0, 81.0, 112.0, 146.0, 176.0, 206.0, 238.0]
scores: [0.8434924576497235, 0.8795757025427493, 0.8173927927034487, 0.8463331591588671, 0.7848017214565568, 0.8822913242977592, 0.9510090904559102, 0.9905492304181412]
