training_data_sizes: [0.1, 0.2, 0.3]
times: [51.0, 112.0, 172.0]
scores: [0.6827264375076216, 0.8709875039031723, 0.8595681756254909]
