training_data_sizes: [0.1, 0.2, 0.3, 0.4, 0.5, 0.6, 0.7, 0.8]
times: [61.0, 131.0, 206.0, 271.0, 342.0, 419.0, 485.99999999999994, 553.0]
scores: [0.7889771766378737, 0.8396811509326514, 0.8756498213686621, 0.904554650921725, 0.8589800188692189, 0.7908651866792791, 0.9571851359514726, 0.9540555490157847]
