training_data_sizes: [0.1, 0.2]
times: [350.62, 700.26]
scores: [0.9241454527677828, 0.8990279854846104]
