training_data_sizes: [0.1, 0.2, 0.3]
times: [240.93, 475.52, 708.69]
scores: [0.8197050516955027, 0.9270649750375848, 0.7974861189606232]
