training_data_sizes: [0.1, 0.2, 0.3, 0.4, 0.5, 0.6]
times: [21.0, 55.0, 86.0, 115.0, 143.0, 175.0]
scores: [0.910868184613361, 0.9336941362287905, 0.9408363076690505, 0.975629299668701, 0.9937715168471704, 0.9546185462971604]
