training_data_sizes: [0.1, 0.2, 0.3, 0.4, 0.5, 0.6, 0.7]
times: [82.0, 173.0, 261.0, 351.0, 444.0, 531.0, 621.0]
scores: [0.8785131180477657, 0.9261144320316721, 1.0, 1.0, 1.0, 0.9603579222068714, 0.9566923482196876]
