training_data_sizes: [0.1, 0.2, 0.3, 0.4, 0.5, 0.6, 0.7, 0.8]
times: [120.53, 231.32, 344.21, 450.45, 568.82, 684.01, 788.65, 900.77]
scores: [0.8469999068381293, 0.7608607970774154, 0.8133222924445904, 0.9562381271493163, 0.9091507841556841, 0.9452314354540369, 1.0, 1.0]
