training_data_sizes: [0.1, 0.2, 0.3, 0.4, 0.5, 0.6, 0.7, 0.8]
times: [156.97, 304.47, 456.65, 605.16, 753.07, 909.55, 1057.08, 1201.26]
scores: [0.7735231074643761, 0.8976883221553358, 0.8307596241658441, 0.9198121693280221, 1.0, 0.9239552877829559, 0.9894099522799511, 1.0]
