training_data_sizes: [0.1, 0.2, 0.3, 0.4]
times: [177.27, 353.67, 526.79, 709.98]
scores: [0.6522596369011323, 0.6934069524190267, 0.7611312484839664, 0.6387646873546095]
