training_data_sizes: [0.1, 0.2, 0.3, 0.4]
times: [305.48, 601.99, 909.77, 1209.13]
scores: [0.7597436275339615, 0.8717567566557143, 0.8681439076366537, 0.8731295089433312]
