training_data_sizes: [0.1, 0.2, 0.3, 0.4]
times: [80.0, 176.0, 262.0, 356.0]
scores: [0.8197571942105897, 0.8479413512893588, 0.7996422023288328, 0.985486268076045]
