training_data_sizes: [0.1, 0.2, 0.3]
times: [86.0, 171.0, 265.0]
scores: [0.6850518885254187, 0.6281583158270476, 0.7091022697637596]
