training_data_sizes: [0.1, 0.2]
times: [508.38, 1002.56]
scores: [0.46458387033909665, 0.5824158991416891]
