training_data_sizes: [0.1, 0.2]
times: [117.0, 233.0]
scores: [0.9292406179967407, 0.8678496152438903]
