training_data_sizes: [0.1, 0.2, 0.3, 0.4, 0.5, 0.6, 0.7, 0.8, 0.9]
times: [106.67, 201.08, 305.3, 405.24, 502.36, 607.61, 702.52, 802.72, 907.05]
scores: [0.6718670090269521, 0.7820826752418241, 0.7790438347244841, 0.6726357540282997, 0.7723729612708832, 0.6394702392715798, 0.6841412050011175, 0.5982935557927969, 0.5575582327095703]
