training_data_sizes: [0.1, 0.2, 0.3, 0.4, 0.5, 0.6, 0.7, 0.8, 0.9]
times: [140.28, 275.23, 408.72, 535.61, 674.48, 800.77, 942.68, 1066.84, 1200.18]
scores: [0.8537025837496153, 0.8069916428396736, 0.9118878824262585, 0.9851439621979208, 0.8699673690703589, 0.9716259012090476, 1.0, 1.0, 0.9915253991815358]
