training_data_sizes: [0.1, 0.2, 0.3, 0.4, 0.5, 0.6]
times: [30.0, 72.0, 110.0, 156.0, 191.0, 231.0]
scores: [0.8317252738138426, 1.0, 0.9933353637901727, 0.9807735980056349, 1.0, 1.0]
