training_data_sizes: [0.1, 0.2, 0.3, 0.4, 0.5, 0.6, 0.7, 0.8]
times: [155.21, 303.18, 450.87, 602.16, 758.74, 906.9, 1058.45, 1200.57]
scores: [1.0, 0.8642121827342868, 0.9035767091118644, 1.0, 0.9832692269663721, 0.964696404711004, 1.0, 1.0]
