training_data_sizes: [0.1, 0.2, 0.3, 0.4, 0.5, 0.6, 0.7, 0.8, 0.9, 1.0]
times: [0.27, 0.45, 0.63, 0.78, 0.92, 1.11, 1.23, 1.4, 1.59, 1.71]
scores: [0.8999063791322315, 0.7629030741750493, 0.7068873067284362, 0.6481767885857026, 0.6254756401502375, 0.6180468866290478, 0.6027981621910043, 0.6130686794506617, 0.5963928965143865, 0.5880151234951787]
