training_data_sizes: [0.1, 0.2, 0.3, 0.4, 0.5, 0.6, 0.7, 0.8]
times: [139.74, 277.43, 421.43, 552.58, 696.81, 829.59, 968.82, 1104.93]
scores: [0.8751585113212017, 0.8695591772297586, 0.8847647311922204, 0.8787305789097176, 0.9812180087215403, 0.957741812355785, 0.8341739584260295, 0.9621140633676806]
