training_data_sizes: [0.1, 0.2, 0.3, 0.4, 0.5, 0.6]
times: [175.69, 336.29, 501.96, 667.72, 835.32, 1006.9]
scores: [0.5879925186268966, 0.5384889810337171, 0.5306220189465629, 0.5437120646059455, 0.6317058812629568, 0.46343805185589376]
