training_data_sizes: [0.1, 0.2]
times: [102.0, 210.0]
scores: [0.7247524365850521, 0.7815322274494885]
