training_data_sizes: [0.1, 0.2, 0.3, 0.4, 0.5, 0.6, 0.7, 0.8, 0.9, 1.0]
times: [2.53, 4.16, 6.2, 7.82, 9.22, 11.98, 13.03, 16.69, 18.02, 19.43]
scores: [0.43550712158623944, 0.43768279516671615, 0.4308563918452369, 0.43093679613816177, 0.42555380792001785, 0.42939264533864235, 0.4290395253800717, 0.4334679296024461, 0.43436583181709104, 0.43190326075361857]
