training_data_sizes: [0.1, 0.2, 0.3, 0.4, 0.5, 0.6, 0.7, 0.8]
times: [80.0, 177.0, 260.0, 352.0, 443.0, 535.0, 629.0, 715.0]
scores: [0.8735192096623854, 1.0, 1.0, 0.9733771982864631, 1.0, 1.0, 1.0, 1.0]
