training_data_sizes: [0.1, 0.2, 0.3, 0.4, 0.5, 0.6, 0.7, 0.8, 0.9, 1.0]
times: [2.77, 2.75, 3.17, 3.57, 4.02, 4.5, 4.99, 5.53, 5.89, 6.31]
scores: [0.9738112301648104, 0.9853898634523535, 0.9896757947267738, 0.9919476817502244, 0.9933695682180371, 0.9943381847396493, 0.9950507108040154, 0.9955989610137193, 0.9960303659673782, 0.996382374606992]
