training_data_sizes: [0.1, 0.2, 0.3, 0.4, 0.5, 0.6, 0.7, 0.8, 0.9, 1.0]
times: [127.28, 240.44, 362.32, 484.28, 606.02, 720.25, 845.91, 966.15, 1086.37, 1205.79]
scores: [0.9402379971290691, 0.9934046037496493, 0.9674924737771429, 1.0, 1.0, 1.0, 1.0, 1.0, 1.0, 1.0]
