training_data_sizes: [0.1, 0.2, 0.3, 0.4, 0.5, 0.6, 0.7, 0.8]
times: [167.9, 333.48, 494.24, 655.08, 822.25, 978.85, 1140.01, 1304.2]
scores: [0.7124500057941033, 0.9392208946119259, 0.9553364929993369, 1.0, 1.0, 1.0, 1.0, 1.0]
