training_data_sizes: [0.1, 0.2, 0.3, 0.4, 0.5]
times: [120.0, 250.0, 383.0, 515.0, 649.0]
scores: [0.6656641866826798, 0.7493741036169292, 0.866315128121184, 0.9409792000210705, 0.9965699962418838]
