training_data_sizes: [0.1, 0.2, 0.3, 0.4, 0.5, 0.6]
times: [129.0, 255.0, 381.0, 518.0, 640.0, 777.0]
scores: [0.7073948408268125, 0.6102143236543833, 0.691917738176353, 0.6975441244969575, 0.6417879722194466, 0.6337158682695764]
