training_data_sizes: [0.1, 0.2, 0.3, 0.4, 0.5, 0.6, 0.7]
times: [49.0, 97.0, 146.0, 195.0, 242.0, 295.0, 349.0]
scores: [0.7932484842860131, 0.8139722566600116, 0.8268271599401874, 1.0, 1.0, 1.0, 1.0]
