training_data_sizes: [0.1, 0.2, 0.3, 0.4, 0.5]
times: [45.0, 96.0, 146.0, 195.0, 245.0]
scores: [0.7943423584386354, 0.7629250851125329, 0.8587560083603062, 0.8128189883214868, 0.9686298651973082]
