training_data_sizes: [0.1, 0.2, 0.3, 0.4, 0.5, 0.6, 0.7, 0.8, 0.9]
times: [124.05, 248.19, 373.72, 494.13, 615.52, 738.06, 861.01, 986.83, 1102.63]
scores: [0.880141026463757, 0.8114496165591523, 0.9720101879525025, 0.909963731087559, 1.0, 0.963588422185635, 0.9074453446627081, 1.0, 1.0]
