training_data_sizes: [0.1, 0.2, 0.3, 0.4, 0.5, 0.6]
times: [32.0, 72.0, 119.0, 157.0, 196.0, 232.0]
scores: [0.5751374807764535, 0.5519945394417128, 0.5883525193837749, 0.6971070896723897, 0.6964241041714305, 0.7189827290290716]
