training_data_sizes: [0.1, 0.2, 0.3, 0.4, 0.5, 0.6, 0.7, 0.8, 0.9]
times: [82.13, 160.57, 235.19, 314.77, 397.18, 468.21, 552.02, 623.51, 709.56]
scores: [0.8550224119120868, 0.9064324594722865, 0.8998057095207863, 0.9257939612764943, 0.9960751051201372, 0.969411572467157, 1.0, 1.0, 1.0]
