training_data_sizes: [0.1, 0.2, 0.3, 0.4]
times: [176.92, 354.69, 527.02, 704.21]
scores: [0.6945057809812725, 0.8128827784030029, 0.7740855301804953, 0.8774193024986683]
