training_data_sizes: [0.1, 0.2, 0.3, 0.4, 0.5, 0.6, 0.7, 0.8, 0.9, 1.0]
times: [95.17, 186.91, 272.79, 365.89, 451.37, 546.3, 636.28, 721.06, 814.78, 907.21]
scores: [0.9008329554643595, 0.7957437325307684, 0.9464963569089401, 0.8777493756189392, 0.858327986482269, 0.8687488964323742, 0.769239843186927, 0.9377963987912648, 0.9052605720045028, 0.8737260928784529]
