training_data_sizes: [0.1, 0.2, 0.3, 0.4, 0.5]
times: [41.0, 93.0, 149.0, 199.0, 249.0]
scores: [0.9220225840722229, 0.8793811912432072, 0.9070346047832173, 0.8942751559772448, 0.9247148323648364]
