training_data_sizes: [0.1, 0.2, 0.3, 0.4, 0.5, 0.6, 0.7, 0.8]
times: [46.0, 95.0, 144.0, 190.0, 246.0, 298.0, 340.0, 394.0]
scores: [0.7739387200162542, 0.9614823548578413, 0.9786561629816437, 0.8377375072199547, 0.9752125010908794, 1.0, 1.0, 1.0]
