training_data_sizes: [0.1, 0.2, 0.3]
times: [76.0, 151.0, 231.0]
scores: [0.8598812410404735, 0.9570102743058528, 0.968836284261368]
