training_data_sizes: [0.1, 0.2, 0.3, 0.4, 0.5, 0.6, 0.7, 0.8, 0.9, 1.0]
times: [140.34, 286.28, 425.92, 569.98, 705.82, 849.72, 982.49, 1125.29, 1269.54, 1402.02]
scores: [0.7824302610006642, 0.824284170080736, 0.871062130050148, 0.945605419668095, 0.8471217587484718, 0.8744853697390301, 0.9029538332369835, 1.0, 1.0, 0.9638964151319434]
