training_data_sizes: [0.1, 0.2, 0.3]
times: [10.0, 35.0, 51.0]
scores: [0.8945057698166268, 0.9464746587211583, 1.0]
