training_data_sizes: [0.1, 0.2, 0.3, 0.4, 0.5, 0.6, 0.7, 0.8]
times: [168.61, 331.81, 497.44, 650.19, 813.12, 982.57, 1137.77, 1303.8]
scores: [0.6103991137751914, 0.6734401201434275, 0.7145741114130593, 0.7510355611884636, 0.9271121298828601, 0.8338749050148677, 0.8763586092225214, 0.9441785471941437]
