training_data_sizes: [0.1, 0.2]
times: [52.0, 113.0]
scores: [0.8675451062686119, 0.9552603432088109]
