training_data_sizes: [0.1, 0.2, 0.3, 0.4]
times: [183.09, 356.93, 534.48, 700.25]
scores: [0.9068435835934792, 0.8307624929637113, 0.9267919041213636, 0.7855328286941283]
