training_data_sizes: [0.1, 0.2, 0.3, 0.4, 0.5, 0.6, 0.7, 0.8]
times: [121.14, 231.58, 343.7, 456.86, 568.64, 684.22, 788.05, 903.81]
scores: [0.6457701665253248, 0.8038359524802293, 0.7264926554145539, 0.6857175835686465, 0.7332000444992514, 0.7196806411072438, 0.7575467063656813, 0.6813055430427569]
