training_data_sizes: [0.1, 0.2, 0.3, 0.4]
times: [37.0, 74.0, 119.0, 155.0]
scores: [0.5767924679723558, 0.5582144805155976, 0.6098348448915892, 0.6765293225848115]
