training_data_sizes: [0.1, 0.2, 0.3, 0.4, 0.5, 0.6, 0.7, 0.8, 0.9, 1.0]
times: [91.56, 187.57, 273.55, 360.39, 458.51, 541.91, 635.76, 727.53, 819.25, 900.43]
scores: [0.8739435343268993, 0.7946942525960885, 0.8654482907500721, 0.8860758499149195, 0.8964194023973374, 0.767010177880854, 0.8486909548168697, 0.9404686637475433, 0.8671756891940989, 0.9004031106870118]
