training_data_sizes: [0.1, 0.2, 0.3, 0.4, 0.5, 0.6, 0.7, 0.8, 0.9]
times: [89.02, 183.79, 267.29, 361.83, 452.85, 538.52, 625.8, 718.53, 807.76]
scores: [0.8884333477904616, 0.7726301121519715, 0.8415943084668617, 0.8808334626051236, 0.8237076186561643, 0.7966752516114335, 0.8743818451813408, 0.8363117379137222, 0.8034039435189676]
