training_data_sizes: [0.1, 0.2, 0.3, 0.4, 0.5]
times: [202.83, 409.07, 601.72, 801.25, 1007.29]
scores: [0.9142717815725441, 0.9898006579388595, 0.9160753800621126, 0.9369285717095521, 0.9043836459775363]
