training_data_sizes: [0.1, 0.2, 0.3]
times: [198.12, 526.99, 874.47]
scores: [0.998337065198727, 0.9979414817815025, 0.997346143012589]
