training_data_sizes: [0.1, 0.2, 0.3, 0.4, 0.5, 0.6]
times: [184.77, 375.97, 556.62, 738.26, 924.25, 1109.23]
scores: [0.7630507991505935, 0.8677996619665098, 0.8270232820686144, 0.9501011151037366, 0.8788159390666388, 1.0]
