training_data_sizes: [0.1, 0.2, 0.3, 0.4, 0.5]
times: [248.72, 486.17, 725.24, 969.57, 1208.65]
scores: [0.8057444788802881, 0.9421380016931905, 0.9277345483314451, 0.9066280988998439, 1.0]
