training_data_sizes: [0.1, 0.2, 0.3, 0.4, 0.5, 0.6, 0.7, 0.8, 0.9, 1.0]
times: [143.81, 282.37, 425.26, 560.9, 704.44, 848.77, 982.51, 1122.02, 1266.05, 1401.25]
scores: [0.8646799628060815, 0.8092614281992621, 0.84274254675347, 0.8299410140294041, 0.8408202314814146, 0.9201315144577495, 0.8076024788338922, 0.8107429975593141, 0.9338415420942976, 0.9640796502372857]
