training_data_sizes: [0.1, 0.2, 0.3, 0.4, 0.5, 0.6, 0.7, 0.8, 0.9, 1.0]
times: [73.82, 145.35, 212.4, 284.8, 351.72, 424.24, 493.87, 562.82, 638.74, 706.69]
scores: [0.8767093079877353, 0.9778804290101437, 1.0, 1.0, 1.0, 1.0, 1.0, 1.0, 1.0, 1.0]
