training_data_sizes: [0.1, 0.2, 0.3, 0.4]
times: [258.89, 508.09, 759.09, 1003.98]
scores: [0.9333194016851456, 0.995095441919908, 0.9634716880040666, 0.9213456747195246]
