training_data_sizes: [0.1, 0.2, 0.3, 0.4, 0.5, 0.6, 0.7]
times: [132.0, 274.0, 417.0, 556.0, 697.0, 834.0, 972.9999999999999]
scores: [0.8249159608483889, 0.9388171544723691, 0.8471532425127184, 0.9924322169995115, 0.9197338085894372, 0.9188128155987376, 0.869828037501102]
