training_data_sizes: [0.1, 0.2, 0.3, 0.4]
times: [309.65, 608.14, 901.66, 1202.6]
scores: [0.8582473701960682, 0.9628262247313183, 0.9076009193411188, 1.0]
