training_data_sizes: [0.1, 0.2, 0.3, 0.4, 0.5, 0.6]
times: [53.0, 112.0, 176.0, 238.0, 297.0, 357.0]
scores: [0.47835963137011533, 0.5952150598947981, 0.5395445983724255, 0.44561227903029044, 0.5194697222144488, 0.6415352368805367]
