training_data_sizes: [0.1, 0.2, 0.3, 0.4, 0.5, 0.6, 0.7, 0.8]
times: [26.0, 59.0, 85.0, 111.0, 148.0, 179.0, 208.0, 232.0]
scores: [0.831624279701388, 0.8490633896829789, 0.842174585652057, 0.9092787201290106, 0.9169448760974979, 0.9227343683322697, 0.9985948371208941, 1.0]
