training_data_sizes: [0.1, 0.2, 0.3]
times: [17.0, 32.0, 56.0]
scores: [0.6041644017652184, 0.7350290949757414, 0.6693807223448662]
