training_data_sizes: [0.1, 0.2, 0.3, 0.4, 0.5, 0.6, 0.7, 0.8]
times: [77.2, 159.3, 230.79, 304.94, 376.52, 454.68, 531.66, 609.92]
scores: [0.7386745628010953, 0.9128372041183344, 0.8218704776741461, 0.8043412264794496, 0.8270060823317706, 0.8926956647665423, 0.9795789527066254, 0.9946639708212268]
