training_data_sizes: [0.1, 0.2, 0.3, 0.4, 0.5, 0.6, 0.7, 0.8, 0.9, 1.0]
times: [25.58, 65.47, 107.43, 151.73, 201.4, 253.37, 302.72, 363.71, 423.12, 502.31]
scores: [0.9892490959828907, 0.9929538895123334, 0.993748670781023, 0.994170503424172, 0.9943487055245108, 0.9943073304627207, 0.994212883252862, 0.9940190688199174, 0.9938160688676552, 0.9936689105066022]
