training_data_sizes: [0.1, 0.2, 0.3, 0.4, 0.5, 0.6, 0.7]
times: [36.0, 72.0, 110.0, 157.0, 198.0, 236.0, 272.0]
scores: [0.6338630504152586, 0.8152673715324946, 0.7054390859482863, 0.8833749992947779, 0.9343459972099549, 0.8601402265255789, 0.9946765114742433]
