training_data_sizes: [0.1, 0.2]
times: [655.68, 1302.4]
scores: [0.932807138160954, 0.8564557073510048]
