training_data_sizes: [0.1, 0.2, 0.3, 0.4, 0.5]
times: [206.41, 408.32, 604.95, 805.31, 1005.5]
scores: [0.9126589052494691, 0.922480914234411, 0.844596754287011, 0.9194228013427341, 0.8856728079030143]
