training_data_sizes: [0.1, 0.2]
times: [350.97, 703.36]
scores: [0.5187353606774714, 0.6358971737145803]
