training_data_sizes: [0.1, 0.2]
times: [507.48, 1008.89]
scores: [0.7159246243393526, 0.7853713878156605]
