training_data_sizes: [0.1, 0.2, 0.3, 0.4]
times: [251.53, 502.06, 759.56, 1009.87]
scores: [0.8379956894157969, 0.931226430984126, 0.9615393125943421, 0.9425715869655429]
