training_data_sizes: [0.1, 0.2, 0.3, 0.4, 0.5, 0.6]
times: [218.84, 437.0, 656.66, 872.83, 1086.88, 1303.34]
scores: [0.8664033068531729, 0.860284033424928, 0.9533792028607899, 0.9016224110519254, 1.0, 0.9829080366341191]
