training_data_sizes: [0.1, 0.2, 0.3, 0.4, 0.5, 0.6]
times: [126.15, 237.75, 353.95, 467.94, 588.53, 704.01]
scores: [0.6508362336433626, 0.6572914012208243, 0.6404507849926695, 0.589543387778525, 0.5192193020631161, 0.6386223220354564]
