training_data_sizes: [0.1, 0.2, 0.3]
times: [234.82, 469.02, 700.81]
scores: [0.9146008588662506, 0.9168969021436032, 0.8765217757415877]
