training_data_sizes: [0.1, 0.2]
times: [508.78, 1003.43]
scores: [0.9475502517480479, 0.8844816802621875]
