training_data_sizes: [0.1, 0.2, 0.3, 0.4, 0.5, 0.6, 0.7, 0.8, 0.9, 1.0]
times: [81.42, 161.27, 243.61, 328.18, 401.84, 482.95, 569.42, 645.66, 723.37, 805.12]
scores: [0.8809638474976844, 0.7857636257555012, 0.8196809602819937, 0.9644971891100034, 0.8760753146267739, 0.9011948538141296, 0.8884524194709897, 1.0, 1.0, 0.9988705153988526]
