training_data_sizes: [0.1, 0.2, 0.3, 0.4, 0.5, 0.6, 0.7, 0.8, 0.9, 1.0]
times: [106.89, 201.01, 307.86, 406.41, 500.88, 607.63, 700.82, 809.76, 904.84, 1006.95]
scores: [0.7773930433042207, 0.8534198328265528, 0.7806151122467893, 0.7704917534805866, 0.8304168155548326, 0.9607455098564273, 0.8534749848132483, 0.9387754811332132, 0.9656467323283282, 0.8504160221109025]
