training_data_sizes: [0.1, 0.2, 0.3, 0.4, 0.5]
times: [98.0, 195.0, 292.0, 393.0, 495.0]
scores: [0.5165115872430686, 0.589778801483909, 0.7300260017938365, 0.6957255740751026, 0.7749122849094578]
