training_data_sizes: [0.1, 0.2, 0.3, 0.4, 0.5, 0.6, 0.7, 0.8, 0.9, 1.0]
times: [297.26, 373.4, 448.41, 502.72, 550.55, 548.14, 623.01, 658.03, 722.63, 808.82]
scores: [1.0, 1.0, 1.0, 1.0, 0.999999994358, 0.9999999942920437, 0.9999999921699028, 0.9999999653877185, 0.9999999837549112, 0.9999999853659234]
