training_data_sizes: [0.1, 0.2, 0.3, 0.4, 0.5, 0.6, 0.7]
times: [33.0, 71.0, 110.0, 154.0, 197.0, 230.0, 278.0]
scores: [0.8839196827168527, 0.7876889364323261, 0.7854074870125032, 0.8909989204051509, 0.9219592783429036, 0.8963550683367905, 0.8123266415000903]
