training_data_sizes: [0.1, 0.2, 0.3, 0.4, 0.5, 0.6, 0.7, 0.8]
times: [137.0, 275.0, 414.0, 557.0, 693.0, 832.0, 976.9999999999999, 1111.0]
scores: [0.8343363194061837, 0.7254408300716475, 0.9078830339763069, 0.7807352894040438, 0.9020379629874453, 0.7967240043634172, 0.7072143461150877, 0.8246133221800275]
