training_data_sizes: [0.1, 0.2, 0.3, 0.4, 0.5, 0.6]
times: [33.0, 78.0, 113.0, 154.0, 193.0, 231.0]
scores: [0.911272704125625, 0.9684185237156631, 0.9955913070434058, 1.0, 1.0, 1.0]
