training_data_sizes: [0.1, 0.2, 0.3, 0.4, 0.5, 0.6]
times: [39.0, 79.0, 110.0, 159.0, 191.0, 234.0]
scores: [0.8982815477762638, 0.8651334894654066, 0.9789602073686046, 0.9306908816732782, 0.9514198144688691, 0.8427906037445767]
