training_data_sizes: [0.1, 0.2, 0.3, 0.4, 0.5]
times: [76.0, 151.0, 238.0, 318.0, 393.0]
scores: [0.9315945030177899, 0.7812134222999043, 0.873628847062988, 0.8474819816209798, 0.7762343531866843]
