training_data_sizes: [0.1, 0.2, 0.3]
times: [270.64, 538.58, 805.52]
scores: [0.9061603660189576, 0.9491474561566469, 0.8810284932847885]
