training_data_sizes: [0.1, 0.2, 0.3, 0.4, 0.5, 0.6, 0.7]
times: [187.35, 380.09, 564.43, 749.58, 928.87, 1120.5, 1305.58]
scores: [0.8721884846745767, 0.974453501949508, 0.8717229992845443, 0.8865608917659624, 1.0, 0.8661765147993695, 1.0]
