training_data_sizes: [0.1, 0.2, 0.3, 0.4, 0.5]
times: [118.0, 236.0, 359.0, 476.0, 596.0]
scores: [0.8082590343551743, 0.9201040164792329, 0.9638244456590066, 0.891566555254345, 0.842905574370263]
