training_data_sizes: [0.1, 0.2, 0.3, 0.4]
times: [328.55, 657.72, 976.6, 1304.93]
scores: [0.6967935721152703, 0.83872182754758, 0.9060294300304694, 0.9331280533339861]
