training_data_sizes: [0.1, 0.2, 0.3, 0.4, 0.5, 0.6, 0.7, 0.8, 0.9]
times: [77.0, 155.0, 232.0, 314.0, 393.0, 471.0, 555.0, 634.0, 712.0]
scores: [0.6965143576137606, 0.560066012940855, 0.6854862593657618, 0.7718138320628323, 0.7230104735347906, 0.8733036398141878, 0.839862955891705, 0.9243896403828653, 0.9550201627799981]
