training_data_sizes: [0.1, 0.2, 0.3]
times: [22.0, 57.0, 83.0]
scores: [0.7372500016755277, 0.8420021635341023, 0.9037708131970177]
