training_data_sizes: [0.1, 0.2, 0.3, 0.4, 0.5, 0.6, 0.7, 0.8]
times: [134.0, 270.0, 410.0, 553.0, 691.0, 839.0, 977.9999999999999, 1115.0]
scores: [0.9159089418117903, 0.8718650426682109, 0.8799940306782488, 0.821084157870358, 0.9325484527115591, 0.8219477773099917, 0.9160401222205272, 1.0]
