training_data_sizes: [0.1, 0.2, 0.3, 0.4, 0.5, 0.6, 0.7, 0.8]
times: [139.0, 274.0, 412.0, 552.0, 694.0, 831.0, 977.9999999999999, 1116.0]
scores: [0.8165537984054012, 1.0, 0.9900852914341961, 1.0, 0.9168828811853268, 1.0, 1.0, 0.9540987127066431]
