training_data_sizes: [0.1, 0.2, 0.3, 0.4, 0.5, 0.6, 0.7, 0.8]
times: [30.0, 78.0, 113.0, 155.0, 196.0, 236.0, 270.0, 315.0]
scores: [0.9611066911916722, 0.9569987246378175, 1.0, 0.9743106435923707, 1.0, 1.0, 1.0, 1.0]
