training_data_sizes: [0.1, 0.2, 0.3, 0.4, 0.5]
times: [21.0, 50.0, 83.0, 118.0, 149.0]
scores: [0.7744482953007581, 0.8631702374562746, 0.8103253012313911, 0.7804590882765126, 0.9595523502714103]
