training_data_sizes: [0.1, 0.2, 0.3, 0.4, 0.5, 0.6, 0.7, 0.8]
times: [15.0, 33.0, 58.0, 76.0, 96.0, 117.0, 135.0, 150.0]
scores: [0.6054231200991349, 0.5352729947233963, 0.6288027957250752, 0.6330109765237665, 0.6338121736676843, 0.7467218135371477, 0.803897921123194, 0.8890294248600572]
