training_data_sizes: [0.1, 0.2, 0.3, 0.4, 0.5, 0.6, 0.7]
times: [149.36, 291.23, 432.66, 574.75, 715.21, 865.14, 1001.91]
scores: [0.5881026127962756, 0.5089714634137008, 0.4510699430281971, 0.4610415801169138, 0.5593841564149995, 0.6339941700247491, 0.7081072629427234]
