training_data_sizes: [0.1, 0.2, 0.3, 0.4, 0.5]
times: [228.54, 447.97, 669.85, 884.81, 1104.83]
scores: [0.8104630276331597, 0.9083022816205247, 0.8549441765937698, 0.9655808769567233, 0.8893364492975502]
