training_data_sizes: [0.1, 0.2, 0.3, 0.4, 0.5, 0.6, 0.7, 0.8, 0.9]
times: [146.47, 290.6, 437.34, 584.24, 731.55, 867.2, 1018.06, 1159.42, 1302.38]
scores: [0.6736446262598504, 0.7125200577230228, 0.7040117561970173, 0.9204992423418392, 0.9339388157325622, 0.9930223880392065, 1.0, 1.0, 1.0]
