training_data_sizes: [0.1, 0.2, 0.3, 0.4, 0.5, 0.6, 0.7, 0.8, 0.9]
times: [87.56, 159.31, 233.94, 315.46, 398.87, 471.7, 553.33, 629.65, 706.95]
scores: [0.5205797093946011, 0.6218696508430132, 0.6158636524423379, 0.6142706474441153, 0.5772041242289824, 0.66717925701436, 0.7923745963532631, 0.8870068425954062, 0.8077176192053002]
