training_data_sizes: [0.1, 0.2, 0.3, 0.4]
times: [203.75, 404.56, 601.78, 806.38]
scores: [0.8070199805123988, 0.9299907151323632, 0.8716514407141409, 0.8859301663578513]
