training_data_sizes: [0.1, 0.2, 0.3, 0.4, 0.5, 0.6, 0.7, 0.8]
times: [162.75, 330.15, 496.83, 651.77, 813.37, 981.89, 1138.12, 1307.78]
scores: [0.8121197928043735, 0.7905488201334123, 0.9013634706283151, 0.8495508073728792, 0.838364030278811, 0.8900429343394913, 0.8993375977142649, 0.7923931464155674]
