training_data_sizes: [0.1, 0.2, 0.3, 0.4, 0.5, 0.6]
times: [69.0, 138.0, 205.0, 277.0, 349.0, 416.0]
scores: [0.9298637370306004, 0.9594716071607101, 1.0, 0.8388823293165097, 1.0, 0.9092585380066662]
