training_data_sizes: [0.1, 0.2, 0.3, 0.4, 0.5, 0.6, 0.7, 0.8, 0.9]
times: [87.0, 173.0, 268.0, 351.0, 449.0, 532.0, 627.0, 713.0, 809.0]
scores: [0.8455211689979933, 0.8170881531967373, 0.839410573096619, 0.9302062131359312, 0.8957546816227153, 1.0, 1.0, 1.0, 1.0]
