training_data_sizes: [0.1, 0.2, 0.3, 0.4]
times: [303.36, 606.75, 909.11, 1206.04]
scores: [0.9338247509340538, 0.8794154299215743, 0.9031575380873158, 1.0]
