training_data_sizes: [0.1, 0.2, 0.3, 0.4]
times: [257.0, 501.08, 751.81, 1001.12]
scores: [0.8276704661774363, 0.9672268866179041, 0.9485772255154179, 0.9769720555538238]
