training_data_sizes: [0.1, 0.2, 0.3, 0.4]
times: [59.0, 115.0, 171.0, 230.0]
scores: [0.6993335285041662, 0.6552797716425736, 0.6996880250201918, 0.631810170406516]
