training_data_sizes: [0.1, 0.2, 0.3, 0.4, 0.5, 0.6, 0.7, 0.8, 0.9]
times: [114.0, 230.0, 354.0, 472.0, 590.0, 713.0, 833.0, 951.0, 1073.0]
scores: [0.9915000708320683, 1.0, 0.9097360894823219, 1.0, 1.0, 0.9230936450301841, 1.0, 1.0, 1.0]
