training_data_sizes: [0.1, 0.2, 0.3, 0.4, 0.5, 0.6, 0.7, 0.8, 0.9, 1.0]
times: [8.23, 25.37, 52.59, 89.52, 133.71, 188.51, 257.44, 329.22, 413.84, 513.99]
scores: [0.784452736220734, 0.7863645128309025, 0.7910841737566647, 0.7910441033106578, 0.7896813547826985, 0.7901249349671468, 0.7882699932275062, 0.7886025092936638, 0.7883954469733041, 0.7883903659113801]
