training_data_sizes: [0.1, 0.2, 0.3, 0.4, 0.5, 0.6, 0.7, 0.8, 0.9, 1.0]
times: [57.35, 122.27, 183.7, 234.91, 295.64, 361.81, 426.26, 516.2, 550.53, 676.69]
scores: [0.6290957354639969, 0.5776217310435068, 0.5650372552274575, 0.5581501186638517, 0.5492239525091498, 0.5413410328671445, 0.5424147570188692, 0.55043857854641, 0.5433441493458294, 0.5414001740617499]
