training_data_sizes: [0.1, 0.2, 0.3, 0.4, 0.5, 0.6, 0.7, 0.8, 0.9, 1.0]
times: [18.0, 33.0, 58.0, 79.0, 98.0, 115.0, 136.0, 156.0, 175.0, 190.0]
scores: [0.8611330703448052, 0.8824717694725595, 0.9863607471905548, 0.9796247580122586, 1.0, 0.925760897101866, 0.9448620218414419, 0.942505494320903, 0.9613924970132153, 0.9756210428348304]
