training_data_sizes: [0.1, 0.2, 0.3, 0.4, 0.5, 0.6, 0.7]
times: [201.73, 404.51, 608.12, 806.47, 1005.09, 1209.57, 1407.57]
scores: [0.7437432458200426, 0.7092972823317183, 0.7952371844179194, 0.8083343493016961, 0.7715465963534367, 0.9611167541074082, 1.0]
