training_data_sizes: [0.1, 0.2]
times: [350.41, 706.74]
scores: [0.7698681806038563, 0.7756001460641366]
