training_data_sizes: [0.1, 0.2, 0.3, 0.4, 0.5, 0.6, 0.7]
times: [106.19, 206.18, 302.15, 406.17, 504.19, 609.96, 709.58]
scores: [0.9955186132448107, 0.882109360571616, 1.0, 1.0, 0.9084711999911081, 0.9526909331580007, 1.0]
