training_data_sizes: [0.1, 0.2, 0.3, 0.4, 0.5, 0.6, 0.7, 0.8, 0.9]
times: [131.94, 247.79, 367.84, 494.77, 613.49, 740.57, 860.2, 984.93, 1101.88]
scores: [0.6338292738966209, 0.7579161616768617, 0.7315010293536619, 0.8037790058925766, 0.9681404559396609, 0.8586383482272137, 0.9465938583698281, 1.0, 1.0]
