training_data_sizes: [0.1, 0.2, 0.3]
times: [367.04, 738.19, 1101.22]
scores: [0.8969705439045356, 0.9409641457692564, 1.0]
