training_data_sizes: [0.1, 0.2, 0.3, 0.4, 0.5, 0.6, 0.7, 0.8, 0.9]
times: [79.78, 157.64, 234.51, 317.88, 396.1, 468.58, 546.93, 631.25, 703.56]
scores: [0.6477488532790514, 0.6733527591410164, 0.7964943682073908, 0.918458010467125, 0.8947495753407557, 1.0, 1.0, 1.0, 1.0]
