training_data_sizes: [0.1, 0.2, 0.3, 0.4, 0.5]
times: [241.52, 488.13, 720.95, 960.24, 1207.46]
scores: [0.8081974123108424, 0.7061824767050039, 0.8067629295866705, 0.7470174933592111, 0.6855153136199497]
