training_data_sizes: [0.1, 0.2, 0.3, 0.4, 0.5, 0.6, 0.7, 0.8]
times: [34.0, 73.0, 114.0, 152.0, 192.0, 234.0, 272.0, 317.0]
scores: [0.7074619712450997, 0.6426606724616539, 0.8159758638262297, 0.8129646044527327, 0.922402326255919, 0.951272936162785, 0.929574485608142, 0.9276071385879832]
