training_data_sizes: [0.1, 0.2, 0.3, 0.4, 0.5, 0.6, 0.7, 0.8, 0.9, 1.0]
times: [24.0, 53.0, 88.0, 117.0, 148.0, 172.0, 204.0, 231.0, 269.0, 292.0]
scores: [0.8517146946065075, 0.7955001212902214, 0.7412611175220809, 0.9076860022394858, 0.7662140465742369, 0.9205297302959851, 0.9626751906900148, 0.906601032632988, 0.8434016496801088, 0.880877468935854]
