training_data_sizes: [0.1, 0.2, 0.3, 0.4, 0.5, 0.6, 0.7]
times: [30.0, 76.0, 119.0, 156.0, 197.0, 236.0, 273.0]
scores: [0.7399797892121398, 0.8523036027611206, 0.9202526144453107, 0.9668843974777714, 0.9558298198047228, 0.8293257250067969, 0.9422933592131963]
