training_data_sizes: [0.1, 0.2, 0.3]
times: [402.91, 807.04, 1209.65]
scores: [0.5938546992303847, 0.4641699393487442, 0.5447372875094052]
