training_data_sizes: [0.1, 0.2, 0.3, 0.4]
times: [182.22, 356.23, 534.57, 703.49]
scores: [0.87234071190213, 0.9197395218262884, 0.8105242842102884, 0.8634777980481276]
