training_data_sizes: [0.1, 0.2, 0.3, 0.4, 0.5, 0.6, 0.7, 0.8, 0.9, 1.0]
times: [49.0, 90.0, 149.0, 193.0, 243.0, 296.0, 341.0, 395.0, 440.0, 496.0]
scores: [0.8663470036858074, 0.88338821082724, 0.9306042855417496, 0.9381609494869789, 0.8678046842127425, 0.8753460042895853, 0.9859280227234288, 1.0, 1.0, 1.0]
