training_data_sizes: [0.1, 0.2, 0.3]
times: [234.54, 474.52, 704.22]
scores: [0.6804093623659513, 0.738739079996291, 0.8758577718599627]
