training_data_sizes: [0.1, 0.2, 0.3, 0.4, 0.5]
times: [98.0, 191.0, 295.0, 398.0, 496.0]
scores: [0.8798962599513388, 0.9881210629715657, 0.9567554757237755, 0.9372148574095946, 0.9834461385679387]
