training_data_sizes: [0.1, 0.2, 0.3]
times: [204.64, 405.83, 603.73]
scores: [1.0, 0.9844782729559689, 0.9404083373461474]
