training_data_sizes: [0.1, 0.2, 0.3, 0.4, 0.5, 0.6, 0.7, 0.8, 0.9, 1.0]
times: [0.02, 0.02, 0.03, 0.04, 0.04, 0.05, 0.06, 0.09, 0.08, 0.07]
scores: [1.0, 1.0, 1.0, 0.9972547777425826, 0.9924434890235163, 0.9840043134435659, 0.9806978980629206, 0.9738659184066463, 0.9691898231685312, 0.9639534057816606]
