training_data_sizes: [0.1, 0.2, 0.3, 0.4, 0.5, 0.6, 0.7, 0.8]
times: [95.85, 183.06, 266.08, 353.3, 437.96, 526.74, 618.64, 700.37]
scores: [0.5945807517480212, 0.5181724068059529, 0.5007190310744475, 0.6147086806640057, 0.7455501696489306, 0.6188828100200314, 0.7628481389349893, 0.7718174924548947]
