training_data_sizes: [0.1, 0.2, 0.3, 0.4, 0.5, 0.6, 0.7, 0.8]
times: [126.56, 250.62, 376.48, 507.16, 632.22, 753.68, 875.73, 1009.15]
scores: [0.9566794409956937, 0.8170549515035745, 1.0, 0.9478952841183834, 1.0, 0.9998544228560211, 1.0, 1.0]
