training_data_sizes: [0.1, 0.2, 0.3, 0.4, 0.5, 0.6, 0.7]
times: [165.68, 321.36, 477.38, 630.57, 792.07, 946.37, 1102.04]
scores: [0.931067795823468, 1.0, 1.0, 1.0, 0.9368397691685635, 1.0, 1.0]
