training_data_sizes: [0.1, 0.2, 0.3]
times: [43.0, 91.0, 140.0]
scores: [0.7473916713321134, 0.7991814992503947, 0.9434950988272031]
