training_data_sizes: [0.1, 0.2, 0.3, 0.4, 0.5, 0.6, 0.7]
times: [143.22, 291.83, 432.52, 579.42, 717.28, 864.59, 1009.82]
scores: [0.7106650242898177, 0.72243986958271, 0.8270139960209714, 0.7051864186092066, 0.6890824195187624, 0.793948892388747, 0.7272175967992748]
