training_data_sizes: [0.1, 0.2, 0.3, 0.4, 0.5, 0.6, 0.7, 0.8, 0.9, 1.0]
times: [32.67, 37.22, 40.06, 40.39, 43.0, 45.83, 46.32, 45.21, 48.26, 50.6]
scores: [0.22072316331623731, 0.22115681329687098, 0.2226236987193433, 0.22231650444819684, 0.2214798310179552, 0.2209100308422356, 0.22109662039059752, 0.22036356611743324, 0.2199470103301755, 0.21989151440127253]
