training_data_sizes: [0.1, 0.2, 0.3, 0.4, 0.5, 0.6, 0.7]
times: [67.88, 208.41, 315.66, 526.66, 739.32, 971.09, 1074.78]
scores: [0.9992015443451795, 0.999770122945679, 0.9995025573842456, 0.9994621937863213, 0.9989812498474153, 0.9986940084789939, 0.9993189928002172]
