training_data_sizes: [0.1, 0.2, 0.3, 0.4, 0.5]
times: [247.74, 484.03, 723.09, 966.34, 1203.85]
scores: [0.8583881064960419, 0.9472997164876675, 0.9035479953014065, 1.0, 0.9673776889940787]
