training_data_sizes: [0.1, 0.2, 0.3, 0.4]
times: [300.89, 601.02, 902.19, 1203.57]
scores: [0.845593417169936, 0.962695783661002, 1.0, 1.0]
