training_data_sizes: [0.1, 0.2, 0.3, 0.4, 0.5, 0.6, 0.7, 0.8]
times: [126.23, 259.19, 377.84, 505.02, 628.0, 750.16, 877.18, 1009.66]
scores: [0.9162177821958213, 0.9384610366153173, 0.828759347533502, 0.8666740352495795, 0.8516761823300127, 1.0, 0.8839687526386513, 1.0]
