training_data_sizes: [0.1, 0.2, 0.3, 0.4, 0.5, 0.6, 0.7, 0.8]
times: [163.91, 329.0, 490.42, 653.48, 812.92, 981.1, 1143.9, 1304.95]
scores: [0.6722321962103464, 0.6274330765379638, 0.7545596390356525, 0.9012034404014242, 0.8924496885373869, 0.8953269303537688, 0.9466139600982086, 1.0]
