training_data_sizes: [0.1, 0.2, 0.3, 0.4, 0.5, 0.6, 0.7, 0.8]
times: [109.42, 206.13, 305.94, 408.34, 509.19, 604.04, 708.64, 803.21]
scores: [0.7165890308766122, 0.6656303400283001, 0.6612720011763471, 0.5979674930656037, 0.5193184680917101, 0.5175884295833233, 0.6073268403383937, 0.5187842371687709]
