training_data_sizes: [0.1, 0.2]
times: [456.26, 901.89]
scores: [0.7040967179239104, 0.7530655470091993]
