training_data_sizes: [0.1, 0.2, 0.3, 0.4, 0.5, 0.6, 0.7, 0.8, 0.9]
times: [131.13, 252.56, 369.41, 496.27, 615.94, 741.96, 860.16, 986.71, 1108.57]
scores: [0.5645933635470617, 0.5675835675540978, 0.5159313977448287, 0.6961228785038878, 0.7315026212455764, 0.6883935651012153, 0.8277971157250005, 0.9216062817653736, 0.9255689613315585]
