training_data_sizes: [0.1, 0.2]
times: [509.27, 1007.53]
scores: [0.8566542535630416, 0.8273210261524074]
