training_data_sizes: [0.1, 0.2, 0.3, 0.4, 0.5]
times: [80.0, 172.0, 260.0, 358.0, 444.0]
scores: [0.9933605674329863, 0.9763899725534053, 1.0, 0.9224839176158812, 0.9676502946143459]
