training_data_sizes: [0.1, 0.2, 0.3, 0.4, 0.5, 0.6, 0.7, 0.8, 0.9, 1.0]
times: [26.0, 58.0, 85.0, 115.0, 144.0, 170.0, 203.0, 231.0, 267.0, 299.0]
scores: [0.862469761097461, 0.842374651790555, 0.918111792355824, 0.8848790584420144, 0.8603885212305926, 0.8977978280313161, 1.0, 1.0, 1.0, 1.0]
