training_data_sizes: [0.1, 0.2]
times: [659.9, 1303.39]
scores: [0.9022604999082128, 0.9872726565904504]
