training_data_sizes: [0.1, 0.2, 0.3, 0.4, 0.5, 0.6, 0.7, 0.8, 0.9]
times: [58.0, 119.0, 171.0, 232.0, 291.0, 353.0, 416.0, 474.0, 534.0]
scores: [0.9006614607334329, 0.8005245228539994, 0.7715329890413735, 0.9314892321441555, 0.8360413162734235, 0.8727285516453659, 0.9678559508451816, 1.0, 0.9842035740428339]
