training_data_sizes: [0.1, 0.2, 0.3, 0.4]
times: [25.0, 53.0, 87.0, 119.0]
scores: [0.9416383429969353, 0.9866060933951404, 0.9073237162722425, 0.857959873219178]
