training_data_sizes: [0.1, 0.2, 0.3, 0.4, 0.5, 0.6]
times: [47.0, 94.0, 142.0, 197.0, 249.0, 296.0]
scores: [0.5165706471860663, 0.6065057339476062, 0.6500859756327838, 0.5826336712007282, 0.5273201842017982, 0.5556324889112637]
