training_data_sizes: [0.1, 0.2]
times: [459.25, 906.87]
scores: [0.7794088039778654, 0.747743779338675]
