training_data_sizes: [0.1, 0.2, 0.3, 0.4, 0.5, 0.6, 0.7, 0.8, 0.9]
times: [116.86, 224.82, 337.82, 448.69, 556.09, 674.73, 786.13, 892.86, 1007.29]
scores: [0.8697283918936494, 0.8309483522541952, 0.7420534525678095, 0.683807654021579, 0.8085365784081907, 0.7584388476723606, 0.7692295390252424, 0.6518303766862211, 0.7507654723372933]
