training_data_sizes: [0.1, 0.2, 0.3, 0.4, 0.5, 0.6, 0.7, 0.8, 0.9]
times: [156.36, 314.09, 467.89, 629.45, 778.73, 940.72, 1091.47, 1254.01, 1402.73]
scores: [0.9125315410731047, 0.7777394796998549, 0.8978398086881839, 0.8373174102672142, 0.874956830931398, 0.9340426700784684, 0.8490004682575704, 0.8439134142874599, 0.8161373376793185]
