training_data_sizes: [0.1, 0.2, 0.3, 0.4]
times: [78.0, 159.0, 239.0, 311.0]
scores: [0.8416703980286133, 0.9947064073676891, 1.0, 0.938683320001218]
