training_data_sizes: [0.1, 0.2, 0.3, 0.4]
times: [24.0, 57.0, 80.0, 115.0]
scores: [0.8053500831752785, 0.6538625910604059, 0.6595149582743949, 0.8287163332693851]
