training_data_sizes: [0.1, 0.2, 0.3, 0.4]
times: [14.0, 37.0, 52.0, 73.0]
scores: [0.9536988665099264, 0.9315156243763787, 1.0, 1.0]
