training_data_sizes: [0.1, 0.2, 0.3, 0.4]
times: [357.14, 704.23, 1054.03, 1402.37]
scores: [0.8557183459591773, 0.8108888122303106, 0.9407101538515967, 0.9779891788998041]
