training_data_sizes: [0.1, 0.2, 0.3, 0.4, 0.5, 0.6, 0.7, 0.8]
times: [24.0, 51.0, 87.0, 113.0, 146.0, 171.0, 206.0, 236.0]
scores: [0.5556353675144894, 0.6034423589005579, 0.534953422811475, 0.584388901621752, 0.4564996205563536, 0.4883019479382946, 0.5792188003051584, 0.566038517028466]
