training_data_sizes: [0.1, 0.2, 0.3, 0.4]
times: [24.0, 55.0, 83.0, 116.0]
scores: [0.9871598222958806, 0.9720182154488755, 0.9843221049902469, 1.0]
