training_data_sizes: [0.1, 0.2, 0.3, 0.4, 0.5]
times: [206.11, 409.45, 601.18, 805.06, 1002.88]
scores: [1.0, 0.9436235906083534, 0.9463392734543175, 1.0, 1.0]
