training_data_sizes: [0.1, 0.2, 0.3, 0.4, 0.5, 0.6]
times: [242.89, 473.49, 701.0, 940.5, 1173.89, 1408.28]
scores: [0.8021283947043287, 0.7068188103737401, 0.7450592259169977, 0.8800984973031281, 0.9561349099352645, 0.9625842134806056]
