training_data_sizes: [0.1, 0.2, 0.3, 0.4, 0.5, 0.6, 0.7, 0.8, 0.9]
times: [93.88, 187.58, 268.93, 359.17, 445.22, 537.57, 631.0, 713.02, 809.11]
scores: [0.9262016300882345, 0.8760586963915523, 0.9884178113712896, 0.9933894725736954, 1.0, 1.0, 1.0, 1.0, 1.0]
