training_data_sizes: [0.1, 0.2, 0.3, 0.4, 0.5, 0.6, 0.7, 0.8, 0.9]
times: [142.52, 274.74, 404.61, 538.81, 668.94, 806.94, 940.19, 1073.23, 1205.94]
scores: [0.6863876674896106, 0.7938599040507863, 0.8652406591593318, 0.9529346142073183, 0.9614222702025714, 0.9461244755001462, 1.0, 1.0, 1.0]
