training_data_sizes: [0.1, 0.2, 0.3]
times: [239.9, 475.45, 708.64]
scores: [0.7426561947074186, 0.8927896981684502, 0.8302075336097776]
