training_data_sizes: [0.1, 0.2, 0.3, 0.4, 0.5, 0.6]
times: [241.86, 471.03, 703.51, 938.36, 1167.68, 1407.01]
scores: [0.6498675513134892, 0.5147723843434453, 0.6171956682406465, 0.6964045840573503, 0.7528791900208283, 0.7180298036237516]
