training_data_sizes: [0.1, 0.2, 0.3, 0.4, 0.5, 0.6]
times: [139.35, 268.74, 402.28, 535.93, 670.28, 809.86]
scores: [0.46718142466909623, 0.47646556851652755, 0.4991075073363576, 0.5071885565099932, 0.7093937394766451, 0.7310400338839712]
