training_data_sizes: [0.1, 0.2, 0.3, 0.4, 0.5, 0.6, 0.7, 0.8, 0.9, 1.0]
times: [132.0, 277.0, 416.0, 555.0, 691.0, 838.0, 973.9999999999999, 1114.0, 1251.0, 1399.0]
scores: [0.9308930467501448, 0.8310396192514804, 0.8308323887631925, 0.9803901434155509, 0.9442924743103558, 0.8826218381755297, 1.0, 1.0, 0.9769470691020112, 0.9767615231125757]
