training_data_sizes: [0.1, 0.2, 0.3, 0.4, 0.5, 0.6, 0.7, 0.8, 0.9, 1.0]
times: [60.1, 126.08, 187.63, 245.98, 301.9, 362.62, 429.61, 485.83, 542.1, 609.5]
scores: [1.0, 1.0, 0.9519847053663915, 0.9215364332591371, 1.0, 1.0, 1.0, 1.0, 1.0, 1.0]
