training_data_sizes: [0.1, 0.2, 0.3]
times: [124.0, 253.0, 386.0]
scores: [0.47694260148402373, 0.5451465147510904, 0.6653706633533015]
