training_data_sizes: [0.1, 0.2, 0.3, 0.4, 0.5, 0.6, 0.7, 0.8]
times: [168.64, 328.07, 496.08, 657.86, 819.88, 984.43, 1141.48, 1309.17]
scores: [0.7875940816857699, 0.8549934411826678, 0.8726443067861116, 0.8502749500654115, 0.6919504499062943, 0.6937030565167666, 0.7452278749388892, 0.6984474599134497]
