training_data_sizes: [0.1, 0.2, 0.3, 0.4, 0.5, 0.6, 0.7, 0.8]
times: [90.07, 184.13, 268.65, 355.6, 445.08, 532.27, 618.19, 709.91]
scores: [0.8933080564069715, 0.8573389801182316, 0.8040899279117649, 0.7667063958636919, 0.7885638901013068, 0.6835780098848439, 0.6629207695207657, 0.7058514328551115]
