training_data_sizes: [0.1, 0.2, 0.3, 0.4, 0.5, 0.6, 0.7]
times: [193.92, 373.18, 562.35, 749.11, 930.81, 1123.45, 1304.34]
scores: [0.8384057120352364, 0.8361379518101555, 0.8181618637108603, 1.0, 1.0, 1.0, 1.0]
