training_data_sizes: [0.1, 0.2, 0.3, 0.4]
times: [58.0, 111.0, 174.0, 235.0]
scores: [0.6826789192150333, 0.5882252320154269, 0.6080251335910575, 0.6638992913775835]
