training_data_sizes: [0.1, 0.2, 0.3]
times: [78.0, 150.0, 237.0]
scores: [0.8056705658969328, 0.8509053112179188, 0.8677702438232962]
