training_data_sizes: [0.1, 0.2, 0.3]
times: [94.0, 194.0, 290.0]
scores: [0.8937228985660648, 0.8992754037810559, 0.7878597309844904]
