training_data_sizes: [0.1, 0.2, 0.3, 0.4]
times: [152.29, 308.05, 453.53, 604.81]
scores: [0.7367933429529083, 0.7793052364462079, 0.9411617066366961, 0.8626211507778159]
