training_data_sizes: [0.1, 0.2, 0.3, 0.4]
times: [125.0, 255.0, 381.0, 511.0]
scores: [0.7052351603891112, 0.6994364784070362, 0.7612887619837087, 0.9086113601474355]
