training_data_sizes: [0.1, 0.2, 0.3, 0.4, 0.5, 0.6, 0.7]
times: [21.0, 51.0, 81.0, 118.0, 140.0, 176.0, 204.0]
scores: [0.7925191362688155, 0.8427396785972585, 0.7839573376158894, 0.9843662790776699, 0.8841919549401278, 0.869603454871188, 0.9800705880269693]
