training_data_sizes: [0.1, 0.2, 0.3, 0.4, 0.5, 0.6, 0.7, 0.8, 0.9, 1.0]
times: [59.0, 119.0, 172.0, 230.0, 290.0, 351.0, 411.0, 473.0, 539.0, 593.0]
scores: [0.8940973410662328, 0.8808046773147873, 1.0, 0.9627092374532958, 1.0, 1.0, 1.0, 1.0, 1.0, 1.0]
