training_data_sizes: [0.1, 0.2, 0.3, 0.4, 0.5, 0.6, 0.7, 0.8]
times: [117.0, 235.0, 353.0, 478.0, 592.0, 719.0, 837.0, 957.0]
scores: [0.5520203173307836, 0.5652935411226363, 0.5225835787603382, 0.5823326278392056, 0.5971366443007603, 0.5344610915863376, 0.46023260216292766, 0.4558898032690675]
