training_data_sizes: [0.1, 0.2, 0.3, 0.4, 0.5, 0.6, 0.7]
times: [18.0, 39.0, 56.0, 70.0, 93.0, 119.0, 139.0]
scores: [0.8785125641019609, 0.9195227573699809, 0.9737532184438303, 0.95595235127269, 0.9169138965908519, 1.0, 1.0]
