training_data_sizes: [0.1, 0.2, 0.3, 0.4, 0.5, 0.6, 0.7, 0.8, 0.9, 1.0]
times: [9.25, 12.22, 15.15, 18.29, 21.34, 23.58, 26.1, 28.11, 30.46, 34.05]
scores: [0.9350273931338682, 0.9261843900006157, 0.9142810066599352, 0.9078732224181685, 0.9067005228679466, 0.9092375538204639, 0.9057449426417019, 0.9060059614402072, 0.9039421624118492, 0.9049053312815549]
