training_data_sizes: [0.1, 0.2, 0.3, 0.4, 0.5, 0.6, 0.7, 0.8]
times: [59.0, 113.0, 173.0, 233.0, 297.0, 355.0, 410.0, 475.0]
scores: [0.7949775613621544, 0.9121742313446372, 0.8780919207638754, 0.8718742793920506, 1.0, 1.0, 1.0, 0.9560508112864503]
