training_data_sizes: [0.1, 0.2, 0.3, 0.4, 0.5, 0.6, 0.7]
times: [36.0, 76.0, 115.0, 154.0, 190.0, 237.0, 273.0]
scores: [0.7704827380543919, 0.7048139739740354, 0.7234650547045616, 0.7843336903415782, 0.8188249669985898, 0.9718721569730298, 0.9080234255423509]
