training_data_sizes: [0.1, 0.2, 0.3, 0.4, 0.5, 0.6]
times: [123.0, 256.0, 386.0, 516.0, 645.0, 777.0]
scores: [0.7796000619964567, 0.8397089653149851, 0.958258373920788, 0.9762253552364808, 0.950058502582142, 0.9918160694343223]
