training_data_sizes: [0.1, 0.2, 0.3, 0.4, 0.5, 0.6, 0.7, 0.8, 0.9, 1.0]
times: [28.0, 52.0, 88.0, 110.0, 143.0, 179.0, 208.0, 234.0, 269.0, 293.0]
scores: [0.8153718880960028, 0.8911120326108232, 0.911194396889993, 1.0, 1.0, 1.0, 1.0, 1.0, 1.0, 1.0]
