training_data_sizes: [0.1, 0.2, 0.3, 0.4, 0.5, 0.6]
times: [169.65, 342.36, 501.8, 667.46, 835.58, 1002.51]
scores: [0.8322138625646414, 0.8312059880905447, 0.7815766395807311, 0.9630952938769886, 0.8559122354234399, 0.9667689247915278]
