training_data_sizes: [0.1, 0.2, 0.3, 0.4, 0.5, 0.6, 0.7, 0.8, 0.9, 1.0]
times: [63.6, 120.51, 182.27, 248.14, 302.29, 363.77, 428.28, 487.56, 543.6, 605.41]
scores: [0.8526752302107166, 0.9148488126958148, 0.8171716174461823, 0.9879546816108263, 0.9415595180737526, 0.9076672525380424, 0.9128613477558146, 1.0, 1.0, 1.0]
