training_data_sizes: [0.1, 0.2]
times: [89.0, 177.0]
scores: [0.8548288303730831, 0.8588473656747841]
