training_data_sizes: [0.1, 0.2, 0.3, 0.4]
times: [231.28, 450.96, 683.72, 908.17]
scores: [0.8016187992335432, 0.7928349469525681, 0.8966114771923382, 0.8845464790284189]
