training_data_sizes: [0.1, 0.2, 0.3, 0.4, 0.5, 0.6, 0.7, 0.8, 0.9]
times: [127.0, 259.0, 384.0, 512.0, 646.0, 774.0, 906.9999999999999, 1037.0, 1163.0]
scores: [0.7735136135570978, 0.9708637612536422, 0.8824171549122319, 0.9580204784570789, 1.0, 1.0, 1.0, 0.9912343595875415, 1.0]
