training_data_sizes: [0.1, 0.2, 0.3, 0.4]
times: [56.0, 119.0, 173.0, 239.0]
scores: [0.8296606149954038, 0.8708568737505569, 0.9762301537517917, 0.823090430476206]
