training_data_sizes: [0.1, 0.2, 0.3, 0.4]
times: [151.56, 302.79, 455.99, 601.78]
scores: [0.5998260685343019, 0.6004946667744747, 0.6916727984371724, 0.6885497006555763]
