training_data_sizes: [0.1, 0.2, 0.3, 0.4, 0.5, 0.6, 0.7, 0.8, 0.9, 1.0]
times: [0.86, 1.31, 2.0, 2.82, 3.82, 4.87, 6.06, 7.37, 9.47, 11.22]
scores: [0.9925489856551066, 0.994189769253577, 0.994249021902597, 0.9934765471409572, 0.9934093392667389, 0.9929870921210873, 0.9927191959539245, 0.9926960116181924, 0.9927042869978742, 0.9924317259809827]
