training_data_sizes: [0.1, 0.2, 0.3]
times: [338.22, 668.8, 1003.03]
scores: [0.7992285401209329, 0.8806384334351375, 0.9413204486326493]
