training_data_sizes: [0.1, 0.2, 0.3, 0.4, 0.5, 0.6]
times: [34.0, 79.0, 117.0, 159.0, 191.0, 235.0]
scores: [0.6371892442127283, 0.7773726802111434, 0.8314271866816396, 0.8768972282080936, 0.881751474237165, 0.8364987609738698]
