training_data_sizes: [0.1, 0.2, 0.3, 0.4, 0.5, 0.6, 0.7, 0.8, 0.9]
times: [124.58, 245.03, 371.74, 495.66, 615.69, 735.28, 860.94, 980.13, 1103.84]
scores: [0.8653967022214016, 0.8347088497918674, 0.8223886440748225, 0.9188415389274318, 0.8295278003714444, 0.9214642847813048, 0.8955439257159674, 1.0, 1.0]
