training_data_sizes: [0.1, 0.2, 0.3, 0.4, 0.5, 0.6, 0.7, 0.8]
times: [55.0, 117.0, 175.0, 236.0, 296.0, 351.0, 410.0, 479.0]
scores: [0.7664221693616325, 0.9125074987867192, 0.9082455596862056, 0.9168639641979137, 0.813721461571729, 0.7926155930291154, 0.8166932177969903, 0.8593621571482581]
