training_data_sizes: [0.1, 0.2, 0.3, 0.4, 0.5, 0.6, 0.7]
times: [38.0, 76.0, 118.0, 155.0, 193.0, 233.0, 276.0]
scores: [0.8576418419908243, 0.9960094341803448, 0.9154730688981122, 0.9229993699955918, 1.0, 1.0, 0.962983021206012]
