training_data_sizes: [0.1, 0.2, 0.3, 0.4, 0.5, 0.6]
times: [142.9, 273.2, 408.05, 537.56, 672.55, 800.44]
scores: [0.9553672329800241, 0.918864550862003, 1.0, 0.9663912778052888, 0.9966628210135577, 1.0]
