training_data_sizes: [0.1, 0.2, 0.3, 0.4, 0.5, 0.6, 0.7, 0.8, 0.9]
times: [24.0, 57.0, 86.0, 112.0, 141.0, 170.0, 209.0, 239.0, 263.0]
scores: [0.7163318685439685, 0.654374020363403, 0.6904675051312271, 0.5317375594703413, 0.6641860255955105, 0.5779475009405068, 0.483380179865357, 0.48409516781425765, 0.4728540886652025]
