training_data_sizes: [0.1, 0.2, 0.3, 0.4, 0.5, 0.6, 0.7, 0.8, 0.9, 1.0]
times: [10.45, 31.22, 61.91, 102.56, 157.8, 214.61, 285.13, 371.89, 472.24, 604.81]
scores: [0.9773223832069731, 0.9876425682230661, 0.9914288170472463, 0.9934041598181592, 0.9946031898013089, 0.9954486205407946, 0.9959983223650676, 0.9964227206664307, 0.9967746662888771, 0.9970831117968191]
