training_data_sizes: [0.1, 0.2]
times: [35.0, 78.0]
scores: [0.5076885701980615, 0.657388148248423]
