training_data_sizes: [0.1, 0.2]
times: [606.0, 1209.29]
scores: [0.6010857220330744, 0.7227196295832093]
