training_data_sizes: [0.1, 0.2, 0.3, 0.4, 0.5, 0.6, 0.7, 0.8]
times: [132.21, 252.85, 381.23, 503.86, 629.64, 758.75, 876.35, 1005.62]
scores: [0.7996966014167792, 0.8726068613509332, 0.8303547939984219, 0.9392012960591233, 0.9864374950823366, 1.0, 1.0, 1.0]
