training_data_sizes: [0.1, 0.2, 0.3, 0.4, 0.5, 0.6, 0.7, 0.8]
times: [153.38, 302.42, 450.54, 608.02, 750.66, 902.27, 1050.73, 1200.48]
scores: [0.930241054881465, 0.841855291916066, 0.974581031276595, 1.0, 1.0, 1.0, 1.0, 1.0]
