training_data_sizes: [0.1, 0.2, 0.3, 0.4, 0.5]
times: [124.0, 256.0, 384.0, 511.0, 646.0]
scores: [0.9334299849807357, 0.9520466265413191, 0.9837037326301361, 0.9936645024623694, 1.0]
