training_data_sizes: [0.1, 0.2, 0.3, 0.4]
times: [359.26, 708.16, 1055.55, 1401.59]
scores: [0.7502586282873518, 0.7367622919561461, 0.7873569969426966, 0.8030771254184036]
