training_data_sizes: [0.1, 0.2, 0.3, 0.4, 0.5, 0.6, 0.7, 0.8, 0.9, 1.0]
times: [1.48, 2.34, 3.15, 3.94, 4.71, 5.53, 6.25, 7.07, 7.88, 8.68]
scores: [0.06070917488606001, 0.1164319677928149, 0.16991074138358028, 0.2133897115010941, 0.25271359783268155, 0.2913979445517542, 0.32577913197355723, 0.3504998448507167, 0.37700209933227674, 0.3991151886386601]
