training_data_sizes: [0.1, 0.2, 0.3, 0.4, 0.5]
times: [245.59, 486.11, 724.84, 961.15, 1201.11]
scores: [0.7926965382440087, 0.7079218424352549, 0.8828946430470188, 0.9325496529490636, 0.9095985291129878]
