training_data_sizes: [0.1, 0.2]
times: [109.0, 218.0]
scores: [0.7692026699936861, 0.8213457228018106]
