training_data_sizes: [0.1, 0.2, 0.3, 0.4, 0.5, 0.6, 0.7, 0.8, 0.9, 1.0]
times: [19.0, 39.0, 51.0, 74.0, 96.0, 112.0, 132.0, 157.0, 171.0, 192.0]
scores: [0.8142825911201874, 0.766443684454319, 0.7687906345293192, 0.9382975945207164, 0.909796239401806, 0.9332019077419511, 0.9815464171798749, 0.9045980816704754, 1.0, 0.9417836967920974]
