training_data_sizes: [0.1, 0.2, 0.3, 0.4, 0.5, 0.6, 0.7, 0.8, 0.9, 1.0]
times: [99.0, 193.0, 296.0, 398.0, 491.0, 592.0, 695.0, 799.0, 896.0, 995.0]
scores: [0.8342824677433501, 0.8697254466602597, 0.9312539443277073, 0.9366250822405788, 1.0, 0.9861267574830065, 1.0, 1.0, 0.9331012517311399, 0.9700361172620813]
