training_data_sizes: [0.1, 0.2, 0.3, 0.4, 0.5, 0.6, 0.7, 0.8, 0.9]
times: [1.0, 18.0, 25.0, 33.0, 48.0, 50.0, 64.0, 79.0, 80.0]
scores: [0.7761015295500159, 0.7349348212756164, 0.8660025351867191, 0.7632726402962277, 0.8551919639026251, 0.9289287232063136, 0.9655265268768167, 0.9443602552979387, 1.0]
