training_data_sizes: [0.1, 0.2, 0.3, 0.4, 0.5]
times: [142.04, 289.91, 428.64, 567.27, 705.11]
scores: [0.9141084871077565, 0.9299849023106711, 0.9408051927856889, 0.7852033529250191, 0.8614935595216078]
