training_data_sizes: [0.1, 0.2, 0.3, 0.4, 0.5]
times: [4.0, 15.0, 25.0, 31.0, 45.0]
scores: [0.8091538220025997, 0.8623427819818353, 0.9196365740852936, 0.9984946996604251, 0.8562950985602551]
