training_data_sizes: [0.1, 0.2, 0.3, 0.4, 0.5, 0.6, 0.7, 0.8]
times: [175.45, 358.31, 531.63, 701.51, 876.75, 1056.6, 1233.54, 1403.79]
scores: [0.9501174678113804, 0.8826549152887224, 1.0, 1.0, 1.0, 1.0, 1.0, 1.0]
