training_data_sizes: [0.1, 0.2]
times: [554.98, 1107.73]
scores: [0.723101323957046, 0.7904028553365132]
