training_data_sizes: [0.1, 0.2, 0.3, 0.4, 0.5]
times: [117.0, 235.0, 358.0, 477.0, 598.0]
scores: [0.6898427429244749, 0.6872022630156003, 0.6215741757432277, 0.5100949179178634, 0.4918341067181592]
