training_data_sizes: [0.1, 0.2]
times: [75.0, 152.0]
scores: [0.9248030024754212, 0.9181506106505237]
