training_data_sizes: [0.1, 0.2, 0.3]
times: [154.2, 188.66, 224.02]
scores: [0.9924152841560957, 0.9940502175152224, 0.9949234021369631]
