training_data_sizes: [0.1, 0.2, 0.3, 0.4, 0.5, 0.6, 0.7, 0.8, 0.9, 1.0]
times: [30.0, 77.0, 116.0, 158.0, 198.0, 236.0, 273.0, 313.0, 353.0, 395.0]
scores: [0.8162564401866563, 0.8603268119363652, 0.9330658815340427, 0.9703608405617248, 0.9863043125269516, 1.0, 1.0, 1.0, 1.0, 1.0]
