training_data_sizes: [0.1, 0.2, 0.3, 0.4, 0.5]
times: [67.0, 132.0, 204.0, 275.0, 340.0]
scores: [0.6776708294681417, 0.7285954777858666, 0.8345542888935185, 0.899960753764087, 0.8925735137287638]
