training_data_sizes: [0.1, 0.2, 0.3, 0.4, 0.5, 0.6, 0.7]
times: [191.51, 372.42, 559.76, 743.21, 935.42, 1114.75, 1304.45]
scores: [0.6241682369288687, 0.6062166140974029, 0.6314209181601758, 0.6157490853195331, 0.6176442887855493, 0.6539468607001931, 0.7410076371409342]
