training_data_sizes: [0.1, 0.2, 0.3, 0.4, 0.5, 0.6]
times: [119.79, 234.75, 353.52, 474.78, 583.56, 706.68]
scores: [0.6505982769474427, 0.6979919975218452, 0.614258702920444, 0.6391373448121764, 0.7741399655434764, 0.6316554345622648]
