training_data_sizes: [0.1, 0.2, 0.3, 0.4, 0.5, 0.6, 0.7, 0.8]
times: [142.17, 281.27, 413.92, 557.39, 691.92, 834.01, 966.75, 1103.1]
scores: [0.724810945426748, 0.7342948722999981, 0.7627227892957668, 0.788985960757761, 0.6527606225372754, 0.6276592461208932, 0.6804030996672287, 0.6466222300088461]
