training_data_sizes: [0.1, 0.2, 0.3, 0.4, 0.5, 0.6, 0.7, 0.8]
times: [47.0, 99.0, 141.0, 195.0, 242.0, 290.0, 340.0, 391.0]
scores: [0.9537632367735134, 0.9090100293473846, 0.9204719543202311, 1.0, 1.0, 1.0, 1.0, 1.0]
