training_data_sizes: [0.1, 0.2, 0.3, 0.4, 0.5, 0.6, 0.7, 0.8, 0.9, 1.0]
times: [81.32, 165.09, 246.67, 329.95, 403.67, 489.92, 562.44, 643.51, 724.51, 809.46]
scores: [0.7641131695279166, 0.7453784200467987, 0.7932611314129936, 0.8870449075733344, 0.9159486929541634, 0.8880952529468724, 0.8247622265431607, 0.8981863090841071, 0.7753143697269087, 0.7791720354074181]
