training_data_sizes: [0.1, 0.2, 0.3, 0.4, 0.5]
times: [201.17, 409.22, 609.68, 802.93, 1008.38]
scores: [0.734192486664728, 0.9115963840437118, 0.8670958006820727, 0.9860981923830223, 0.9301975044532296]
