training_data_sizes: [0.1, 0.2, 0.3, 0.4, 0.5, 0.6, 0.7, 0.8, 0.9]
times: [118.71, 228.19, 342.6, 452.64, 556.46, 675.53, 782.26, 895.86, 1008.27]
scores: [0.7705031026970006, 0.7051148372896927, 0.7084681828098961, 0.7004069187134392, 0.7666827630256077, 0.670648608105839, 0.6666053334558654, 0.6339331004081, 0.6837256083466664]
