training_data_sizes: [0.1, 0.2]
times: [303.25, 601.33]
scores: [0.8663170796675177, 0.8211670520607401]
