training_data_sizes: [0.1, 0.2, 0.3, 0.4]
times: [43.0, 96.0, 143.0, 193.0]
scores: [1.0, 0.944047783247596, 1.0, 0.9206413223547036]
