training_data_sizes: [0.1, 0.2, 0.3, 0.4, 0.5, 0.6, 0.7, 0.8, 0.9]
times: [114.0, 230.0, 351.0, 470.0, 590.0, 712.0, 830.0, 958.0, 1078.0]
scores: [0.4459253301482072, 0.45100381377925963, 0.6263980842154712, 0.5290910115492186, 0.5375973644863968, 0.5586116912439028, 0.6533387188732602, 0.709956424459133, 0.9488069961925261]
