training_data_sizes: [0.1, 0.2]
times: [43.0, 95.0]
scores: [0.5657988752213687, 0.6035942804978451]
