training_data_sizes: [0.1, 0.2, 0.3, 0.4, 0.5]
times: [241.33, 482.02, 726.69, 967.18, 1204.46]
scores: [0.5066537293190627, 0.6016257849010429, 0.5089023099299528, 0.5290159514854603, 0.6008054422453264]
