training_data_sizes: [0.1, 0.2, 0.3, 0.4, 0.5, 0.6, 0.7]
times: [75.0, 154.0, 232.0, 319.0, 397.0, 475.0, 554.0]
scores: [0.7839009661497216, 0.8359090549643902, 0.8625253741136758, 0.8406831829248744, 0.8438360768159753, 0.7044238975852244, 0.8803221800092386]
