training_data_sizes: [0.1, 0.2, 0.3, 0.4, 0.5, 0.6, 0.7, 0.8]
times: [32.0, 70.0, 114.0, 156.0, 191.0, 233.0, 278.0, 313.0]
scores: [0.9920068729635134, 1.0, 0.9646626661585378, 0.9991938945333824, 0.8654425347143211, 0.9398602591231262, 1.0, 1.0]
