training_data_sizes: [0.1, 0.2, 0.3, 0.4, 0.5, 0.6, 0.7, 0.8]
times: [12.0, 35.0, 56.0, 75.0, 97.0, 119.0, 135.0, 155.0]
scores: [0.6498827189277931, 0.6793215759109459, 0.8638167494947544, 0.8198116701904422, 0.9059304749176899, 0.9610067082267341, 0.9376789918084942, 1.0]
