training_data_sizes: [0.1, 0.2, 0.3, 0.4, 0.5, 0.6, 0.7, 0.8, 0.9]
times: [14.0, 31.0, 55.0, 73.0, 96.0, 119.0, 133.0, 156.0, 175.0]
scores: [0.7683319840275694, 0.7405722598343325, 0.7544003858132478, 0.7413093451404675, 0.701204090472409, 0.676603651122058, 0.6916671475747138, 0.6572507064941471, 0.7457364138154132]
