training_data_sizes: [0.1, 0.2, 0.3, 0.4, 0.5, 0.6, 0.7]
times: [90.0, 199.0, 299.0, 395.0, 490.0, 594.0, 698.0]
scores: [0.8106143961899439, 0.7701534426275338, 0.8398747435569884, 0.8306429003699234, 0.9315842133615502, 0.9688868238238374, 1.0]
