training_data_sizes: [0.1, 0.2, 0.3, 0.4, 0.5, 0.6, 0.7]
times: [42.0, 93.0, 141.0, 195.0, 246.0, 290.0, 348.0]
scores: [0.9963998341447247, 0.8757844749050661, 0.9962941263067666, 0.9669046772908749, 1.0, 1.0, 1.0]
