training_data_sizes: [0.1, 0.2, 0.3, 0.4, 0.5, 0.6, 0.7, 0.8]
times: [168.04, 330.8, 497.14, 655.11, 819.42, 980.01, 1143.12, 1307.03]
scores: [0.6589526091068052, 0.4824250252112616, 0.5595759842783707, 0.5376611405490341, 0.5774038930392712, 0.550387442174047, 0.5828420151936577, 0.6080216470923427]
