training_data_sizes: [0.1, 0.2]
times: [352.12, 707.4]
scores: [0.8547563644379021, 0.8692950962986878]
