training_data_sizes: [0.1, 0.2, 0.3, 0.4, 0.5, 0.6]
times: [220.9, 434.41, 653.38, 872.11, 1090.44, 1300.73]
scores: [0.7705617750896612, 0.7422728498378648, 0.8736016987496806, 0.8110018970616273, 0.8610640507493982, 0.9424303545963932]
