training_data_sizes: [0.1, 0.2]
times: [353.59, 702.46]
scores: [0.8029515303823148, 0.832114811522455]
