training_data_sizes: [0.1, 0.2, 0.3, 0.4]
times: [85.0, 170.0, 269.0, 353.0]
scores: [0.531967333736036, 0.5734263445790975, 0.5978549510480158, 0.5331585753816198]
