training_data_sizes: [0.1, 0.2, 0.3, 0.4, 0.5, 0.6, 0.7, 0.8, 0.9, 1.0]
times: [92.34, 189.79, 279.13, 369.74, 459.45, 545.55, 632.88, 723.28, 818.79, 902.1]
scores: [1.0, 0.9719547570332701, 1.0, 1.0, 0.9024352710520244, 0.9699391542937545, 1.0, 1.0, 0.9300544433818146, 0.9436835235346874]
