training_data_sizes: [0.1, 0.2, 0.3, 0.4, 0.5, 0.6]
times: [118.39, 238.66, 353.18, 474.48, 585.75, 701.04]
scores: [0.8537334714547427, 0.8124644857273826, 0.9208184487420001, 0.9681664131514325, 0.831834394321679, 0.8658050312837924]
