training_data_sizes: [0.1, 0.2, 0.3, 0.4, 0.5, 0.6, 0.7, 0.8, 0.9]
times: [121.0, 250.0, 382.0, 516.0, 645.0, 770.0, 900.9999999999999, 1031.0, 1161.0]
scores: [0.9477420653987998, 0.996857512262225, 0.8595126824231549, 1.0, 1.0, 1.0, 0.9152092428324471, 1.0, 1.0]
