training_data_sizes: [0.1, 0.2, 0.3, 0.4, 0.5]
times: [49.0, 98.0, 143.0, 198.0, 240.0]
scores: [0.8982687765231291, 1.0, 0.861104440217163, 0.860570930687674, 1.0]
