training_data_sizes: [0.1, 0.2, 0.3, 0.4]
times: [330.23, 652.44, 982.23, 1304.84]
scores: [0.8066922480513391, 0.8933033456815656, 0.903366928246994, 0.8392224318183281]
