training_data_sizes: [0.1, 0.2, 0.3, 0.4, 0.5]
times: [202.97, 408.05, 605.7, 805.21, 1000.41]
scores: [1.0, 0.9846731578097532, 0.881921160883899, 1.0, 0.9237833601008929]
