training_data_sizes: [0.1, 0.2, 0.3, 0.4, 0.5]
times: [127.69, 244.32, 361.16, 488.57, 609.96]
scores: [0.7998238643292244, 0.8077239032879847, 0.9884362552958048, 0.8857618929574539, 0.8774517620837906]
