training_data_sizes: [0.1, 0.2, 0.3, 0.4, 0.5, 0.6, 0.7, 0.8, 0.9, 1.0]
times: [21.0, 56.0, 85.0, 118.0, 146.0, 175.0, 209.0, 235.0, 262.0, 294.0]
scores: [0.6888765063295698, 0.7634359891470721, 0.6758810345525881, 0.8495698090375734, 0.8979215942320513, 0.8591844640368724, 0.897415123861123, 1.0, 0.9678960809282593, 1.0]
