training_data_sizes: [0.1, 0.2, 0.3, 0.4]
times: [65.0, 138.0, 202.0, 277.0]
scores: [0.9248956217156323, 0.8925848478800558, 0.9006761746648946, 1.0]
