training_data_sizes: [0.1, 0.2, 0.3, 0.4, 0.5]
times: [94.0, 198.0, 291.0, 396.0, 494.0]
scores: [0.6399314229954789, 0.8038776798982068, 0.7915977688167819, 0.5860150582530741, 0.6518846209058151]
