training_data_sizes: [0.1, 0.2, 0.3, 0.4, 0.5, 0.6, 0.7, 0.8, 0.9]
times: [118.06, 225.95, 339.96, 445.89, 558.01, 672.84, 781.86, 891.31, 1002.1]
scores: [0.9936056811398428, 0.8600669055402932, 0.8932128596242137, 1.0, 1.0, 0.9419042920299173, 1.0, 1.0, 1.0]
