training_data_sizes: [0.1, 0.2, 0.3]
times: [58.0, 116.0, 173.0]
scores: [0.8732440502182612, 1.0, 0.8914477291693601]
