training_data_sizes: [0.1, 0.2, 0.3, 0.4, 0.5, 0.6, 0.7, 0.8, 0.9]
times: [52.0, 113.0, 170.0, 237.0, 291.0, 350.0, 411.0, 470.0, 539.0]
scores: [0.5798927426694305, 0.6249429370589974, 0.7794919402157299, 0.7622756976969889, 0.8974998653326495, 0.7786392777431622, 0.9657848542032156, 1.0, 1.0]
