training_data_sizes: [0.1, 0.2, 0.3, 0.4, 0.5, 0.6, 0.7, 0.8, 0.9]
times: [122.85, 249.43, 367.26, 493.09, 620.4, 741.09, 861.09, 982.49, 1109.76]
scores: [0.9351137204673342, 0.848628094321211, 1.0, 0.9436407073466582, 1.0, 1.0, 1.0, 0.9787712672424793, 1.0]
