training_data_sizes: [0.1, 0.2, 0.3]
times: [342.11, 668.03, 1009.58]
scores: [0.9163475834676247, 0.9674177347944304, 0.8464288198032373]
