training_data_sizes: [0.1, 0.2, 0.3, 0.4, 0.5, 0.6, 0.7]
times: [64.22, 324.0, 560.78, 719.32, 871.25, 1000.38, 1155.54]
scores: [1.0, 1.0, 1.0, 0.9439181668504061, 0.8712837498728923, 0.8210961218014162, 0.7797535669968799]
