training_data_sizes: [0.1, 0.2, 0.3, 0.4, 0.5]
times: [280.51, 569.75, 846.16, 1125.35, 1408.5]
scores: [0.6223665897821691, 0.6855172870092244, 0.5539442451065075, 0.5039693558107893, 0.62485518037727]
