training_data_sizes: [0.1, 0.2]
times: [2.0, 14.0]
scores: [0.6726995870620419, 0.8144703764147708]
