training_data_sizes: [0.1, 0.2, 0.3, 0.4, 0.5]
times: [168.9, 320.4, 485.25, 647.89, 808.83]
scores: [0.812139971814517, 0.8426810250895046, 0.960993418438947, 0.9550570645444814, 0.9304638152561386]
