training_data_sizes: [0.1, 0.2, 0.3, 0.4, 0.5, 0.6]
times: [175.98, 335.72, 506.21, 669.91, 838.34, 1000.96]
scores: [0.9061589278140183, 0.9732055947084619, 0.9400838483805314, 0.8405287266724187, 0.934241031667012, 0.9827969334075486]
