training_data_sizes: [0.1, 0.2, 0.3, 0.4]
times: [67.0, 136.0, 209.0, 270.0]
scores: [0.8068702358336575, 0.7481635330185323, 0.8639594593697237, 0.8320320445278551]
