training_data_sizes: [0.1, 0.2, 0.3, 0.4, 0.5, 0.6, 0.7, 0.8, 0.9, 1.0]
times: [112.0, 237.0, 356.0, 472.0, 597.0, 716.0, 835.0, 955.0, 1079.0, 1191.0]
scores: [0.7884266699463667, 0.7899758941796868, 0.8536456102616348, 0.7915614025761604, 0.8996510516288683, 1.0, 1.0, 0.9953449386926939, 1.0, 1.0]
