training_data_sizes: [0.1, 0.2, 0.3, 0.4, 0.5, 0.6]
times: [48.0, 93.0, 149.0, 198.0, 246.0, 293.0]
scores: [0.4755564312050106, 0.49769137309499856, 0.5970273924320653, 0.6202819904711355, 0.4342888632626088, 0.5194881496528098]
