training_data_sizes: [0.1, 0.2]
times: [9.0, 18.0]
scores: [0.7427512058661883, 0.7248097878438959]
