training_data_sizes: [0.1, 0.2, 0.3, 0.4]
times: [353.31, 706.78, 1059.79, 1404.93]
scores: [0.9027060554706974, 0.9155887355079959, 0.9642592518072585, 0.9117669025977704]
