training_data_sizes: [0.1, 0.2, 0.3, 0.4, 0.5, 0.6, 0.7, 0.8, 0.9, 1.0]
times: [19.66, 92.76, 99.36, 120.47, 147.78, 164.11, 183.38, 207.81, 244.36, 259.03]
scores: [1.0, 0.9905458238131506, 0.8680948944614828, 0.6226231860906783, 0.7274429745413946, 0.6180592809647245, 0.6925230897883314, 0.5237435975455145, 0.49930578095135036, 0.46262910177177297]
