training_data_sizes: [0.1, 0.2, 0.3]
times: [409.0, 805.6, 1208.24]
scores: [0.7951460887013806, 0.9794999371735602, 1.0]
