training_data_sizes: [0.1, 0.2, 0.3, 0.4, 0.5, 0.6, 0.7, 0.8]
times: [141.22, 280.34, 416.72, 558.99, 697.22, 827.63, 972.01, 1105.55]
scores: [0.893099184055884, 0.9341825885425417, 1.0, 0.8921600085301333, 0.9479837886057422, 1.0, 0.9989584727964438, 1.0]
