training_data_sizes: [0.1, 0.2, 0.3, 0.4, 0.5, 0.6, 0.7, 0.8, 0.9]
times: [43.0, 90.0, 141.0, 191.0, 242.0, 294.0, 343.0, 399.0, 449.0]
scores: [0.7448707517255957, 0.815786619428205, 0.9282819460379342, 0.9400393956535796, 0.9597668647815271, 1.0, 1.0, 1.0, 1.0]
