training_data_sizes: [0.1, 0.2, 0.3, 0.4, 0.5, 0.6, 0.7, 0.8, 0.9, 1.0]
times: [2.27, 4.49, 6.42, 8.56, 11.83, 16.81, 20.52, 24.73, 28.72, 34.12]
scores: [0.47349574313867526, 0.4323246650937993, 0.4301621726253859, 0.4234116445898317, 0.4242353158568446, 0.42085121923935587, 0.41379898274802795, 0.4160636911182003, 0.4129894125224607, 0.412808757150972]
