training_data_sizes: [0.1, 0.2, 0.3, 0.4]
times: [53.0, 112.0, 172.0, 230.0]
scores: [0.8828760355132945, 0.7806604474917915, 0.8794962564854929, 0.9134509119945333]
