training_data_sizes: [0.1, 0.2, 0.3, 0.4, 0.5, 0.6, 0.7, 0.8, 0.9, 1.0]
times: [106.0, 210.0, 329.0, 439.0, 549.0, 658.0, 766.0, 874.0, 980.0, 1098.0]
scores: [0.8746283367292964, 0.7834086604433931, 0.9559846023915686, 0.9824370391179136, 1.0, 0.9241942687956676, 0.9700959235141033, 0.9862429533370751, 1.0, 1.0]
