training_data_sizes: [0.1, 0.2, 0.3, 0.4]
times: [281.45, 558.0, 833.21, 1103.69]
scores: [0.630105824483919, 0.6483953581601614, 0.7814676459092054, 0.7706668445528742]
