training_data_sizes: [0.1, 0.2, 0.3, 0.4, 0.5, 0.6, 0.7, 0.8, 0.9, 1.0]
times: [0.97, 1.96, 2.84, 3.81, 4.69, 5.6, 6.58, 7.37, 8.33, 9.42]
scores: [0.2189016602809708, 0.21588539519102756, 0.2152188423762753, 0.21258895941527212, 0.21523138881520243, 0.21332708861577232, 0.21259935400382335, 0.21155634997355333, 0.2129345976173107, 0.21418774986139089]
