training_data_sizes: [0.1, 0.2, 0.3, 0.4, 0.5, 0.6, 0.7]
times: [94.9, 179.47, 259.09, 349.13, 433.73, 524.23, 606.93]
scores: [0.8939037282124309, 0.8624136464136108, 1.0, 1.0, 1.0, 1.0, 0.9598841285292147]
