training_data_sizes: [0.1, 0.2, 0.3, 0.4]
times: [51.0, 112.0, 179.0, 236.0]
scores: [0.7874339491930411, 0.9600158208855858, 0.91145459110527, 0.8307109926796086]
