training_data_sizes: [0.1, 0.2, 0.3, 0.4, 0.5]
times: [227.22, 442.28, 663.3, 886.45, 1109.57]
scores: [0.7363414616209734, 0.6403554944889195, 0.6535083184672758, 0.7378945987336101, 0.6174262989314988]
