training_data_sizes: [0.1, 0.2, 0.3, 0.4, 0.5, 0.6, 0.7, 0.8]
times: [138.0, 277.0, 419.0, 551.0, 697.0, 831.0, 975.9999999999999, 1118.0]
scores: [0.8868528829529616, 0.9484205892675033, 0.9259827921223756, 1.0, 0.9078124853021275, 1.0, 0.9799182416776723, 1.0]
