training_data_sizes: [0.1, 0.2, 0.3, 0.4, 0.5, 0.6, 0.7, 0.8, 0.9, 1.0]
times: [66.12, 121.11, 182.15, 248.32, 302.86, 365.92, 429.18, 487.36, 546.77, 605.76]
scores: [0.8734308257298635, 0.8626982058840472, 0.9029456284177154, 0.8782084088562663, 0.9865101882506775, 0.8936291532360654, 0.9916608968536154, 0.9716112460714046, 0.9915240068495255, 1.0]
