training_data_sizes: [0.1, 0.2, 0.3, 0.4, 0.5, 0.6, 0.7, 0.8, 0.9]
times: [74.46, 135.62, 203.8, 269.23, 335.26, 406.97, 468.75, 534.71, 605.88]
scores: [0.8759709345776874, 0.8211105244892903, 0.8350589864197856, 0.9793085590584394, 0.893203031360648, 0.9547466140196706, 0.9277915830063805, 0.9114117458564652, 1.0]
