training_data_sizes: [0.1, 0.2, 0.3, 0.4, 0.5, 0.6, 0.7, 0.8, 0.9]
times: [71.5, 140.77, 205.09, 276.42, 337.58, 400.47, 475.2, 538.67, 604.18]
scores: [0.7329850942666722, 0.7632673636729036, 0.7248708916968412, 0.7888110855838514, 0.7185656307787034, 0.6779668886476906, 0.833355373911281, 0.8226302997106946, 0.7649321360055454]
