training_data_sizes: [0.1, 0.2, 0.3, 0.4, 0.5, 0.6, 0.7, 0.8]
times: [51.0, 115.0, 174.0, 232.0, 294.0, 354.0, 410.0, 479.0]
scores: [0.8976577788271649, 0.9603681458182927, 0.8832052759265717, 1.0, 1.0, 1.0, 1.0, 1.0]
