training_data_sizes: [0.1, 0.2, 0.3, 0.4, 0.5]
times: [269.43, 528.73, 780.22, 1043.73, 1309.89]
scores: [0.8665068146811934, 0.832592470195815, 0.9863051428020224, 0.913391140218468, 0.9549601883967392]
