training_data_sizes: [0.1, 0.2, 0.3, 0.4, 0.5, 0.6, 0.7, 0.8, 0.9]
times: [3.0, 14.0, 24.0, 39.0, 41.0, 51.0, 64.0, 71.0, 84.0]
scores: [0.49808996728370647, 0.5318173947401494, 0.48438295267168957, 0.5172582995991821, 0.6057408850701415, 0.6152592295417038, 0.7226010614144309, 0.6445696670992662, 0.7881664591514199]
