training_data_sizes: [0.1, 0.2, 0.3, 0.4, 0.5, 0.6]
times: [120.0, 259.0, 389.0, 513.0, 642.0, 770.0]
scores: [0.7185309468756771, 0.6819541324582449, 0.6578470836796292, 0.725310779166773, 0.5550379674927071, 0.6275563619604624]
