training_data_sizes: [0.1, 0.2, 0.3, 0.4, 0.5, 0.6, 0.7]
times: [173.78, 344.82, 515.26, 692.93, 866.46, 1037.38, 1206.79]
scores: [0.6732366577649653, 0.6252821308989058, 0.8376288269012269, 0.8662593220589796, 0.8549687315830151, 0.8448933610620413, 0.9527137934392931]
