training_data_sizes: [0.1, 0.2, 0.3, 0.4, 0.5]
times: [115.0, 239.0, 358.0, 470.0, 598.0]
scores: [0.8731100285946078, 0.7407701353073456, 0.757486230294197, 0.8088565241829347, 0.7358760941492476]
