training_data_sizes: [0.1, 0.2]
times: [96.0, 191.0]
scores: [0.5253595257957827, 0.5942501377853341]
