training_data_sizes: [0.1, 0.2, 0.3, 0.4]
times: [283.57, 557.35, 826.58, 1108.78]
scores: [0.8896386537572507, 0.8836034918704595, 0.9408539737253563, 1.0]
