training_data_sizes: [0.1, 0.2, 0.3, 0.4, 0.5, 0.6]
times: [236.47, 467.64, 709.92, 940.57, 1168.59, 1404.7]
scores: [0.8354112404621113, 0.9036953687003502, 0.9046561325943228, 0.7476051203635425, 0.8389272595316988, 0.8087798601252996]
