training_data_sizes: [0.1, 0.2]
times: [84.0, 171.0]
scores: [0.6037454137038468, 0.8107387282485556]
