training_data_sizes: [0.1, 0.2, 0.3, 0.4, 0.5, 0.6]
times: [137.78, 271.62, 405.98, 540.05, 675.29, 803.95]
scores: [0.7190767250560683, 0.861423129124177, 0.7773143410300896, 0.9243781946481924, 1.0, 0.9713207200627723]
