training_data_sizes: [0.1, 0.2]
times: [48.0, 91.0]
scores: [0.541704873499131, 0.5079433166342686]
