training_data_sizes: [0.1, 0.2, 0.3, 0.4, 0.5, 0.6, 0.7, 0.8, 0.9]
times: [45.0, 98.0, 144.0, 191.0, 245.0, 294.0, 342.0, 393.0, 440.0]
scores: [0.7853021901382824, 0.8985110429448024, 0.7829357209834684, 0.883955375856947, 0.9152708790685002, 0.909275198337726, 0.986862351265083, 1.0, 1.0]
