training_data_sizes: [0.1, 0.2, 0.3, 0.4, 0.5, 0.6]
times: [8.0, 13.0, 25.0, 31.0, 40.0, 57.0]
scores: [0.7466377308628606, 0.8040050963354181, 0.827275701897831, 0.6777421877955092, 0.70246037437995, 0.7439185312196956]
