training_data_sizes: [0.1, 0.2, 0.3, 0.4, 0.5, 0.6, 0.7, 0.8, 0.9, 1.0]
times: [123.19, 242.08, 367.09, 483.63, 608.73, 722.6, 848.26, 964.27, 1083.69, 1206.57]
scores: [0.7601869706822395, 0.791673575323335, 0.8959239061718647, 0.7469071627967765, 0.8827464858366774, 0.9432116496412406, 1.0, 0.9972066224775546, 1.0, 1.0]
