training_data_sizes: [0.1, 0.2, 0.3, 0.4, 0.5, 0.6, 0.7, 0.8]
times: [180.13, 355.09, 526.3, 701.31, 882.67, 1055.75, 1228.49, 1409.61]
scores: [0.8421671157472878, 1.0, 1.0, 0.939805179639511, 0.9877692892899912, 1.0, 0.9826776797120739, 1.0]
