training_data_sizes: [0.1, 0.2, 0.3, 0.4, 0.5]
times: [224.61, 442.32, 660.23, 881.03, 1101.26]
scores: [0.7999400915705479, 1.0, 1.0, 0.9103063761472061, 1.0]
