training_data_sizes: [0.1, 0.2]
times: [401.01, 800.36]
scores: [0.6231865336308007, 0.7420359092511524]
