training_data_sizes: [0.1, 0.2, 0.3, 0.4, 0.5, 0.6, 0.7, 0.8, 0.9, 1.0]
times: [4.85, 9.01, 12.89, 15.91, 17.99, 19.18, 24.63, 22.95, 23.18, 27.4]
scores: [0.24745297836110203, 0.2511491546696417, 0.25284603203325595, 0.2532097414814922, 0.2530132969544483, 0.253584548012904, 0.25309971966232336, 0.2526801852124838, 0.25150559022907704, 0.2514976822026952]
