training_data_sizes: [0.1, 0.2, 0.3]
times: [268.7, 541.49, 809.76]
scores: [0.9712741343857958, 0.8327767396151957, 0.9451009702534925]
