training_data_sizes: [0.1, 0.2, 0.3, 0.4, 0.5, 0.6, 0.7, 0.8, 0.9]
times: [85.38, 161.71, 239.68, 314.44, 391.5, 475.41, 548.81, 632.06, 707.9]
scores: [0.9007661299281251, 0.8387723403041101, 0.921482233566322, 0.8878807591242359, 0.807937084893843, 0.8363492784513962, 0.7761379676587348, 0.9392491097813336, 0.9323111616503972]
