training_data_sizes: [0.1, 0.2, 0.3, 0.4, 0.5, 0.6, 0.7, 0.8, 0.9]
times: [98.77, 183.1, 274.57, 359.52, 446.99, 541.06, 625.72, 719.15, 804.37]
scores: [0.7809614013530739, 0.9417183455019349, 0.8778069250628247, 0.9526692299639531, 0.959600382963447, 0.9122751378405329, 0.995398559938122, 1.0, 0.968714156907068]
