training_data_sizes: [0.1, 0.2, 0.3, 0.4, 0.5, 0.6, 0.7, 0.8]
times: [241.48, 391.4, 519.46, 656.33, 780.25, 924.15, 1059.22, 1165.24]
scores: [0.4534440808299479, 0.369718137305936, 0.3351302532379263, 0.3076277189018242, 0.302522495247096, 0.2908470396432318, 0.2810548196305882, 0.2750955938864139]
