training_data_sizes: [0.1, 0.2, 0.3, 0.4, 0.5, 0.6, 0.7]
times: [85.0, 178.0, 268.0, 353.0, 443.0, 536.0, 625.0]
scores: [0.7612510962946488, 0.8174679112883638, 0.9387228607015589, 0.9127196825897581, 0.8085131797020111, 0.8017387123611276, 0.8343504744192514]
