training_data_sizes: [0.1, 0.2, 0.3, 0.4, 0.5, 0.6, 0.7, 0.8, 0.9]
times: [122.96, 247.58, 371.81, 489.15, 613.84, 739.64, 858.4, 986.0, 1102.57]
scores: [0.7229338187538197, 0.74760267957432, 0.8383071642495374, 0.8477080135459572, 0.8803082574173571, 0.8694774389803466, 1.0, 1.0, 1.0]
