training_data_sizes: [0.1, 0.2, 0.3, 0.4, 0.5, 0.6]
times: [119.06, 234.11, 354.12, 472.14, 591.42, 705.05]
scores: [0.8792869155188885, 0.7873172971607867, 0.7861045426949185, 0.8111793320972175, 0.8593963022018777, 0.738534773068297]
