training_data_sizes: [0.1, 0.2, 0.3, 0.4, 0.5, 0.6]
times: [242.36, 470.79, 701.47, 934.46, 1173.47, 1402.55]
scores: [0.6867850757602652, 0.577679853770342, 0.5314045169677333, 0.6662819571476356, 0.5054836350484802, 0.6464430256781821]
