training_data_sizes: [0.1, 0.2, 0.3, 0.4, 0.5, 0.6, 0.7]
times: [81.0, 176.0, 267.0, 351.0, 447.0, 532.0, 623.0]
scores: [0.7870505192743875, 0.8218081966450573, 0.7427753765579119, 0.8206468439937091, 0.8268696371173425, 0.8533513580418828, 0.8100786198404117]
