training_data_sizes: [0.1, 0.2, 0.3, 0.4]
times: [120.03, 327.13, 610.29, 945.94]
scores: [0.9729080369928885, 0.984339282302789, 0.988438939784588, 0.9908959635425209]
