training_data_sizes: [0.1, 0.2, 0.3, 0.4, 0.5, 0.6, 0.7, 0.8]
times: [108.23, 206.01, 301.42, 409.45, 508.59, 609.37, 708.3, 804.3]
scores: [0.9326268550584119, 1.0, 1.0, 1.0, 0.98684617670292, 1.0, 1.0, 1.0]
