training_data_sizes: [0.1, 0.2, 0.3]
times: [374.19, 738.81, 1107.65]
scores: [0.7713704964451005, 0.8919540779241311, 0.7490770466617338]
