training_data_sizes: [0.1, 0.2, 0.3, 0.4, 0.5, 0.6, 0.7, 0.8, 0.9, 1.0]
times: [22.0, 58.0, 86.0, 111.0, 146.0, 178.0, 209.0, 236.0, 269.0, 293.0]
scores: [0.7501724174834566, 0.8159884914057979, 0.9487378321876659, 0.8202288508231518, 0.8849899097662612, 1.0, 1.0, 0.9002348191332973, 0.8898299174304711, 0.9585910201692324]
