training_data_sizes: [0.1, 0.2, 0.3, 0.4, 0.5, 0.6, 0.7, 0.8, 0.9]
times: [128.0, 254.0, 386.0, 513.0, 646.0, 776.0, 903.9999999999999, 1039.0, 1164.0]
scores: [0.6766846684849877, 0.5999923821888805, 0.6014317544882608, 0.5375584239023686, 0.6527662554650069, 0.5865585591727808, 0.6747589272455841, 0.5807439145150612, 0.5069957743995968]
