training_data_sizes: [0.1, 0.2, 0.3, 0.4]
times: [159.82, 304.12, 450.38, 605.53]
scores: [0.89792979331489, 0.977584521827242, 0.863339475638278, 0.8414022314132488]
