training_data_sizes: [0.1, 0.2, 0.3, 0.4, 0.5, 0.6, 0.7, 0.8, 0.9, 1.0]
times: [4.0, 14.0, 29.0, 30.0, 45.0, 59.0, 63.0, 73.0, 89.0, 94.0]
scores: [0.8155433890509597, 0.8265452962392934, 0.8603302344514087, 0.9104950368976159, 0.9402039304004591, 0.8347784767088045, 0.8598545910679434, 0.9495164968133816, 0.7689296973245734, 0.920180316578608]
