training_data_sizes: [0.1, 0.2, 0.3, 0.4]
times: [65.0, 130.0, 208.0, 272.0]
scores: [0.8719126660445811, 1.0, 0.9068049144398977, 1.0]
