training_data_sizes: [0.1, 0.2, 0.3, 0.4]
times: [150.23, 306.04, 455.05, 601.39]
scores: [0.4966563165049741, 0.5936056530419462, 0.6469305096429355, 0.6087600429083531]
