training_data_sizes: [0.1, 0.2]
times: [302.89, 604.52]
scores: [0.6353327251183318, 0.666355373721866]
