training_data_sizes: [0.1, 0.2, 0.3, 0.4, 0.5, 0.6, 0.7]
times: [192.79, 379.73, 559.51, 746.31, 933.79, 1115.24, 1303.2]
scores: [0.9211593084490041, 0.974741106518972, 0.8962725393200703, 0.9339375799349119, 0.8669476385687563, 0.8685532553433766, 1.0]
