training_data_sizes: [0.1, 0.2, 0.3, 0.4, 0.5, 0.6, 0.7]
times: [115.7, 236.52, 350.59, 459.34, 580.96, 688.62, 802.86]
scores: [0.8939144440399922, 0.9116744277582816, 0.8405606479924416, 0.8737919796992141, 0.9787429287924809, 1.0, 1.0]
