training_data_sizes: [0.1, 0.2, 0.3, 0.4, 0.5, 0.6, 0.7, 0.8, 0.9, 1.0]
times: [8.0, 14.0, 25.0, 30.0, 47.0, 57.0, 63.0, 79.0, 85.0, 90.0]
scores: [0.768876482218745, 0.7885799590231595, 0.8718540396784562, 0.9347941762498386, 1.0, 1.0, 1.0, 1.0, 1.0, 1.0]
