training_data_sizes: [0.1, 0.2, 0.3, 0.4, 0.5]
times: [34.0, 70.0, 112.0, 157.0, 195.0]
scores: [0.986442805030124, 1.0, 0.9294218261662841, 0.9551418943616732, 0.949073045063989]
