training_data_sizes: [0.1, 0.2, 0.3, 0.4, 0.5]
times: [143.28, 288.01, 429.92, 568.66, 700.95]
scores: [0.8388660296217139, 0.7736074856368345, 0.9664999689911382, 0.8721642616911711, 0.971302119076769]
