training_data_sizes: [0.1, 0.2, 0.3, 0.4, 0.5]
times: [221.59, 443.57, 660.16, 889.57, 1104.12]
scores: [0.6781895762362771, 0.7696787996528383, 0.7557121321422183, 0.6771386948228033, 0.6283467597655764]
