training_data_sizes: [0.1, 0.2, 0.3, 0.4, 0.5]
times: [125.55, 249.04, 368.35, 480.59, 600.61]
scores: [0.853478115146304, 0.8533628488664906, 1.0, 1.0, 0.9102605896820174]
