training_data_sizes: [0.1, 0.2, 0.3, 0.4, 0.5, 0.6, 0.7, 0.8, 0.9]
times: [20.0, 58.0, 88.0, 111.0, 142.0, 173.0, 204.0, 234.0, 263.0]
scores: [0.6460093791428705, 0.4704187419931694, 0.49695690198805287, 0.45882976328778635, 0.44846755757752255, 0.45701650939794003, 0.6080656079500572, 0.45202583931407586, 0.4615915032320115]
