training_data_sizes: [0.1, 0.2, 0.3]
times: [16.0, 30.0, 59.0]
scores: [0.9229008868877615, 0.9130778089427539, 0.9832908142568426]
