training_data_sizes: [0.1, 0.2, 0.3, 0.4, 0.5, 0.6, 0.7]
times: [208.09, 408.33, 601.34, 809.05, 1003.19, 1201.7, 1408.05]
scores: [0.9388512443787941, 0.984280994207686, 0.9045689258873183, 0.9459678525278981, 0.8743861440731018, 1.0, 0.9149458388970979]
