training_data_sizes: [0.1, 0.2, 0.3, 0.4, 0.5, 0.6]
times: [59.0, 117.0, 177.0, 239.0, 299.0, 353.0]
scores: [0.8761208785736598, 0.8488347164478032, 0.9178863920926388, 0.8087717172263027, 0.8749721669704638, 0.9827376790558603]
