training_data_sizes: [0.1, 0.2, 0.3, 0.4]
times: [263.5, 515.55, 769.79, 1008.4]
scores: [0.7209122046614516, 0.5135909431601522, 0.4419050126209044, 0.4087740371632428]
