training_data_sizes: [0.1, 0.2, 0.3, 0.4, 0.5, 0.6, 0.7, 0.8, 0.9, 1.0]
times: [0.16, 0.27, 0.43, 0.53, 0.66, 0.72, 0.85, 0.95, 1.05, 1.08]
scores: [0.9852305010330578, 0.9085914731597255, 0.8543787719843832, 0.806238674605229, 0.792735506580859, 0.7756991383509926, 0.7618691049503843, 0.7592739603993781, 0.7406678770030777, 0.7270972828991464]
