training_data_sizes: [0.1, 0.2, 0.3, 0.4, 0.5]
times: [13.0, 39.0, 53.0, 73.0, 95.0]
scores: [0.8765964396095594, 0.9514013321027108, 0.8610324185865657, 1.0, 0.9781424072258623]
