training_data_sizes: [0.1, 0.2, 0.3, 0.4, 0.5, 0.6, 0.7, 0.8, 0.9, 1.0]
times: [1.31, 2.26, 3.11, 4.12, 5.0, 5.84, 6.84, 7.76, 8.59, 9.31]
scores: [0.6692035778159964, 0.6568767178218048, 0.6434698310735154, 0.6389257731169743, 0.6461023732672749, 0.6481560088197149, 0.6541936934426289, 0.6575482874169254, 0.6553012273786475, 0.6684865596943332]
