training_data_sizes: [0.1, 0.2]
times: [396.84, 817.81]
scores: [0.04035984444555986, 0.04058345564679824]
