training_data_sizes: [0.1, 0.2, 0.3, 0.4]
times: [229.61, 454.5, 679.6, 901.7]
scores: [0.8653401889704981, 0.8034303882887466, 0.7398657888119493, 0.8576274653253514]
