training_data_sizes: [0.1, 0.2, 0.3, 0.4, 0.5, 0.6]
times: [159.58, 308.71, 454.73, 608.35, 757.37, 902.63]
scores: [0.6012678573523754, 0.6299948393466499, 0.7482997870941686, 0.7414620658053499, 0.9646758906671241, 0.9402833770720921]
