training_data_sizes: [0.1, 0.2, 0.3, 0.4, 0.5, 0.6, 0.7]
times: [101.53, 203.23, 306.57, 404.36, 505.83, 601.74, 701.51]
scores: [0.980318330825203, 1.0, 1.0, 0.9840328158033106, 0.9894425590832321, 0.9760954472276722, 1.0]
