training_data_sizes: [0.1, 0.2, 0.3, 0.4, 0.5, 0.6, 0.7]
times: [63.0, 135.0, 203.0, 276.0, 348.0, 418.0, 483.99999999999994]
scores: [0.9216747902845442, 0.9337561641615989, 0.900984185808743, 0.8163718304537156, 0.7857707752542831, 0.8180437305208275, 0.9719711224048116]
