training_data_sizes: [0.1, 0.2, 0.3, 0.4, 0.5]
times: [207.19, 408.11, 603.69, 809.3, 1009.08]
scores: [0.7560644391458744, 0.8147784352752421, 0.9492267784486508, 1.0, 0.9148638917994321]
