training_data_sizes: [0.1, 0.2, 0.3, 0.4, 0.5, 0.6, 0.7, 0.8, 0.9]
times: [29.0, 52.0, 80.0, 110.0, 143.0, 173.0, 207.0, 239.0, 268.0]
scores: [0.9711631065302804, 1.0, 0.9160582865677082, 1.0, 0.9308838297853654, 1.0, 1.0, 1.0, 1.0]
