training_data_sizes: [0.1, 0.2, 0.3]
times: [34.0, 79.0, 118.0]
scores: [0.8592057138093108, 0.9694644487768304, 0.8907100072583696]
