training_data_sizes: [0.1, 0.2, 0.3, 0.4, 0.5, 0.6, 0.7]
times: [165.1, 322.37, 474.91, 631.84, 794.82, 952.24, 1109.96]
scores: [0.9774266986844302, 0.9123920415709582, 0.9436263516952561, 0.9661286330924375, 0.9999058359450728, 1.0, 1.0]
