training_data_sizes: [0.1, 0.2, 0.3, 0.4, 0.5, 0.6, 0.7, 0.8, 0.9, 1.0]
times: [30.0, 73.0, 111.0, 154.0, 191.0, 236.0, 271.0, 311.0, 359.0, 395.0]
scores: [0.8243962915493914, 0.8745075070971987, 0.8845820333693241, 0.8633890734931433, 0.8761622688048637, 0.7672390204132964, 0.7184510361163228, 0.7855146266126839, 0.7390355288298122, 0.7539135088475459]
