training_data_sizes: [0.1, 0.2, 0.3, 0.4, 0.5, 0.6, 0.7]
times: [172.54, 348.43, 516.61, 687.86, 863.09, 1029.94, 1208.51]
scores: [0.6865111576833617, 0.8294880702186735, 0.6875313564204675, 0.7929385820029937, 0.7475765326059965, 0.6388359572761391, 0.7543405272985447]
