training_data_sizes: [0.1, 0.2]
times: [556.96, 1107.96]
scores: [0.8285810459043912, 0.7787422976080713]
