training_data_sizes: [0.1, 0.2, 0.3, 0.4, 0.5, 0.6, 0.7, 0.8]
times: [157.73, 306.25, 452.75, 607.93, 754.38, 903.66, 1054.79, 1200.18]
scores: [0.6269341993465216, 0.5293597598860442, 0.6460033370344173, 0.49462692880838904, 0.6288454463877721, 0.47829371609669874, 0.5656686144974085, 0.5590812163055684]
