training_data_sizes: [0.1, 0.2, 0.3, 0.4, 0.5]
times: [164.29, 321.46, 487.06, 643.07, 802.21]
scores: [0.46575138331438165, 0.5366798158273605, 0.4902724820481677, 0.4986282887716418, 0.5651330597283122]
