training_data_sizes: [0.1, 0.2, 0.3, 0.4, 0.5]
times: [129.29, 244.45, 361.7, 483.04, 601.46]
scores: [0.9091503495899549, 0.9106818583838618, 1.0, 1.0, 1.0]
