training_data_sizes: [0.1, 0.2, 0.3, 0.4, 0.5, 0.6, 0.7, 0.8, 0.9]
times: [108.54, 206.23, 300.59, 408.67, 504.26, 600.73, 703.74, 801.07, 909.22]
scores: [1.0, 0.9787024892805716, 1.0, 0.9952852959980425, 1.0, 1.0, 1.0, 1.0, 1.0]
