training_data_sizes: [0.1, 0.2, 0.3, 0.4]
times: [259.94, 503.89, 755.13, 1008.31]
scores: [0.8977460402787232, 0.8720320100884702, 0.9755735609600436, 1.0]
