training_data_sizes: [0.1, 0.2, 0.3, 0.4, 0.5, 0.6]
times: [78.0, 151.0, 238.0, 316.0, 398.0, 479.0]
scores: [0.6818908759737204, 0.7421963077760271, 0.6562410126687177, 0.7793499080391436, 0.8120304945906258, 0.8898390468964787]
