training_data_sizes: [0.1, 0.2, 0.3, 0.4]
times: [128.0, 257.0, 382.0, 514.0]
scores: [0.5388520064422065, 0.6318370083319593, 0.5973195762823451, 0.6777862794001656]
