training_data_sizes: [0.1, 0.2, 0.3, 0.4, 0.5, 0.6, 0.7, 0.8, 0.9, 1.0]
times: [100.0, 217.0, 323.0, 437.0, 547.0, 658.0, 769.0, 876.0, 981.0, 1095.0]
scores: [0.9500184757034691, 0.9217064994229098, 1.0, 0.9333831325483162, 1.0, 1.0, 1.0, 1.0, 0.9947549349068525, 0.975998556894202]
