training_data_sizes: [0.1, 0.2, 0.3, 0.4, 0.5, 0.6, 0.7]
times: [4.0, 10.0, 27.0, 38.0, 43.0, 50.0, 64.0]
scores: [0.8239032427797577, 0.7698931303817782, 0.7581004036081948, 0.9085779329470116, 0.8253192915631973, 0.7392132888343241, 0.7497960230007452]
