training_data_sizes: [0.1, 0.2, 0.3, 0.4, 0.5, 0.6, 0.7, 0.8, 0.9, 1.0]
times: [0.11, 0.2, 0.29, 0.39, 0.5, 0.6, 0.7, 0.8, 0.94, 0.99]
scores: [0.22789417613636354, 0.23053179154523518, 0.17810046612999497, 0.15022268158894692, 0.16825448679744692, 0.14510641213006936, 0.13061575541267323, 0.14264356735628847, 0.1340289992262087, 0.12225297724009931]
