training_data_sizes: [0.1, 0.2, 0.3]
times: [23.0, 56.0, 89.0]
scores: [0.8441704978150303, 0.8919522281679998, 0.8632194533228388]
