training_data_sizes: [0.1, 0.2, 0.3, 0.4, 0.5, 0.6, 0.7]
times: [58.0, 117.0, 176.0, 236.0, 294.0, 358.0, 413.0]
scores: [0.9975312700122299, 1.0, 1.0, 1.0, 1.0, 0.9823690268269774, 1.0]
