training_data_sizes: [0.1, 0.2, 0.3, 0.4, 0.5, 0.6, 0.7, 0.8]
times: [43.0, 93.0, 141.0, 197.0, 246.0, 297.0, 347.0, 395.0]
scores: [0.7563381048663893, 0.7619434026359442, 0.7968660919873389, 0.8552997576532236, 0.967188078855087, 1.0, 1.0, 1.0]
