training_data_sizes: [0.1, 0.2, 0.3, 0.4, 0.5, 0.6, 0.7, 0.8, 0.9, 1.0]
times: [81.65, 160.82, 241.53, 312.48, 353.23, 402.81, 450.59, 519.07, 579.5, 637.9]
scores: [0.4664723705199324, 0.3359287924163806, 0.3126753546007059, 0.2970276904203417, 0.28431181216528045, 0.28072297335552365, 0.2818093681461763, 0.27967162173977045, 0.2809641182684302, 0.2768486110440167]
