training_data_sizes: [0.1, 0.2, 0.3, 0.4, 0.5, 0.6, 0.7, 0.8]
times: [58.0, 116.0, 179.0, 232.0, 295.0, 351.0, 415.0, 474.0]
scores: [0.9750576485375775, 0.8643706816660126, 0.8342498809465488, 0.9838243948237203, 0.8860009679868615, 0.9781350657681381, 0.9605419559909174, 1.0]
