training_data_sizes: [0.1, 0.2, 0.3, 0.4, 0.5]
times: [127.23, 245.18, 367.67, 488.78, 602.74]
scores: [0.5149315302245012, 0.5235198320317909, 0.6433223911727253, 0.7246819460420892, 0.6529743655551986]
