training_data_sizes: [0.1, 0.2, 0.3, 0.4, 0.5, 0.6, 0.7, 0.8, 0.9, 1.0]
times: [0.1, 0.13, 0.18, 0.19, 0.25, 0.37, 0.31, 0.39, 0.47, 0.46]
scores: [0.0, 0.0, 0.11418004690600769, 0.1974299095042129, 0.19990068417567874, 0.22588752394905898, 0.20197468920379036, 0.21574877022161365, 0.20582242417685448, 0.2062484101266664]
