training_data_sizes: [0.1, 0.2, 0.3, 0.4]
times: [116.0, 235.0, 351.0, 478.0]
scores: [0.5994638805456729, 0.5135755682651106, 0.6139397429123298, 0.4598078821385742]
