training_data_sizes: [0.1, 0.2, 0.3, 0.4, 0.5, 0.6, 0.7, 0.8, 0.9]
times: [22.0, 53.0, 82.0, 117.0, 141.0, 179.0, 209.0, 234.0, 269.0]
scores: [0.8326036899906246, 0.9179100786278297, 0.8146560073776672, 0.9781397151924167, 0.9357764670497768, 1.0, 1.0, 1.0, 1.0]
