training_data_sizes: [0.1, 0.2]
times: [603.57, 1208.89]
scores: [0.9222590966548401, 0.8701727092351426]
