training_data_sizes: [0.1, 0.2, 0.3, 0.4, 0.5]
times: [265.28, 520.91, 786.81, 1042.89, 1304.78]
scores: [0.7318618774609922, 0.8194068424933311, 0.7602064433848335, 0.7435832781560474, 0.6776260373245078]
