training_data_sizes: [0.1, 0.2, 0.3, 0.4, 0.5, 0.6, 0.7, 0.8, 0.9]
times: [112.57, 223.58, 343.03, 447.53, 563.69, 673.82, 779.02, 897.54, 1002.4]
scores: [0.7696447328746693, 0.7758966424458767, 0.6793510708706667, 0.6541696415496874, 0.7556401101883942, 0.6880599337999938, 0.660752340213647, 0.711678543711993, 0.602947282485508]
