training_data_sizes: [0.1, 0.2]
times: [21.0, 50.0]
scores: [0.8725944956540159, 0.9177735990015032]
