training_data_sizes: [0.1, 0.2, 0.3, 0.4, 0.5]
times: [64.0, 139.0, 204.0, 279.0, 346.0]
scores: [0.9325061035576161, 0.9746754753915794, 1.0, 1.0, 0.9285263508898565]
