training_data_sizes: [0.1, 0.2, 0.3]
times: [200.45, 402.85, 608.43]
scores: [0.5483576998355187, 0.4705481146816553, 0.6074000811754403]
