training_data_sizes: [0.1, 0.2, 0.3]
times: [11.0, 38.0, 59.0]
scores: [0.7485993813133502, 0.8905286851998829, 0.8975122817415044]
