training_data_sizes: [0.1, 0.2, 0.3, 0.4, 0.5, 0.6]
times: [170.54, 338.7, 505.14, 671.11, 838.83, 1009.38]
scores: [0.7839824886360391, 0.7682910361315025, 0.9304330338882533, 0.8550051474901064, 1.0, 0.9648023047500621]
