training_data_sizes: [0.1, 0.2, 0.3, 0.4, 0.5, 0.6, 0.7, 0.8]
times: [92.9, 183.8, 271.11, 355.16, 446.71, 527.16, 619.71, 702.87]
scores: [0.8180892983484713, 0.7127779193380712, 0.7720386883348614, 0.6847174991337065, 0.5963969928232258, 0.6622970780995636, 0.7436344291223069, 0.6326953320886867]
