training_data_sizes: [0.1, 0.2, 0.3, 0.4, 0.5, 0.6, 0.7, 0.8, 0.9, 1.0]
times: [68.0, 137.0, 202.0, 274.0, 346.0, 414.0, 483.99999999999994, 557.0, 629.0, 699.0]
scores: [0.8455029703949808, 0.8299766350595523, 0.9626481005082952, 1.0, 1.0, 1.0, 1.0, 1.0, 1.0, 1.0]
