training_data_sizes: [0.1, 0.2, 0.3, 0.4, 0.5]
times: [59.0, 114.0, 175.0, 233.0, 296.0]
scores: [0.9131490290373614, 1.0, 0.9723045967334825, 0.9624667900139794, 1.0]
