training_data_sizes: [0.1, 0.2, 0.3, 0.4, 0.5]
times: [54.0, 112.0, 179.0, 238.0, 297.0]
scores: [0.9744711460277391, 0.9458471175916319, 0.9889258604711624, 0.9760778094500254, 0.9057565990123546]
