training_data_sizes: [0.1, 0.2, 0.3, 0.4]
times: [23.0, 56.0, 89.0, 111.0]
scores: [0.97141323708271, 0.9582805804372411, 1.0, 0.9274668846703205]
