training_data_sizes: [0.1, 0.2, 0.3, 0.4, 0.5]
times: [79.0, 153.0, 230.0, 311.0, 393.0]
scores: [0.8309396227883612, 0.8560634822108681, 0.9083378254483427, 0.8139489945962604, 0.8329651296494629]
