training_data_sizes: [0.1, 0.2, 0.3, 0.4, 0.5, 0.6, 0.7, 0.8, 0.9]
times: [118.0, 235.0, 353.0, 477.0, 590.0, 719.0, 835.0, 959.0, 1071.0]
scores: [0.8748649853830659, 0.7548851972257287, 0.9139607745673091, 0.9119351802940754, 0.9084038455571641, 0.7650704382351895, 0.9184857411621186, 0.8535459673293917, 0.914056163342057]
