training_data_sizes: [0.1, 0.2, 0.3, 0.4, 0.5, 0.6, 0.7, 0.8, 0.9]
times: [157.2, 314.69, 476.25, 624.33, 780.28, 934.42, 1095.64, 1251.15, 1401.54]
scores: [0.8927060457065525, 0.8323869645277304, 0.8965208147370671, 0.8349911627242785, 0.862514337324397, 0.8871205927603871, 0.9898476536587173, 0.9727705380966445, 0.9797590847548358]
