training_data_sizes: [0.1, 0.2]
times: [125.0, 255.0]
scores: [0.9492637190775599, 0.8964660059183476]
