training_data_sizes: [0.1, 0.2, 0.3, 0.4, 0.5, 0.6]
times: [43.0, 91.0, 149.0, 195.0, 247.0, 292.0]
scores: [0.8790092228664053, 1.0, 0.8573785256457652, 0.8859770723762435, 0.9116645929529532, 1.0]
