training_data_sizes: [0.1, 0.2]
times: [353.96, 708.28]
scores: [0.8531842078204621, 0.8615887657424562]
