training_data_sizes: [0.1, 0.2, 0.3, 0.4, 0.5, 0.6, 0.7, 0.8]
times: [104.67, 209.97, 302.78, 400.1, 502.62, 609.97, 704.13, 804.08]
scores: [0.7222240247740075, 0.6224465466988865, 0.619520420215091, 0.6834028934207788, 0.910930034459138, 0.8199646558640008, 0.9213752371940893, 1.0]
