training_data_sizes: [0.1, 0.2, 0.3, 0.4]
times: [66.0, 139.0, 206.0, 274.0]
scores: [0.6904597155186212, 0.8785959535258547, 0.9008272014363898, 0.9104527889822025]
