training_data_sizes: [0.1, 0.2, 0.3, 0.4, 0.5, 0.6, 0.7, 0.8]
times: [75.0, 151.0, 236.0, 311.0, 392.0, 476.0, 551.0, 635.0]
scores: [0.7658736355406557, 0.7228383389264165, 0.847645444705376, 0.9187534680140448, 0.8308698500532992, 0.9177172620412049, 1.0, 0.9918635984457755]
