training_data_sizes: [0.1, 0.2, 0.3, 0.4, 0.5, 0.6]
times: [140.43, 272.94, 409.77, 534.43, 673.6, 802.95]
scores: [0.7027969522196458, 0.88886654144094, 0.9232019516357697, 0.814052337525141, 0.9920273931564318, 0.9283664465005992]
