training_data_sizes: [0.1, 0.2, 0.3, 0.4]
times: [230.01, 455.3, 676.67, 907.44]
scores: [1.0, 0.8824004916814441, 1.0, 0.9986167857493955]
