training_data_sizes: [0.1, 0.2, 0.3, 0.4, 0.5]
times: [240.25, 483.52, 726.49, 960.35, 1201.17]
scores: [0.7939112892915965, 0.8289341467197826, 0.9093557837670034, 0.9094024849076756, 0.9796496656263551]
