training_data_sizes: [0.1, 0.2, 0.3, 0.4, 0.5, 0.6, 0.7, 0.8, 0.9]
times: [20.0, 59.0, 87.0, 117.0, 144.0, 178.0, 200.0, 232.0, 265.0]
scores: [0.9252500921184033, 0.9458909476966326, 0.8968005061561606, 0.9138279663633799, 1.0, 1.0, 1.0, 1.0, 1.0]
