training_data_sizes: [0.1, 0.2, 0.3, 0.4, 0.5, 0.6, 0.7, 0.8, 0.9, 1.0]
times: [78.0, 151.0, 230.0, 311.0, 392.0, 475.0, 551.0, 637.0, 712.0, 793.0]
scores: [0.9493102375072209, 0.9235040531235107, 0.9456463225895776, 1.0, 0.8997444578609453, 1.0, 0.8908462584436299, 1.0, 1.0, 0.9807636264598525]
