training_data_sizes: [0.1, 0.2]
times: [42.0, 93.0]
scores: [0.7853564400700336, 0.9494168877659239]
