training_data_sizes: [0.1, 0.2, 0.3, 0.4, 0.5]
times: [206.18, 406.74, 604.4, 807.82, 1007.91]
scores: [0.7463007305079806, 0.7712072551256879, 0.8795329196147019, 0.8662179856266246, 1.0]
