training_data_sizes: [0.1, 0.2, 0.3, 0.4, 0.5, 0.6, 0.7, 0.8, 0.9]
times: [77.0, 158.0, 236.0, 314.0, 394.0, 473.0, 551.0, 636.0, 717.0]
scores: [0.8469007979230951, 0.7798143866557925, 0.7985728869656087, 0.8754383819557497, 0.8800756977161139, 0.8452915931307488, 0.8411724744424394, 0.7800344249737033, 0.8308688200688453]
