training_data_sizes: [0.1, 0.2, 0.3, 0.4, 0.5, 0.6]
times: [47.0, 93.0, 143.0, 194.0, 240.0, 292.0]
scores: [0.7929687294647915, 0.8131289651132156, 0.912633695069561, 0.8949501812029087, 0.9263853328931461, 0.8070144402868162]
