training_data_sizes: [0.1, 0.2, 0.3, 0.4, 0.5, 0.6]
times: [117.0, 233.0, 353.0, 472.0, 597.0, 716.0]
scores: [0.6290801054607302, 0.6476086201791396, 0.6690048692581053, 0.7827162849824945, 0.8773470058456068, 0.9023202872796137]
