training_data_sizes: [0.1, 0.2, 0.3, 0.4, 0.5, 0.6, 0.7]
times: [77.0, 154.0, 236.0, 314.0, 398.0, 476.0, 553.0]
scores: [0.8233140387915686, 0.8409346836779038, 0.9788664291661937, 0.9227023123253127, 0.9217142563993831, 1.0, 0.9856776834033658]
