training_data_sizes: [0.1, 0.2, 0.3, 0.4, 0.5]
times: [48.0, 98.0, 143.0, 191.0, 242.0]
scores: [0.7590595270639042, 0.8501405745309207, 0.8206367355807129, 1.0, 0.9922542879263285]
