training_data_sizes: [0.1, 0.2]
times: [24.0, 55.0]
scores: [0.5334525824279375, 0.5414401092348158]
