training_data_sizes: [0.1, 0.2, 0.3, 0.4, 0.5, 0.6, 0.7, 0.8, 0.9]
times: [79.0, 150.0, 234.0, 311.0, 399.0, 476.0, 558.0, 632.0, 713.0]
scores: [0.8867481219397066, 0.9223263005579055, 0.910379022766481, 0.8749683359618772, 0.821319812989511, 0.8560921287279168, 0.8947525378029282, 0.7021191335517465, 0.7072387569137695]
