training_data_sizes: [0.1, 0.2, 0.3, 0.4, 0.5, 0.6, 0.7]
times: [62.0, 133.0, 207.0, 270.0, 346.0, 419.0, 488.99999999999994]
scores: [0.8912994365477608, 1.0, 1.0, 1.0, 1.0, 1.0, 1.0]
