training_data_sizes: [0.1, 0.2, 0.3, 0.4, 0.5, 0.6, 0.7, 0.8, 0.9, 1.0]
times: [12.07, 22.76, 33.87, 44.95, 57.37, 75.77, 87.32, 98.89, 100.55, 120.58]
scores: [0.6686674779433093, 0.6836674673243781, 0.6948466960743891, 0.7048992432509849, 0.7103305672782971, 0.7155288386547412, 0.7200271209538593, 0.7225802164220076, 0.7262847294070545, 0.7290820290051483]
