training_data_sizes: [0.1, 0.2, 0.3, 0.4, 0.5, 0.6, 0.7]
times: [76.0, 157.0, 238.0, 319.0, 395.0, 473.0, 555.0]
scores: [0.6172961234442181, 0.7474294559131122, 0.7793692791145621, 0.838963710131739, 1.0, 1.0, 1.0]
