training_data_sizes: [0.1, 0.2, 0.3, 0.4, 0.5, 0.6, 0.7]
times: [116.74, 233.04, 343.47, 463.08, 573.92, 694.23, 806.74]
scores: [0.597903091443062, 0.4726488658042248, 0.5129727915376173, 0.6024235814176332, 0.699416895975002, 0.7885526986548053, 0.7486020564811897]
