training_data_sizes: [0.1, 0.2, 0.3]
times: [268.56, 540.64, 805.9]
scores: [0.8313846225055604, 0.9095388316896265, 0.9339363408626564]
