training_data_sizes: [0.1, 0.2, 0.3, 0.4, 0.5]
times: [112.0, 231.0, 350.0, 471.0, 595.0]
scores: [0.8015895391810621, 0.9049707015062851, 0.9515641731808042, 0.7959720421519789, 0.9077876340040131]
