training_data_sizes: [0.1, 0.2, 0.3, 0.4, 0.5, 0.6, 0.7, 0.8]
times: [91.0, 196.0, 299.0, 392.0, 497.0, 596.0, 697.0, 794.0]
scores: [0.7640629910807908, 0.921414278767234, 0.8052056983232021, 0.9982700247095557, 0.9801012098872697, 0.9290019068846199, 1.0, 0.8666482289333655]
