training_data_sizes: [0.1, 0.2, 0.3, 0.4, 0.5, 0.6, 0.7, 0.8, 0.9, 1.0]
times: [27.0, 59.0, 88.0, 119.0, 144.0, 175.0, 206.0, 230.0, 261.0, 294.0]
scores: [0.5560348297167633, 0.4656874825053611, 0.5060274476913617, 0.6213817240379619, 0.5247806597089648, 0.5097044205297857, 0.42166014622757847, 0.4672561406243511, 0.5769355237112856, 0.4421203361601425]
