training_data_sizes: [0.1, 0.2, 0.3]
times: [433.83, 869.54, 1309.12]
scores: [0.7816622121416619, 0.8910533359452877, 0.8140308333038764]
