training_data_sizes: [0.1, 0.2, 0.3, 0.4, 0.5, 0.6, 0.7, 0.8]
times: [150.15, 308.92, 457.24, 604.69, 756.17, 903.63, 1051.8, 1207.7]
scores: [0.8526919293067091, 0.9236819737233546, 0.9688373368067821, 0.9971784940092949, 1.0, 1.0, 1.0, 1.0]
