training_data_sizes: [0.1, 0.2, 0.3]
times: [334.57, 675.11, 1008.14]
scores: [0.765172424428473, 0.6814810310203283, 0.6852086003614506]
