training_data_sizes: [0.1, 0.2, 0.3]
times: [123.0, 257.0, 387.0]
scores: [0.9270034342943718, 0.8997436344085932, 0.8765908518319983]
