training_data_sizes: [0.1, 0.2, 0.3, 0.4, 0.5, 0.6, 0.7, 0.8, 0.9, 1.0]
times: [0.09, 0.11, 0.13, 0.16, 0.19, 0.26, 0.26, 0.32, 0.37, 0.34]
scores: [0.0, 0.0, 0.1088399783510734, 0.1990197346234499, 0.20115998286315184, 0.2205702693564746, 0.20380779691749762, 0.2189335158983723, 0.20794114465000546, 0.20494527184349032]
