training_data_sizes: [0.1, 0.2, 0.3, 0.4, 0.5, 0.6, 0.7, 0.8, 0.9, 1.0]
times: [46.0, 99.0, 141.0, 196.0, 242.0, 290.0, 347.0, 394.0, 445.0, 492.0]
scores: [0.9327218726884046, 0.8404967897251692, 0.8277663400105293, 0.9761351265936584, 0.915471354371872, 0.9409097987536397, 0.7903015885706756, 0.8707213533695378, 0.7937509460558316, 0.7807944951357779]
