training_data_sizes: [0.1, 0.2, 0.3]
times: [22.0, 51.0, 87.0]
scores: [0.7275645487538224, 0.5676578111073798, 0.6151784861618119]
