training_data_sizes: [0.1, 0.2, 0.3, 0.4, 0.5, 0.6, 0.7, 0.8, 0.9]
times: [85.59, 159.71, 235.01, 311.54, 397.47, 470.49, 552.69, 625.92, 709.46]
scores: [0.8728929945905319, 0.7893356194755352, 0.8963460876549109, 0.9315066589114384, 0.9099065666821309, 0.917233166211806, 1.0, 1.0, 0.999271871138123]
