training_data_sizes: [0.1, 0.2, 0.3]
times: [268.33, 536.35, 809.17]
scores: [0.9306096906512067, 0.9416325117068258, 0.9377011506544219]
