training_data_sizes: [0.1, 0.2, 0.3, 0.4, 0.5, 0.6, 0.7, 0.8]
times: [142.08, 284.62, 420.79, 554.62, 688.38, 834.07, 966.18, 1101.54]
scores: [0.7349311696333871, 0.7904336846624503, 0.8978898668396365, 0.9096196470750468, 0.7941483815913963, 0.9894196452162585, 0.9594828438553722, 0.8803491246999613]
