training_data_sizes: [0.1, 0.2, 0.3, 0.4]
times: [44.0, 90.0, 149.0, 194.0]
scores: [0.9517347836966314, 0.8950835858526092, 1.0, 0.8880093771408029]
