training_data_sizes: [0.1, 0.2, 0.3, 0.4, 0.5]
times: [161.0, 322.2, 482.93, 640.73, 806.1]
scores: [0.7995484110712128, 0.9034257975988242, 0.7329220792452387, 0.8780035123146741, 0.8738657335509623]
