training_data_sizes: [0.1, 0.2, 0.3, 0.4, 0.5, 0.6]
times: [200.67, 407.53, 604.9, 805.74, 1008.94, 1202.17]
scores: [0.9472523515421205, 0.9501066691658904, 0.8716763729442113, 0.9449078256766772, 0.9565680560217154, 0.8940294126169034]
