training_data_sizes: [0.1, 0.2, 0.3, 0.4, 0.5, 0.6, 0.7]
times: [188.36, 374.13, 559.09, 752.31, 936.39, 1119.09, 1309.28]
scores: [0.9040484085820326, 0.9200019421177641, 0.9472709734170388, 0.9531847831414253, 0.8755802445260907, 0.8619631452975842, 0.8798310275747154]
