training_data_sizes: [0.1, 0.2, 0.3, 0.4, 0.5, 0.6, 0.7, 0.8, 0.9, 1.0]
times: [111.67, 223.58, 335.51, 442.18, 552.47, 664.51, 771.84, 884.88, 998.99, 1104.56]
scores: [0.8979581274156095, 0.8651517643158061, 0.9022943836029284, 0.9304424214106899, 0.9305701819531871, 0.9434835408417074, 0.8908601113847234, 0.9141793333556479, 0.8564719226743331, 0.9758426779422733]
