training_data_sizes: [0.1, 0.2, 0.3, 0.4, 0.5]
times: [15.0, 33.0, 55.0, 74.0, 93.0]
scores: [0.7941262063125295, 0.8457419491544227, 0.8837723179138763, 0.9168112271863332, 1.0]
