training_data_sizes: [0.1, 0.2, 0.3]
times: [94.0, 192.0, 294.0]
scores: [0.8884021344741175, 0.8131203684099271, 0.8783452112857734]
