training_data_sizes: [0.1, 0.2, 0.3, 0.4, 0.5, 0.6]
times: [236.79, 467.56, 705.18, 941.71, 1168.92, 1405.76]
scores: [0.9477294979199997, 0.8459451361352697, 0.9947398124426545, 0.9453487175878048, 0.9636335293579573, 0.9154113607580061]
