training_data_sizes: [0.1, 0.2, 0.3, 0.4, 0.5, 0.6]
times: [168.68, 341.33, 508.37, 669.6, 842.55, 1001.57]
scores: [0.8522658327091608, 0.909317697200654, 0.8889370501660359, 0.9355495915294805, 1.0, 1.0]
