training_data_sizes: [0.1, 0.2, 0.3, 0.4, 0.5, 0.6]
times: [135.0, 279.0, 415.0, 556.0, 694.0, 838.0]
scores: [0.8211512015171942, 0.8795737596147191, 0.882118535808804, 0.8781503888025959, 0.9766233958184468, 0.9127117314660528]
