training_data_sizes: [0.1, 0.2, 0.3]
times: [368.01, 734.38, 1105.62]
scores: [0.8232359344503297, 0.9624789364648803, 0.8946380789924219]
