training_data_sizes: [0.1, 0.2, 0.3, 0.4, 0.5, 0.6, 0.7, 0.8, 0.9, 1.0]
times: [0.9, 1.64, 2.29, 3.05, 3.73, 4.81, 5.24, 5.88, 6.63, 7.46]
scores: [0.4390144316832741, 0.44009141633421917, 0.43378635439996227, 0.43543277002939496, 0.4292841108628706, 0.4319194971260962, 0.43084017121479395, 0.43410249782174964, 0.4351365640897611, 0.4340431016805096]
