training_data_sizes: [0.1, 0.2, 0.3, 0.4, 0.5]
times: [41.0, 94.0, 148.0, 196.0, 246.0]
scores: [0.8499909356522615, 0.8653804075120708, 0.8210330297841988, 0.9635117431676385, 0.792777877167151]
