training_data_sizes: [0.1, 0.2, 0.3, 0.4, 0.5, 0.6, 0.7, 0.8, 0.9, 1.0]
times: [78.83, 143.0, 210.85, 287.65, 357.78, 429.55, 491.56, 568.29, 638.23, 707.2]
scores: [0.8908757577596852, 0.9922783073700226, 0.9263075461880439, 1.0, 0.9879580873617213, 1.0, 1.0, 1.0, 1.0, 1.0]
