training_data_sizes: [0.1, 0.2]
times: [406.92, 805.0]
scores: [0.8677220687436238, 0.8031110122891818]
