training_data_sizes: [0.1, 0.2, 0.3, 0.4]
times: [23.0, 54.0, 84.0, 113.0]
scores: [0.7428936504674484, 0.8519875229827631, 0.8654552894376044, 0.8194614313127738]
