training_data_sizes: [0.1, 0.2]
times: [559.48, 1109.8]
scores: [0.7356062761068374, 0.8612247395848343]
