training_data_sizes: [0.1, 0.2, 0.3, 0.4]
times: [98.0, 192.0, 294.0, 394.0]
scores: [0.8997673190095001, 0.8987418315751574, 0.8403323081761379, 0.8045279148685649]
