training_data_sizes: [0.1, 0.2, 0.3, 0.4]
times: [282.64, 557.9, 830.2, 1100.37]
scores: [0.8415247657242042, 0.85506150279452, 0.7727703737859437, 0.9173989254276554]
