training_data_sizes: [0.1, 0.2, 0.3]
times: [139.0, 272.0, 414.0]
scores: [0.7472195314342167, 0.7586701685724354, 0.7718557558790982]
