training_data_sizes: [0.1, 0.2, 0.3, 0.4, 0.5, 0.6, 0.7]
times: [101.24, 208.63, 306.63, 408.7, 509.24, 606.0, 700.24]
scores: [0.9461453988702047, 0.9039418294493711, 0.91672358987714, 1.0, 0.925766911894116, 0.9453460654743817, 0.9304877894213807]
