training_data_sizes: [0.1, 0.2, 0.3, 0.4, 0.5]
times: [142.34, 283.01, 428.53, 568.82, 709.95]
scores: [0.7969887158084226, 0.9492693489734803, 0.9492753024794717, 0.7778411771697801, 0.8813677017758307]
