training_data_sizes: [0.1, 0.2, 0.3, 0.4, 0.5, 0.6]
times: [121.0, 256.0, 389.0, 515.0, 649.0, 779.0]
scores: [0.8717199786179836, 0.8096202054891761, 0.8812286202887598, 0.9320884254020443, 0.8980071236174373, 0.9712483327443109]
