training_data_sizes: [0.1, 0.2, 0.3, 0.4, 0.5, 0.6, 0.7, 0.8, 0.9, 1.0]
times: [74.28, 186.76, 263.96, 323.2, 372.28, 419.85, 462.19, 512.69, 559.9, 602.75]
scores: [1.0, 0.9632138648382478, 0.8443570806075434, 0.7022345027981988, 0.690799134206865, 0.6799508700713625, 0.675476980699962, 0.6228371200555936, 0.6336715139762467, 0.6231322000916532]
