training_data_sizes: [0.1, 0.2, 0.3]
times: [115.0, 235.0, 352.0]
scores: [0.9676910230169441, 0.8751751611321842, 1.0]
