training_data_sizes: [0.1, 0.2, 0.3, 0.4, 0.5, 0.6, 0.7, 0.8, 0.9, 1.0]
times: [92.52, 181.45, 270.96, 363.82, 450.5, 546.3, 634.3, 725.7, 816.24, 908.86]
scores: [0.7308703119399618, 0.6568355137990056, 0.8344845733012398, 0.8975438452348037, 0.8073178563437526, 0.8287424059302936, 0.8507093308845067, 1.0, 0.9341864731861658, 1.0]
