training_data_sizes: [0.1, 0.2, 0.3, 0.4, 0.5, 0.6, 0.7, 0.8]
times: [95.71, 184.55, 263.97, 358.64, 444.02, 527.35, 612.83, 702.57]
scores: [0.8432247189875508, 0.8536289735269667, 0.8480806561156049, 1.0, 1.0, 0.9433840104394281, 0.9939000160174161, 1.0]
