training_data_sizes: [0.1, 0.2, 0.3, 0.4, 0.5, 0.6, 0.7]
times: [46.0, 92.0, 141.0, 195.0, 245.0, 298.0, 340.0]
scores: [0.6597498999847229, 0.5021671423977476, 0.5258867117379463, 0.5574306500856654, 0.5117623941782368, 0.4258297780793134, 0.5874829083177785]
