training_data_sizes: [0.1, 0.2, 0.3, 0.4, 0.5, 0.6, 0.7, 0.8, 0.9, 1.0]
times: [47.43, 82.23, 113.68, 150.29, 189.96, 230.35, 272.17, 312.57, 355.45, 396.72]
scores: [0.9243478154632283, 0.7482067765618954, 0.6527058623627691, 0.5918658507955092, 0.5474090055083543, 0.5179432448705399, 0.4933167486443566, 0.4722294234111152, 0.46434508409281383, 0.44777586071869135]
