training_data_sizes: [0.1, 0.2, 0.3, 0.4, 0.5, 0.6, 0.7, 0.8, 0.9]
times: [120.22, 228.7, 341.52, 450.47, 556.62, 672.4, 780.79, 892.68, 1004.46]
scores: [0.614565811092304, 0.5792252261019234, 0.619468824862309, 0.5987897569519995, 0.6644838824723035, 0.6111860208688608, 0.5382328077834602, 0.6071522720292489, 0.5781859635156842]
