training_data_sizes: [0.1, 0.2, 0.3, 0.4]
times: [200.63, 401.69, 603.38, 801.3]
scores: [0.7880461868698105, 0.7546260854360117, 0.8167711733333869, 0.8745832955123831]
