training_data_sizes: [0.1, 0.2]
times: [52.0, 112.0]
scores: [0.9457908383639821, 0.893677016431677]
