training_data_sizes: [0.1, 0.2, 0.3, 0.4, 0.5, 0.6]
times: [174.18, 342.26, 507.42, 670.72, 834.7, 1001.66]
scores: [0.8801769114553982, 0.8618888143806597, 0.894900317271023, 0.8400151628327199, 0.864710263944134, 1.0]
