training_data_sizes: [0.1, 0.2, 0.3, 0.4, 0.5, 0.6, 0.7, 0.8, 0.9, 1.0]
times: [121.86, 243.54, 363.24, 480.48, 606.54, 728.29, 845.4, 962.82, 1088.28, 1208.24]
scores: [0.4457892905415365, 0.6437514758825037, 0.5087008342875328, 0.7188404309806846, 0.6014477345625396, 0.7544584101440645, 0.7376000174548565, 0.8854508258290599, 0.9926814605109147, 0.9936104435988315]
