training_data_sizes: [0.1, 0.2, 0.3, 0.4, 0.5, 0.6, 0.7]
times: [161.63, 317.86, 478.65, 637.99, 795.01, 943.8, 1109.67]
scores: [0.7896882004255789, 0.7910078225010058, 0.9074331570091706, 0.9070572766528745, 0.9760524430664286, 1.0, 1.0]
