training_data_sizes: [0.1, 0.2, 0.3, 0.4, 0.5, 0.6, 0.7, 0.8]
times: [57.0, 118.0, 177.0, 237.0, 296.0, 352.0, 418.0, 473.0]
scores: [0.5010999822119211, 0.6409545815648078, 0.549655637784044, 0.6864883696762063, 0.7217045425531834, 0.7833667998333799, 0.7806959263950366, 0.8328090700845847]
