training_data_sizes: [0.1, 0.2, 0.3, 0.4, 0.5, 0.6, 0.7, 0.8, 0.9]
times: [86.31, 158.79, 235.57, 313.52, 391.05, 468.03, 549.2, 626.31, 705.99]
scores: [0.6299463789079993, 0.5388750763202993, 0.6926194264690309, 0.5580205249971584, 0.6276108114444958, 0.7084531847075327, 0.8837886769851486, 1.0, 1.0]
