training_data_sizes: [0.1, 0.2, 0.3, 0.4, 0.5, 0.6]
times: [173.03, 335.22, 507.58, 668.42, 836.92, 1001.25]
scores: [0.8218983837052954, 0.7385912450836558, 0.7153278397677398, 0.744905012428331, 0.8468823458806412, 0.7614559910815366]
