training_data_sizes: [0.1, 0.2, 0.3, 0.4, 0.5, 0.6, 0.7, 0.8, 0.9, 1.0]
times: [93.0, 194.0, 298.0, 399.0, 498.0, 597.0, 692.0, 793.0, 895.0, 998.0]
scores: [0.7293325193056772, 0.7443655925668313, 0.7460226408568387, 0.8879730428848593, 0.8894082180201108, 0.9357243136211751, 0.9305309045939576, 0.773899261163947, 0.8770876520467277, 0.881255172427854]
