training_data_sizes: [0.1, 0.2, 0.3, 0.4, 0.5, 0.6, 0.7, 0.8]
times: [114.0, 238.0, 358.0, 477.0, 590.0, 711.0, 833.0, 955.0]
scores: [0.7115584617623738, 0.7750560308476178, 0.90054326733449, 0.8069186000770836, 0.9861679695588839, 0.9304149040656005, 0.9260165180842213, 1.0]
