training_data_sizes: [0.1, 0.2, 0.3, 0.4, 0.5, 0.6]
times: [23.0, 59.0, 80.0, 115.0, 142.0, 177.0]
scores: [0.8541755918507168, 1.0, 1.0, 0.9796582340297895, 1.0, 1.0]
