training_data_sizes: [0.1, 0.2, 0.3, 0.4, 0.5, 0.6]
times: [225.04, 439.16, 653.95, 869.8, 1091.04, 1302.72]
scores: [0.6021707233481648, 0.7302350779949277, 0.609738360453958, 0.7504593509828227, 0.8259466479075711, 0.8168452354692988]
