training_data_sizes: [0.1, 0.2, 0.3, 0.4, 0.5, 0.6, 0.7, 0.8]
times: [52.53, 113.11, 186.7, 276.17, 341.83, 449.28, 582.61, 687.83]
scores: [0.9892490959828973, 0.9929538895123334, 0.9937486707810329, 0.9941705034241699, 0.9943487055245086, 0.9943073304627207, 0.8164883195448648, 0.8154948274410844]
