training_data_sizes: [0.1, 0.2, 0.3, 0.4, 0.5, 0.6]
times: [123.0, 252.0, 383.0, 516.0, 643.0, 771.0]
scores: [0.8937836314526093, 0.8588515137062427, 0.9161397657890911, 0.9505493595318599, 0.9918591931277017, 0.9909146560628346]
