training_data_sizes: [0.1, 0.2, 0.3, 0.4, 0.5, 0.6, 0.7, 0.8, 0.9, 1.0]
times: [72.68, 142.82, 218.0, 280.88, 351.55, 422.13, 495.08, 561.48, 631.07, 701.02]
scores: [0.7889246233826878, 0.8430579183470688, 0.8748411763718564, 0.8453827390541889, 0.8808496204047338, 0.8587219063731379, 0.8556380628521147, 0.9213286044715712, 0.8313712009805924, 0.9316116197579893]
