training_data_sizes: [0.1, 0.2, 0.3, 0.4, 0.5, 0.6, 0.7, 0.8, 0.9, 1.0]
times: [48.0, 93.0, 146.0, 199.0, 245.0, 296.0, 341.0, 394.0, 444.0, 490.0]
scores: [0.6675415624221858, 0.6140397253996095, 0.6283162577361598, 0.6053039782775124, 0.629416132925258, 0.5654460711731929, 0.5106414118532108, 0.5060739118273516, 0.4711149765649667, 0.5030633701970889]
