training_data_sizes: [0.1, 0.2, 0.3]
times: [33.0, 73.0, 117.0]
scores: [0.6937709607009808, 0.7969984427712582, 0.6543813405115946]
