training_data_sizes: [0.1, 0.2, 0.3, 0.4]
times: [258.18, 508.4, 756.45, 1006.91]
scores: [0.904001732158906, 1.0, 0.88926517869183, 0.8685053045706905]
