training_data_sizes: [0.1, 0.2, 0.3, 0.4, 0.5]
times: [202.14, 405.86, 606.12, 805.75, 1009.74]
scores: [0.8932728529934872, 0.8569299633311711, 0.9024182498643616, 0.8991323852939486, 0.7742346798725379]
