training_data_sizes: [0.1, 0.2, 0.3, 0.4, 0.5, 0.6, 0.7, 0.8]
times: [62.0, 139.0, 201.0, 279.0, 343.0, 412.0, 487.99999999999994, 553.0]
scores: [0.6571345431860102, 0.5167575130293763, 0.6656006949203316, 0.7532628075410716, 0.7337084668825304, 0.7062001448334857, 0.8155328717362798, 0.9886476981915684]
