training_data_sizes: [0.1, 0.2, 0.3, 0.4, 0.5, 0.6, 0.7, 0.8, 0.9, 1.0]
times: [0.21, 0.33, 0.45, 0.57, 0.67, 0.79, 0.93, 1.02, 1.17, 1.33]
scores: [0.019334210700431422, 0.06536770412884499, 0.10392840108983697, 0.131360752450591, 0.15018315676908783, 0.16207322417480657, 0.17433455104916576, 0.182741532215193, 0.18789833587735094, 0.19360362598491618]
