training_data_sizes: [0.1, 0.2, 0.3, 0.4]
times: [177.85, 355.31, 527.64, 708.43]
scores: [0.7209402659107128, 0.7730614917153678, 0.6878523835432208, 0.8725994467205747]
