training_data_sizes: [0.1, 0.2, 0.3]
times: [43.0, 93.0, 142.0]
scores: [0.8782233558744776, 0.9581785628674098, 0.7899101037520039]
