training_data_sizes: [0.1, 0.2, 0.3]
times: [119.0, 232.0, 357.0]
scores: [0.9483074828947557, 0.8859052051708296, 1.0]
