training_data_sizes: [0.1, 0.2, 0.3, 0.4, 0.5, 0.6, 0.7, 0.8, 0.9]
times: [82.79, 163.55, 239.6, 317.8, 393.16, 474.85, 553.08, 627.7, 704.11]
scores: [0.8369681738814128, 0.8075858606744739, 0.7586968142357702, 0.9253317950769739, 0.9732575828190554, 1.0, 0.8995364644030281, 1.0, 1.0]
