training_data_sizes: [0.1, 0.2, 0.3, 0.4, 0.5, 0.6, 0.7, 0.8, 0.9]
times: [135.85, 268.31, 408.15, 540.81, 673.03, 808.75, 937.45, 1072.99, 1204.43]
scores: [0.47607627021401533, 0.4937934487064769, 0.5363253369667436, 0.6250494076722221, 0.5598565420203337, 0.44901212659954914, 0.4295582346871372, 0.5122615993704148, 0.4980509372275258]
