training_data_sizes: [0.1, 0.2, 0.3, 0.4, 0.5]
times: [287.68, 569.02, 846.43, 1122.72, 1408.08]
scores: [0.7721556341132659, 0.9609311392530704, 0.8316682178364103, 0.9947105239528122, 1.0]
