training_data_sizes: [0.1, 0.2]
times: [457.31, 905.75]
scores: [0.5838290911814153, 0.6847492221292909]
