training_data_sizes: [0.1, 0.2, 0.3, 0.4, 0.5, 0.6, 0.7, 0.8, 0.9]
times: [112.7, 226.39, 340.12, 451.48, 561.81, 674.84, 780.69, 888.99, 1007.3]
scores: [0.8689268095590277, 0.9339305198749949, 0.76343297229853, 0.8907214244371305, 0.7929050705462192, 0.7933833467293292, 0.8628972829639937, 0.7960250644698643, 0.904681795770704]
