training_data_sizes: [0.1, 0.2, 0.3, 0.4, 0.5, 0.6, 0.7]
times: [157.69, 321.77, 481.42, 630.69, 787.16, 951.17, 1107.03]
scores: [0.8216767150867706, 0.78599261989995, 0.7683536449568236, 0.9124653149722233, 0.8638593571217328, 0.9231063985896195, 0.8935140061896328]
