training_data_sizes: [0.1, 0.2, 0.3, 0.4, 0.5, 0.6, 0.7, 0.8, 0.9]
times: [30.0, 72.0, 115.0, 152.0, 197.0, 234.0, 275.0, 314.0, 354.0]
scores: [0.8940328592341078, 0.8268285260163827, 0.9609062851747107, 0.9987770470214932, 0.9921518298543415, 1.0, 0.9244392875373589, 1.0, 1.0]
