training_data_sizes: [0.1, 0.2, 0.3, 0.4, 0.5, 0.6, 0.7, 0.8, 0.9, 1.0]
times: [7.63, 22.1, 42.96, 70.56, 106.27, 149.75, 197.52, 259.11, 320.49, 390.09]
scores: [0.3082755941867806, 0.328858703840035, 0.343746202367236, 0.353187731881415, 0.34286567382293276, 0.3489204387809742, 0.3511174626404019, 0.35330381182910076, 0.36065976281756235, 0.35923287056342873]
