training_data_sizes: [0.1, 0.2, 0.3, 0.4, 0.5, 0.6, 0.7, 0.8, 0.9, 1.0]
times: [71.0, 158.0, 236.0, 311.0, 391.0, 470.0, 556.0, 635.0, 716.0, 790.0]
scores: [0.9152470758159823, 0.9773429807236302, 0.9538994931261238, 0.9450904936070166, 0.9683191971620841, 1.0, 1.0, 1.0, 1.0, 1.0]
