training_data_sizes: [0.1, 0.2]
times: [309.8, 859.7]
scores: [0.040907765965378574, 0.04905501628432416]
