training_data_sizes: [0.1, 0.2, 0.3, 0.4, 0.5, 0.6, 0.7, 0.8, 0.9, 1.0]
times: [3.15, 7.83, 8.61, 13.87, 22.3, 26.89, 41.35, 25.0, 34.33, 48.76]
scores: [0.007389312420391092, 0.005228187681086793, 0.003744499271727153, 0.007914201586301961, 0.011199341697915144, 0.02058070902811282, 0.007657955213799306, 0.0008712365714556025, 0.003130506072885897, 0.0031725234255446377]
