training_data_sizes: [0.1, 0.2, 0.3, 0.4, 0.5, 0.6, 0.7, 0.8]
times: [28.0, 59.0, 81.0, 116.0, 140.0, 172.0, 202.0, 236.0]
scores: [1.0, 1.0, 0.8918822450558663, 1.0, 1.0, 0.9659132728205632, 1.0, 1.0]
