training_data_sizes: [0.1, 0.2, 0.3, 0.4, 0.5, 0.6, 0.7, 0.8, 0.9, 1.0]
times: [61.65, 123.37, 182.71, 246.2, 305.71, 362.72, 425.01, 487.38, 543.83, 607.53]
scores: [0.8005377220107848, 0.8297021431591729, 0.9525253973802497, 0.9593316806379966, 1.0, 1.0, 0.9905884416202795, 0.9204770679266385, 0.9059741069807008, 1.0]
