training_data_sizes: [0.1, 0.2, 0.3, 0.4, 0.5]
times: [54.0, 112.0, 171.0, 235.0, 298.0]
scores: [0.5072636999651693, 0.489101276330719, 0.5287901280627779, 0.7106334235271043, 0.7342363397442833]
