training_data_sizes: [0.1, 0.2, 0.3, 0.4, 0.5, 0.6, 0.7, 0.8]
times: [91.03, 179.04, 268.13, 351.37, 444.93, 530.13, 617.81, 704.53]
scores: [0.5984383164598196, 0.7506149529804973, 0.7989882722494936, 0.6849334286910064, 0.8950624239863627, 0.8340071475329629, 0.8521140163440064, 0.9501193474530126]
