training_data_sizes: [0.1, 0.2, 0.3, 0.4, 0.5, 0.6, 0.7, 0.8]
times: [75.0, 156.0, 238.0, 313.0, 391.0, 479.0, 559.0, 634.0]
scores: [0.7019310603208999, 0.6787381503699224, 0.6935820099314829, 0.7058622187500495, 0.7881801787866685, 0.9149883381306481, 1.0, 0.9977976229423435]
