training_data_sizes: [0.1, 0.2, 0.3, 0.4, 0.5, 0.6, 0.7, 0.8, 0.9, 1.0]
times: [90.0, 194.0, 299.0, 394.0, 498.0, 595.0, 696.0, 798.0, 890.0, 998.0]
scores: [0.9574817113881576, 0.8673337882159645, 0.999899092336705, 0.8424684688585946, 0.9323346499779073, 0.8586960333571743, 1.0, 0.9491920657224701, 0.8871552831526817, 1.0]
