training_data_sizes: [0.1, 0.2]
times: [354.99, 701.74]
scores: [0.9093358471311381, 0.8982842535405049]
