training_data_sizes: [0.1, 0.2, 0.3]
times: [38.0, 74.0, 112.0]
scores: [0.760574095361674, 0.8242821429258299, 0.7326438715358937]
