training_data_sizes: [0.1, 0.2, 0.3, 0.4, 0.5, 0.6, 0.7, 0.8]
times: [76.6, 158.09, 230.51, 309.16, 382.35, 459.48, 525.25, 602.14]
scores: [0.8315015345306083, 0.6294543245908593, 0.6720005546475456, 0.7461254590643315, 0.7000876636720501, 0.5768452352731419, 0.570566558672809, 0.6667612300904892]
