training_data_sizes: [0.1, 0.2, 0.3]
times: [114.0, 239.0, 358.0]
scores: [0.8758862107459116, 0.6980884673644903, 0.7148921154632892]
