training_data_sizes: [0.1, 0.2, 0.3]
times: [273.5, 537.83, 806.22]
scores: [0.6124002776934003, 0.6127238685577401, 0.7547435239849511]
