training_data_sizes: [0.1, 0.2, 0.3, 0.4, 0.5, 0.6, 0.7, 0.8, 0.9, 1.0]
times: [18.1, 33.91, 50.07, 71.3, 91.61, 111.7, 131.32, 146.0, 161.17, 169.75]
scores: [0.6667483323722794, 0.667009267293037, 0.6725609047020393, 0.6764353048445289, 0.677590587222525, 0.6789507639210952, 0.6797174576722682, 0.6796618787810291, 0.680092066857255, 0.682460560898158]
