training_data_sizes: [0.1, 0.2]
times: [21.0, 52.0]
scores: [0.9160883564287425, 0.8986706037068415]
