training_data_sizes: [0.1, 0.2, 0.3, 0.4, 0.5]
times: [116.0, 230.0, 354.0, 475.0, 593.0]
scores: [0.8920387226861508, 1.0, 1.0, 0.9482765181773252, 0.9816132543566991]
