training_data_sizes: [0.1, 0.2, 0.3, 0.4, 0.5, 0.6, 0.7]
times: [89.0, 174.0, 265.0, 355.0, 445.0, 532.0, 627.0]
scores: [0.8379168716972096, 1.0, 0.8884069277183568, 1.0, 0.9025410270444141, 0.9630791932897671, 0.980975024235457]
