training_data_sizes: [0.1, 0.2, 0.3, 0.4, 0.5, 0.6, 0.7, 0.8]
times: [155.03, 304.24, 455.57, 603.75, 759.2, 909.2, 1051.26, 1205.63]
scores: [0.7500019149942116, 0.7225717764538884, 0.74690611098626, 0.7921538153220189, 0.7796001744431722, 0.9298862821198728, 0.8503285395252898, 0.9357125515678527]
