training_data_sizes: [0.1, 0.2, 0.3, 0.4, 0.5, 0.6, 0.7, 0.8, 0.9, 1.0]
times: [72.0, 157.0, 237.0, 312.0, 397.0, 472.0, 550.0, 633.0, 715.0, 798.0]
scores: [0.8648558860253543, 0.9952692592138788, 1.0, 0.9416094148821028, 1.0, 1.0, 1.0, 1.0, 1.0, 1.0]
