training_data_sizes: [0.1, 0.2, 0.3, 0.4, 0.5, 0.6]
times: [126.14, 242.6, 350.36, 470.34, 592.99, 704.72]
scores: [0.896535493302159, 0.8113319982216955, 0.8282054431278176, 0.9043122345847073, 0.9888289118627027, 0.9557363613336536]
