training_data_sizes: [0.1, 0.2, 0.3, 0.4, 0.5, 0.6, 0.7, 0.8]
times: [18.0, 36.0, 58.0, 78.0, 99.0, 117.0, 131.0, 150.0]
scores: [0.9327391522153013, 0.8534577538576402, 0.8741865911212778, 0.9664874204323237, 0.9216407382717215, 0.9123137416480552, 1.0, 1.0]
