training_data_sizes: [0.1, 0.2, 0.3, 0.4, 0.5]
times: [205.36, 408.72, 601.78, 800.19, 1009.26]
scores: [0.7439374649782188, 0.9314631860966796, 0.8797257042285933, 0.9609102945198429, 0.9337883314264355]
