training_data_sizes: [0.1, 0.2, 0.3, 0.4, 0.5, 0.6, 0.7]
times: [27.0, 55.0, 84.0, 114.0, 149.0, 179.0, 205.0]
scores: [0.8113156718266552, 0.8082894541702957, 0.850298999871977, 0.9854370128824135, 0.9487079956887476, 0.9676819789315918, 1.0]
