training_data_sizes: [0.1, 0.2, 0.3, 0.4, 0.5, 0.6, 0.7, 0.8, 0.9, 1.0]
times: [92.08, 189.58, 274.39, 363.72, 455.56, 547.56, 633.64, 725.41, 811.67, 902.57]
scores: [0.8172092603376806, 0.7888904426731427, 0.8370610991839498, 0.8096350454516179, 0.8533776183487962, 0.8105269305001439, 0.8786921194393793, 0.8426905930176853, 0.9719062545836363, 0.9228958201522259]
