training_data_sizes: [0.1, 0.2, 0.3, 0.4]
times: [19.0, 32.0, 59.0, 75.0]
scores: [0.5853678543491271, 0.6314137158129653, 0.5776799716967423, 0.5930827440719668]
