training_data_sizes: [0.1, 0.2, 0.3, 0.4, 0.5, 0.6, 0.7]
times: [94.3, 172.0, 258.78, 344.99, 436.62, 518.2, 606.34]
scores: [0.7118115137078829, 0.8174317182771911, 0.7163912382751416, 0.7611131401368395, 0.663909689886524, 0.753154731776283, 0.826132735491273]
