training_data_sizes: [0.1, 0.2, 0.3, 0.4, 0.5, 0.6, 0.7, 0.8, 0.9]
times: [148.51, 291.54, 440.07, 581.5, 730.65, 870.87, 1011.87, 1163.39, 1301.55]
scores: [0.997788111042035, 0.8534074129706661, 0.9718666571136427, 1.0, 0.8818374014044226, 0.9919286229478259, 0.9333166289428405, 0.9662430540631661, 1.0]
