training_data_sizes: [0.1, 0.2, 0.3, 0.4, 0.5, 0.6, 0.7]
times: [188.32, 377.97, 564.94, 750.7, 937.88, 1122.39, 1304.76]
scores: [0.8468906898143223, 0.8347780533849627, 0.8882350492998983, 0.8424226879526937, 0.9033040770648002, 0.9926482813636524, 1.0]
