training_data_sizes: [0.1, 0.2, 0.3, 0.4, 0.5]
times: [160.21, 321.98, 480.4, 645.72, 802.04]
scores: [0.6830483548870565, 0.8339904146774124, 0.8214662583131966, 0.9563470269914371, 0.9778124759429364]
