training_data_sizes: [0.1, 0.2, 0.3, 0.4, 0.5, 0.6, 0.7]
times: [70.0, 155.0, 236.0, 314.0, 395.0, 470.0, 554.0]
scores: [0.920607427106923, 0.7887667905127631, 0.839309602283457, 0.9938675018380106, 1.0, 1.0, 1.0]
