training_data_sizes: [0.1, 0.2, 0.3, 0.4, 0.5, 0.6, 0.7, 0.8]
times: [121.11, 232.27, 338.61, 453.83, 571.12, 683.13, 789.36, 904.93]
scores: [0.8937196548504769, 0.8321711918255121, 1.0, 0.9232609934347564, 0.9734762111362678, 1.0, 1.0, 1.0]
