training_data_sizes: [0.1, 0.2, 0.3, 0.4]
times: [47.0, 92.0, 149.0, 193.0]
scores: [0.559907566830239, 0.7364487887694694, 0.6255042844429983, 0.7585454795486971]
