training_data_sizes: [0.1, 0.2, 0.3]
times: [435.09, 868.42, 1308.26]
scores: [0.7940991160319291, 0.802619641920634, 0.8305121554580488]
