training_data_sizes: [0.1, 0.2, 0.3, 0.4, 0.5]
times: [51.0, 110.0, 174.0, 233.0, 298.0]
scores: [0.7931277743814443, 0.8207043042727824, 0.8548595542294551, 0.9906271910925804, 1.0]
