training_data_sizes: [0.1, 0.2, 0.3]
times: [50.0, 114.0, 179.0]
scores: [0.8061968397980827, 0.9018704095208516, 0.8740046897523273]
