training_data_sizes: [0.1, 0.2, 0.3, 0.4, 0.5, 0.6, 0.7, 0.8, 0.9, 1.0]
times: [52.96, 118.62, 139.82, 182.32, 217.46, 255.92, 288.42, 319.81, 380.41, 400.4]
scores: [1.0, 0.9944924968425856, 0.8659492245265814, 0.715423624699707, 0.6785204767547919, 0.6528640882997822, 0.682619857234022, 0.6367728190127148, 0.6190352457822335, 0.6137994084512721]
