training_data_sizes: [0.1, 0.2, 0.3, 0.4, 0.5, 0.6, 0.7, 0.8, 0.9]
times: [114.0, 236.0, 352.0, 470.0, 592.0, 710.0, 837.0, 957.0, 1076.0]
scores: [0.749739186819254, 0.7410757218991089, 0.7495941840584415, 0.7878930159857128, 0.8285271433119326, 0.9187808110271087, 0.8703178668583496, 0.908124780201221, 0.9269831934898456]
