training_data_sizes: [0.1, 0.2, 0.3]
times: [341.22, 667.99, 1007.87]
scores: [0.9555137674812273, 0.8068160734806793, 0.9337553315091818]
