training_data_sizes: [0.1, 0.2]
times: [653.54, 1301.04]
scores: [0.8259645716491393, 0.7266611325291863]
