training_data_sizes: [0.1, 0.2, 0.3, 0.4, 0.5, 0.6, 0.7, 0.8, 0.9, 1.0]
times: [113.84, 226.28, 335.63, 448.26, 553.51, 669.48, 770.7, 882.81, 996.05, 1106.34]
scores: [0.9222177466230691, 0.936421269098346, 0.9196226614190761, 0.8534855414206797, 0.9881437603253616, 0.9577913651529357, 0.8653605261501476, 0.8821201574642858, 0.9619395933510623, 0.8892412060278945]
