training_data_sizes: [0.1, 0.2, 0.3, 0.4, 0.5, 0.6, 0.7, 0.8, 0.9]
times: [146.62, 292.75, 441.93, 577.98, 723.88, 873.25, 1017.34, 1164.47, 1309.98]
scores: [0.9528124893936967, 0.973458944014389, 0.8375460257422948, 0.8446523736507165, 0.8271189907831799, 0.9375448077335421, 0.9279832095732211, 0.8523662113216188, 0.9787038411339025]
