training_data_sizes: [0.1, 0.2, 0.3, 0.4]
times: [254.72, 505.31, 759.44, 1007.78]
scores: [0.7678009036400317, 0.9143142592743594, 0.9400290154632753, 0.9664947826145578]
