training_data_sizes: [0.1, 0.2, 0.3, 0.4, 0.5, 0.6, 0.7]
times: [28.79, 52.77, 86.01, 117.33, 158.08, 203.74, 249.43]
scores: [0.9499748551788104, 0.9569717929075995, 0.9602882209066224, 0.9608534380700025, 0.9627944404658679, 0.9667156081281238, 0.9682656910297214]
