training_data_sizes: [0.1, 0.2, 0.3, 0.4, 0.5, 0.6]
times: [50.0, 117.0, 177.0, 232.0, 296.0, 355.0]
scores: [0.6480784972059299, 0.6500473497640704, 0.8038052365829693, 0.7695025330152292, 0.931778916852348, 0.7981045961657853]
