training_data_sizes: [0.1, 0.2, 0.3, 0.4, 0.5, 0.6, 0.7]
times: [117.89, 235.2, 348.15, 459.78, 578.1, 694.31, 804.53]
scores: [0.9391517704158003, 0.917586236711523, 0.7878903550566703, 0.9215639817529199, 0.8462366007130521, 0.8792160820778285, 0.9268162215287081]
