training_data_sizes: [0.1, 0.2, 0.3, 0.4, 0.5, 0.6]
times: [54.0, 118.0, 175.0, 238.0, 299.0, 355.0]
scores: [1.0, 0.9693394691284518, 0.977170184592986, 0.996131373071508, 1.0, 1.0]
