training_data_sizes: [0.1, 0.2, 0.3]
times: [342.43, 666.95, 1007.81]
scores: [0.81432534205452, 0.7909669342477524, 0.9273667621309011]
