training_data_sizes: [0.1, 0.2, 0.3, 0.4, 0.5]
times: [241.12, 482.7, 728.63, 969.99, 1201.25]
scores: [0.8842059732456998, 0.8828323502516264, 0.8355851192831751, 0.9892525731736501, 1.0]
