training_data_sizes: [0.1, 0.2, 0.3, 0.4, 0.5]
times: [28.0, 50.0, 86.0, 116.0, 141.0]
scores: [0.6682720814547594, 0.7360504054115464, 0.8147741561498281, 0.9058614383301999, 0.9324502781159051]
