training_data_sizes: [0.1, 0.2, 0.3, 0.4, 0.5, 0.6, 0.7]
times: [117.76, 233.02, 345.85, 464.53, 571.54, 686.47, 802.4]
scores: [0.8234835462317506, 0.8976547402272145, 0.9428509280492707, 0.978877089092349, 0.9468851497772703, 1.0, 0.9696112304944301]
