training_data_sizes: [0.1, 0.2, 0.3, 0.4, 0.5, 0.6]
times: [189.33, 367.41, 556.52, 733.76, 923.25, 1103.0]
scores: [0.9115063621986377, 0.8649411026537503, 0.7977538964201368, 0.9199189397254006, 0.8704164593189783, 0.8125040805315478]
