training_data_sizes: [0.1, 0.2, 0.3, 0.4, 0.5, 0.6, 0.7, 0.8]
times: [170.48, 330.06, 487.93, 651.73, 817.74, 982.21, 1139.64, 1309.82]
scores: [0.7792895730507008, 0.9752721480828228, 0.9305718910196066, 1.0, 1.0, 1.0, 1.0, 1.0]
