training_data_sizes: [0.1, 0.2, 0.3, 0.4, 0.5, 0.6]
times: [222.56, 436.79, 654.96, 870.64, 1086.48, 1304.91]
scores: [0.651827242040253, 0.7339490171637351, 0.725076313250455, 0.8724977145268644, 0.9937124746789336, 0.9845213127648397]
