training_data_sizes: [0.1, 0.2, 0.3]
times: [337.52, 671.51, 1007.74]
scores: [0.5674829877106107, 0.5567642843143101, 0.7072460953171047]
