training_data_sizes: [0.1, 0.2, 0.3, 0.4, 0.5, 0.6, 0.7, 0.8, 0.9]
times: [52.0, 111.0, 174.0, 230.0, 293.0, 353.0, 418.0, 477.0, 531.0]
scores: [0.5426503564088617, 0.47254053885581715, 0.48498767450902946, 0.5882125579881919, 0.4454974444166093, 0.517836019079242, 0.7061922314877143, 0.6670573865064366, 0.7789085630968273]
