training_data_sizes: [0.1, 0.2, 0.3, 0.4, 0.5, 0.6]
times: [71.0, 152.0, 233.0, 314.0, 397.0, 475.0]
scores: [0.6285177240704203, 0.7026526201701294, 0.730140822572682, 0.7955404998122381, 0.8578874258514919, 1.0]
