training_data_sizes: [0.1, 0.2, 0.3, 0.4, 0.5, 0.6, 0.7, 0.8, 0.9, 1.0]
times: [48.0, 92.0, 140.0, 194.0, 248.0, 293.0, 340.0, 391.0, 448.0, 495.0]
scores: [0.6623411556214566, 0.7020052732451846, 0.6468793279918741, 0.7512241280944605, 0.7251542094040008, 0.6930597027312726, 0.5939726439061007, 0.557862187590112, 0.5230050121440133, 0.5284380702437567]
