training_data_sizes: [0.1, 0.2]
times: [704.2, 1406.9]
scores: [0.8643839330845653, 0.8454174908836226]
