training_data_sizes: [0.1, 0.2, 0.3, 0.4, 0.5, 0.6, 0.7, 0.8, 0.9, 1.0]
times: [105.29, 204.18, 304.67, 407.51, 502.56, 600.79, 702.09, 808.95, 909.09, 1009.04]
scores: [0.8282255722726469, 0.9226068708008597, 0.8232937256829798, 0.939061417470858, 1.0, 1.0, 1.0, 1.0, 1.0, 1.0]
