training_data_sizes: [0.1, 0.2, 0.3, 0.4, 0.5]
times: [141.86, 289.72, 427.87, 560.49, 704.57]
scores: [0.8589001893893721, 0.830304475288195, 1.0, 0.9452155407147278, 0.929952451273484]
