training_data_sizes: [0.1, 0.2, 0.3, 0.4, 0.5, 0.6, 0.7, 0.8, 0.9]
times: [90.84, 186.03, 271.29, 364.09, 450.44, 539.02, 624.31, 718.42, 809.18]
scores: [0.8424165884985728, 0.7859569740228427, 0.8613835436066344, 0.8038983492291677, 0.7380334892225832, 0.8237032483344361, 0.795215915466433, 0.6740476637004471, 0.8334401286789398]
