training_data_sizes: [0.1, 0.2, 0.3, 0.4, 0.5, 0.6, 0.7, 0.8, 0.9, 1.0]
times: [2.33, 4.66, 10.08, 8.48, 12.15, 15.62, 20.23, 23.94, 26.02, 27.77]
scores: [0.999648161798095, 0.9993833161886192, 0.999556696171729, 0.9996352976534378, 0.9996352808363212, 0.9996564764649667, 0.9996335551161305, 0.9997135047565295, 0.999725307834388, 0.9995667294893695]
