training_data_sizes: [0.1, 0.2, 0.3, 0.4, 0.5]
times: [264.41, 523.76, 782.46, 1047.17, 1304.1]
scores: [0.7647140776321767, 0.725035631768512, 0.7776273109202338, 0.8526475904537392, 0.6666866929135836]
