training_data_sizes: [0.1, 0.2, 0.3, 0.4, 0.5, 0.6]
times: [24.0, 52.0, 82.0, 118.0, 149.0, 171.0]
scores: [0.8699089850206772, 0.7687348476327678, 0.9338700259766911, 0.9307570746639791, 1.0, 1.0]
