training_data_sizes: [0.1, 0.2, 0.3, 0.4, 0.5, 0.6, 0.7]
times: [205.26, 409.73, 600.86, 803.08, 1007.6, 1202.63, 1404.69]
scores: [0.8880445406281388, 0.9350162597323464, 0.8876350044674839, 1.0, 0.9908965593890837, 0.945881487314984, 1.0]
