training_data_sizes: [0.1, 0.2, 0.3, 0.4, 0.5, 0.6, 0.7, 0.8, 0.9]
times: [97.0, 192.0, 291.0, 398.0, 491.0, 598.0, 692.0, 792.0, 894.0]
scores: [0.8242318817440619, 0.7888983268652638, 0.8527226613656786, 0.7997405163471314, 0.8150651537258136, 0.9902655586893823, 1.0, 0.9448174129948128, 1.0]
