training_data_sizes: [0.1, 0.2, 0.3, 0.4, 0.5, 0.6, 0.7, 0.8, 0.9, 1.0]
times: [0.14, 0.73, 0.9, 1.1, 1.3, 1.53, 1.8, 2.0, 2.25, 2.46]
scores: [0.9477885011670479, 0.9650055594576675, 0.9502400984501226, 0.9220544382445255, 0.8666647752293315, 0.8386156161606279, 0.7941089124241731, 0.739143371067246, 0.7006265808344839, 0.6597743506122395]
