training_data_sizes: [0.1, 0.2, 0.3, 0.4, 0.5, 0.6, 0.7, 0.8, 0.9, 1.0]
times: [70.0, 151.0, 234.0, 316.0, 392.0, 479.0, 556.0, 632.0, 717.0, 794.0]
scores: [0.7576083164326826, 0.9297321302528003, 0.9037026348156039, 0.8804029067400919, 0.7310353714973494, 0.7508313201031755, 0.8535967927178354, 0.7733317265351736, 0.6854826916809267, 0.7491558213108322]
