training_data_sizes: [0.1, 0.2, 0.3, 0.4, 0.5, 0.6, 0.7, 0.8, 0.9]
times: [17.0, 38.0, 57.0, 73.0, 99.0, 111.0, 139.0, 153.0, 177.0]
scores: [0.625775801850735, 0.5980502416746896, 0.5931534166740202, 0.7676970847523736, 0.6880979449305508, 0.7603748914201602, 0.9284912584169688, 0.8603503158670568, 0.9180827603992564]
