training_data_sizes: [0.1, 0.2, 0.3, 0.4, 0.5, 0.6, 0.7, 0.8, 0.9]
times: [125.0, 255.0, 383.0, 518.0, 643.0, 775.0, 902.9999999999999, 1030.0, 1160.0]
scores: [0.7837199665443297, 0.9572372705250954, 0.9501371195486751, 0.8848524874161897, 0.9032335196748296, 1.0, 1.0, 1.0, 1.0]
