training_data_sizes: [0.1, 0.2, 0.3, 0.4, 0.5, 0.6, 0.7, 0.8, 0.9]
times: [79.7, 159.6, 233.47, 320.6, 391.19, 471.51, 550.62, 624.16, 701.97]
scores: [0.8590660071671753, 0.8011305406068552, 0.7546508439276693, 0.8559444505613798, 0.8246894605232176, 0.7578849289298635, 0.7046952577191691, 0.7938840157386755, 0.7716614441130379]
