training_data_sizes: [0.1, 0.2, 0.3, 0.4, 0.5, 0.6]
times: [169.96, 339.44, 507.12, 670.13, 834.9, 1002.25]
scores: [0.6533511458468858, 0.6383158853017143, 0.7232504634247386, 0.5969833188945259, 0.7192793815763794, 0.6089309461410299]
