training_data_sizes: [0.1, 0.2, 0.3, 0.4]
times: [106.0, 214.0, 328.0, 431.0]
scores: [0.9469363941114488, 0.865163849031723, 0.8489491801510911, 1.0]
