training_data_sizes: [0.1, 0.2, 0.3, 0.4, 0.5, 0.6, 0.7, 0.8, 0.9]
times: [78.31, 163.73, 240.92, 312.18, 396.49, 468.02, 548.25, 627.31, 704.48]
scores: [0.745856233792418, 0.5994102205973783, 0.6417917697816866, 0.7405198301383414, 0.7055399378431559, 0.6387876278023286, 0.6331738704303628, 0.6970059298302657, 0.584768645809554]
