training_data_sizes: [0.1, 0.2, 0.3, 0.4, 0.5, 0.6, 0.7, 0.8, 0.9, 1.0]
times: [62.74, 126.66, 191.7, 248.98, 303.09, 363.26, 424.91, 479.74, 545.63, 606.89]
scores: [1.0, 1.0, 1.0, 0.9577115895506975, 0.8618897471613011, 0.8676379679118099, 0.7861910372697277, 0.7600578020035997, 0.7219773428468551, 0.7200740821372463]
