training_data_sizes: [0.1, 0.2, 0.3, 0.4, 0.5, 0.6, 0.7, 0.8, 0.9, 1.0]
times: [44.0, 98.0, 147.0, 195.0, 240.0, 293.0, 345.0, 392.0, 446.0, 494.0]
scores: [0.8416872393328773, 0.9331722309405769, 0.8637625872344123, 0.9674349632461106, 0.9502420101394167, 1.0, 1.0, 0.9728055571540071, 1.0, 1.0]
