training_data_sizes: [0.1, 0.2, 0.3, 0.4, 0.5, 0.6, 0.7, 0.8, 0.9]
times: [28.0, 51.0, 81.0, 117.0, 144.0, 174.0, 207.0, 235.0, 263.0]
scores: [0.8679196451087565, 0.9523179018801706, 1.0, 1.0, 1.0, 1.0, 1.0, 1.0, 1.0]
