training_data_sizes: [0.1, 0.2]
times: [81.0, 177.0]
scores: [0.9423891875614271, 0.9780446498802815]
