training_data_sizes: [0.1, 0.2, 0.3]
times: [42.0, 93.0, 145.0]
scores: [0.7417647746244176, 0.8745647363247047, 0.915607390739378]
