training_data_sizes: [0.1, 0.2]
times: [0.0, 19.0]
scores: [0.6014195837866145, 0.758686845606815]
