training_data_sizes: [0.1, 0.2]
times: [502.36, 1007.73]
scores: [0.886565780650214, 0.8347270479376223]
