training_data_sizes: [0.1, 0.2]
times: [706.75, 1402.42]
scores: [0.8502324012753616, 0.8823751657438756]
