training_data_sizes: [0.1, 0.2, 0.3, 0.4, 0.5, 0.6, 0.7, 0.8, 0.9, 1.0]
times: [117.0, 226.68, 336.64, 448.86, 555.57, 667.29, 778.28, 886.44, 991.92, 1103.86]
scores: [0.7526987313251645, 0.7440825421755137, 0.7764908108274581, 0.8166862927681926, 0.9299141567646263, 1.0, 0.9381287062705718, 0.9632571128899071, 1.0, 1.0]
