training_data_sizes: [0.1, 0.2, 0.3, 0.4, 0.5]
times: [7.0, 18.0, 28.0, 31.0, 43.0]
scores: [0.7850479582304777, 0.8714045879768011, 0.9667459577476973, 1.0, 1.0]
