training_data_sizes: [0.1, 0.2, 0.3, 0.4, 0.5, 0.6, 0.7, 0.8, 0.9]
times: [58.0, 112.0, 172.0, 232.0, 292.0, 357.0, 415.0, 470.0, 539.0]
scores: [0.6003959558985947, 0.650530696712347, 0.6499613811969848, 0.7503281647978346, 0.9021776032289773, 0.7769539119516401, 0.9632703910241649, 0.9708571183360375, 0.9200751211775837]
