training_data_sizes: [0.1, 0.2]
times: [10.0, 38.0]
scores: [0.8823720488115112, 0.8582064101758962]
