training_data_sizes: [0.1, 0.2, 0.3, 0.4, 0.5, 0.6, 0.7]
times: [163.73, 320.07, 479.18, 631.22, 789.25, 946.24, 1108.91]
scores: [0.8065016541622052, 0.7947948542015673, 0.9368387568619448, 0.939014991677857, 0.8888037430221052, 0.9230018679008258, 0.9923270587977512]
