training_data_sizes: [0.1, 0.2, 0.3, 0.4]
times: [52.0, 116.0, 177.0, 230.0]
scores: [0.6427833854667702, 0.6511293982826658, 0.5841734874902235, 0.586848496501042]
