training_data_sizes: [0.1, 0.2, 0.3, 0.4]
times: [354.91, 703.74, 1058.28, 1405.06]
scores: [0.8765767885174118, 0.6997720516992478, 0.7221421069036287, 0.7407999568787657]
