training_data_sizes: [0.1, 0.2, 0.3, 0.4, 0.5, 0.6, 0.7, 0.8, 0.9]
times: [39.0, 79.0, 111.0, 151.0, 199.0, 236.0, 271.0, 316.0, 354.0]
scores: [0.8042250185567466, 0.7400247563454292, 0.8682888576280969, 0.8174659448446802, 1.0, 0.9076635265707313, 0.916959548965259, 0.9735739587225145, 1.0]
