training_data_sizes: [0.1, 0.2, 0.3, 0.4, 0.5, 0.6, 0.7]
times: [83.0, 171.0, 268.0, 353.0, 440.0, 532.0, 629.0]
scores: [0.5403359378985453, 0.7235055104500299, 0.6542327485828546, 0.7565391839292346, 0.8383444414980239, 0.8471838938721395, 0.9688264227912119]
