training_data_sizes: [0.1, 0.2, 0.3, 0.4, 0.5, 0.6, 0.7, 0.8, 0.9, 1.0]
times: [97.0, 196.0, 299.0, 391.0, 498.0, 599.0, 696.0, 798.0, 898.0, 990.0]
scores: [0.8530771854294226, 0.9103534455162442, 0.9159989183286941, 0.8803989048650587, 0.966654598542549, 0.8109730612120691, 0.79133295871915, 0.964060098407729, 0.9028691262845467, 0.8631786708268899]
