training_data_sizes: [0.1, 0.2, 0.3, 0.4]
times: [43.0, 90.0, 146.0, 192.0]
scores: [0.9054509972081719, 0.9249833373294509, 0.9922200717483325, 1.0]
