training_data_sizes: [0.1, 0.2]
times: [30.0, 71.0]
scores: [0.9381451551478759, 0.8938173316438192]
