training_data_sizes: [0.1, 0.2, 0.3, 0.4, 0.5, 0.6, 0.7]
times: [109.93, 205.28, 307.76, 404.12, 508.96, 609.88, 705.55]
scores: [0.8603477315092212, 0.8417818772918451, 0.8942625140754721, 0.8828091729276195, 0.9062708168499204, 0.8921400171029695, 0.9837589611226485]
