training_data_sizes: [0.1, 0.2]
times: [459.64, 900.33]
scores: [0.8994037351228278, 0.9191899192064711]
