training_data_sizes: [0.1, 0.2, 0.3, 0.4, 0.5]
times: [47.0, 98.0, 142.0, 198.0, 243.0]
scores: [0.9980245510977425, 0.963835912980558, 1.0, 1.0, 1.0]
