training_data_sizes: [0.1, 0.2, 0.3, 0.4, 0.5, 0.6, 0.7, 0.8]
times: [45.0, 94.0, 144.0, 190.0, 241.0, 294.0, 346.0, 390.0]
scores: [0.6782778538247424, 0.7733401734913643, 0.8325966220410626, 0.7045409815059258, 0.6698924146834262, 0.67999625275786, 0.6329963115150699, 0.7499275765139428]
