training_data_sizes: [0.1, 0.2, 0.3, 0.4, 0.5]
times: [183.27, 366.18, 549.08, 724.2, 902.89]
scores: [0.7990128757577055, 0.7725082395165501, 0.6887478164883547, 0.811628054751478, 0.7327097279116512]
