training_data_sizes: [0.1, 0.2, 0.3, 0.4, 0.5, 0.6, 0.7, 0.8, 0.9, 1.0]
times: [117.0, 237.0, 351.0, 478.0, 590.0, 719.0, 831.0, 954.0, 1079.0, 1199.0]
scores: [0.48611791859767806, 0.46064775973497807, 0.5824905067365495, 0.5123073490872825, 0.550000576891944, 0.714999822474391, 0.6653024519896459, 0.7009890019137117, 0.9596544802111826, 0.8479222548122599]
