training_data_sizes: [0.1, 0.2]
times: [607.11, 1206.54]
scores: [0.9127527533345257, 0.9208420309658691]
