training_data_sizes: [0.1, 0.2, 0.3, 0.4]
times: [93.0, 198.0, 291.0, 392.0]
scores: [0.7970743254025311, 0.6608628328668701, 0.6666019489407189, 0.758676805060301]
