training_data_sizes: [0.1, 0.2, 0.3, 0.4, 0.5, 0.6]
times: [208.47, 403.06, 604.91, 807.97, 1004.3, 1201.1]
scores: [0.950511532780743, 0.8770486310902489, 0.9853924227977167, 0.8753637667114482, 0.8781402667857927, 1.0]
