training_data_sizes: [0.1, 0.2, 0.3, 0.4, 0.5, 0.6, 0.7]
times: [135.35, 260.08, 394.41, 519.69, 648.72, 772.89, 904.11]
scores: [0.7281358427610152, 0.9086253245332354, 0.928982080112158, 0.9031531946620122, 1.0, 1.0, 1.0]
