training_data_sizes: [0.1, 0.2, 0.3, 0.4]
times: [53.0, 116.0, 174.0, 238.0]
scores: [0.9687679624527883, 0.9783455216548294, 1.0, 1.0]
