training_data_sizes: [0.1, 0.2, 0.3, 0.4, 0.5, 0.6, 0.7]
times: [48.0, 97.0, 146.0, 194.0, 243.0, 297.0, 341.0]
scores: [0.9253193869571277, 0.8471283033208064, 0.9656469410378601, 0.9532399361703963, 1.0, 0.9555196759327942, 0.9213075492113896]
