training_data_sizes: [0.1, 0.2, 0.3, 0.4, 0.5]
times: [20.0, 52.0, 87.0, 113.0, 149.0]
scores: [0.86986951229721, 0.8756872450093227, 1.0, 0.894634567003024, 0.957361686587576]
