training_data_sizes: [0.1, 0.2, 0.3, 0.4, 0.5]
times: [202.09, 405.62, 604.1, 807.97, 1002.78]
scores: [0.9015309133843757, 0.8086968634890206, 0.8747009734257299, 0.9483745069404608, 0.9700531456574051]
