training_data_sizes: [0.1, 0.2, 0.3, 0.4, 0.5, 0.6, 0.7, 0.8, 0.9, 1.0]
times: [2.0, 15.0, 23.0, 39.0, 43.0, 51.0, 65.0, 77.0, 87.0, 94.0]
scores: [0.7618948646220933, 0.821293815004513, 0.8746682889100874, 0.9059591112217675, 1.0, 0.8748128074528816, 0.975940665057585, 1.0, 0.965038634962442, 1.0]
