training_data_sizes: [0.1, 0.2, 0.3, 0.4]
times: [48.0, 95.0, 147.0, 194.0]
scores: [0.7842033612149955, 0.9174942361928089, 0.8637560767257189, 1.0]
