training_data_sizes: [0.1, 0.2, 0.3, 0.4, 0.5, 0.6]
times: [125.0, 250.0, 387.0, 518.0, 645.0, 770.0]
scores: [0.7587584972151212, 0.9510486457839359, 0.8560163512902315, 0.8680714661236735, 0.9587320427112235, 0.968041631189721]
