training_data_sizes: [0.1, 0.2, 0.3, 0.4, 0.5]
times: [44.0, 92.0, 141.0, 198.0, 247.0]
scores: [0.8877118750701716, 0.8892564638287208, 0.955331558529348, 0.89564629608898, 0.8803852209908365]
