training_data_sizes: [0.1, 0.2, 0.3, 0.4, 0.5, 0.6, 0.7, 0.8, 0.9]
times: [120.14, 227.2, 337.11, 448.33, 559.87, 674.04, 780.03, 889.56, 1006.76]
scores: [0.8685633880877107, 0.9136949524245854, 1.0, 1.0, 1.0, 1.0, 1.0, 1.0, 1.0]
