training_data_sizes: [0.1, 0.2, 0.3, 0.4]
times: [45.0, 94.0, 147.0, 193.0]
scores: [0.4499525887819375, 0.47839134725701743, 0.6044022280776185, 0.5843734945982724]
