training_data_sizes: [0.1, 0.2, 0.3, 0.4, 0.5, 0.6, 0.7, 0.8]
times: [76.0, 159.0, 235.0, 311.0, 399.0, 479.0, 559.0, 637.0]
scores: [0.9370844756901349, 0.7869893449604325, 0.8807008141112256, 0.9872421767785639, 0.9312030762855501, 0.9916209028953991, 1.0, 0.9701667854811132]
