training_data_sizes: [0.1, 0.2, 0.3, 0.4, 0.5, 0.6, 0.7, 0.8, 0.9, 1.0]
times: [0.0, 11.0, 29.0, 37.0, 46.0, 50.0, 67.0, 72.0, 82.0, 90.0]
scores: [0.9191039378050139, 0.8914746579493051, 1.0, 1.0, 0.9544762058961241, 1.0, 1.0, 1.0, 1.0, 1.0]
