training_data_sizes: [0.1, 0.2, 0.3, 0.4, 0.5, 0.6, 0.7, 0.8]
times: [94.0, 195.0, 298.0, 391.0, 498.0, 595.0, 699.0, 798.0]
scores: [0.7062316935762893, 0.6373317895819405, 0.6906163359119668, 0.7364402590825971, 0.7822840637733337, 0.7924215340153999, 1.0, 0.8824706314816899]
