training_data_sizes: [0.1, 0.2, 0.3, 0.4, 0.5, 0.6, 0.7, 0.8]
times: [117.65, 231.82, 344.46, 451.16, 571.16, 678.58, 789.21, 900.18]
scores: [0.8967693119476445, 0.8606907279820332, 0.8046001786975332, 0.9457007792416372, 0.9406044995584266, 0.9276934970503468, 0.8805424194289774, 0.8771628083715033]
