training_data_sizes: [0.1, 0.2, 0.3, 0.4, 0.5]
times: [85.0, 170.0, 268.0, 351.0, 447.0]
scores: [0.9515137263656955, 0.9751950169637877, 0.9228068014534341, 0.8997913759123164, 1.0]
