training_data_sizes: [0.1, 0.2, 0.3, 0.4]
times: [332.96, 659.22, 980.2, 1307.73]
scores: [0.6644183887490269, 0.7614112378497179, 0.7771801978218138, 0.7251997354771204]
