training_data_sizes: [0.1, 0.2, 0.3, 0.4, 0.5]
times: [122.09, 245.58, 369.27, 489.73, 608.34]
scores: [0.8805392714457488, 1.0, 0.990669779612882, 0.9813337455287846, 1.0]
