training_data_sizes: [0.1, 0.2, 0.3, 0.4, 0.5, 0.6, 0.7]
times: [146.56, 285.88, 429.66, 577.68, 720.54, 858.36, 1005.17]
scores: [0.9535654002658793, 0.8434535354770163, 0.7812355532859774, 0.8141220588040343, 0.9077341192222412, 0.852952733600189, 0.918114650955616]
