training_data_sizes: [0.1, 0.2, 0.3, 0.4, 0.5, 0.6, 0.7, 0.8, 0.9]
times: [147.59, 296.88, 439.58, 586.76, 722.45, 866.78, 1013.87, 1162.23, 1303.05]
scores: [0.6440741789067082, 0.7459299051469277, 0.8519972204965526, 0.9564496100764734, 0.8196587907255461, 0.958390570655276, 0.8800914197023006, 1.0, 1.0]
