training_data_sizes: [0.1, 0.2, 0.3, 0.4, 0.5, 0.6, 0.7]
times: [74.0, 155.0, 234.0, 313.0, 399.0, 476.0, 558.0]
scores: [0.8322613456609129, 0.8258536392876379, 0.7956460832201202, 0.8439440812836768, 0.7672439574061933, 0.8539310518642381, 0.7172057131536431]
