training_data_sizes: [0.1, 0.2, 0.3, 0.4, 0.5, 0.6, 0.7, 0.8]
times: [134.17, 259.02, 377.66, 503.53, 630.37, 758.89, 875.44, 1008.86]
scores: [0.6065431063235335, 0.710502867802957, 0.747548807163727, 0.7449962470391623, 0.741486415996337, 0.9101171707055691, 1.0, 1.0]
