training_data_sizes: [0.1, 0.2, 0.3]
times: [49.0, 95.0, 149.0]
scores: [0.7500498714717249, 0.8433862388014469, 0.7551726166466338]
