training_data_sizes: [0.1, 0.2, 0.3, 0.4, 0.5, 0.6]
times: [207.43, 405.35, 608.52, 808.89, 1003.42, 1209.46]
scores: [0.6739226483505888, 0.8688642709509184, 0.7743076418004865, 0.9571427545014292, 0.9119288121076887, 1.0]
