training_data_sizes: [0.1, 0.2, 0.3, 0.4, 0.5, 0.6, 0.7, 0.8, 0.9, 1.0]
times: [0.33, 0.49, 0.75, 1.17, 1.34, 1.43, 1.74, 1.9, 2.06, 2.17]
scores: [0.7153751537515376, 0.6695234912146675, 0.663775862695902, 0.6548293397616634, 0.6412029668647774, 0.617852317070215, 0.6112870436618105, 0.5957743587472062, 0.596425122398506, 0.5839793281653747]
