training_data_sizes: [0.1, 0.2, 0.3, 0.4, 0.5, 0.6, 0.7, 0.8, 0.9, 1.0]
times: [12.04, 26.77, 41.58, 57.85, 74.73, 90.92, 106.52, 124.71, 142.08, 160.2]
scores: [0.9993423256621528, 0.9613214924033038, 0.8918060883642452, 0.839624301683742, 0.8017871608586615, 0.76749456288653, 0.7482830208335184, 0.7284589313179527, 0.7199754825814809, 0.708706889972008]
