training_data_sizes: [0.1, 0.2, 0.3, 0.4]
times: [17.0, 37.0, 50.0, 79.0]
scores: [0.8011282105302937, 0.9521795278877745, 0.9661672277782963, 0.952789496474016]
