training_data_sizes: [0.1, 0.2, 0.3, 0.4, 0.5, 0.6, 0.7, 0.8, 0.9, 1.0]
times: [19.4, 36.35, 53.85, 71.28, 87.59, 105.88, 123.46, 138.09, 151.29, 163.04]
scores: [0.8302200289443884, 0.8083750398237579, 0.8098362279483313, 0.8015567839743867, 0.8021989156634559, 0.7999905034761419, 0.8011438937464266, 0.7990719831541053, 0.7924351578073661, 0.8011145516650049]
