training_data_sizes: [0.1, 0.2, 0.3, 0.4, 0.5, 0.6]
times: [203.59, 402.54, 605.52, 801.06, 1007.59, 1205.57]
scores: [0.9664314180803382, 0.9219239993475208, 1.0, 1.0, 1.0, 1.0]
