training_data_sizes: [0.1, 0.2]
times: [600.64, 1208.65]
scores: [0.8218849991464385, 0.8210328625495025]
