training_data_sizes: [0.1, 0.2, 0.3, 0.4, 0.5, 0.6]
times: [220.9, 442.6, 652.64, 875.05, 1087.3, 1307.54]
scores: [0.9279485650600721, 0.9515240522602809, 0.853944675440433, 1.0, 1.0, 0.9161997680112027]
