training_data_sizes: [0.1, 0.2, 0.3, 0.4, 0.5, 0.6]
times: [23.0, 59.0, 84.0, 111.0, 142.0, 173.0]
scores: [0.9523202360239718, 0.9210431788617592, 0.8347681912949994, 0.8986222431664963, 0.9070755778914026, 0.827767370657271]
