training_data_sizes: [0.1, 0.2, 0.3, 0.4, 0.5, 0.6, 0.7, 0.8, 0.9, 1.0]
times: [9.14, 16.55, 24.21, 33.05, 41.67, 50.88, 59.34, 66.63, 76.0, 83.61]
scores: [0.652059937377319, 0.6680861378723302, 0.6749304953049919, 0.6806668474499995, 0.6822476995672528, 0.6840048373828571, 0.6861139976696193, 0.6851072388994888, 0.6868873603511028, 0.6876577562939645]
