training_data_sizes: [0.1, 0.2, 0.3]
times: [406.35, 800.2, 1203.57]
scores: [0.828881292685804, 0.8773153187305373, 0.9348639388332594]
