training_data_sizes: [0.1, 0.2, 0.3, 0.4, 0.5, 0.6, 0.7, 0.8, 0.9]
times: [58.0, 110.0, 177.0, 233.0, 299.0, 353.0, 410.0, 472.0, 534.0]
scores: [0.6918500630465185, 0.7377092537272265, 0.8362725184675586, 0.8573353342850563, 1.0, 0.9874544121009676, 1.0, 1.0, 1.0]
