training_data_sizes: [0.1, 0.2, 0.3, 0.4, 0.5, 0.6, 0.7, 0.8, 0.9, 1.0]
times: [87.0, 173.0, 265.0, 355.0, 443.0, 531.0, 620.0, 716.0, 800.0, 893.0]
scores: [0.7076042540667878, 0.8019503243909464, 0.768282983278888, 0.6715417123140052, 0.628613246918847, 0.6195866572195812, 0.6109027122150115, 0.7167540060680863, 0.6029468112854302, 0.5583741443137883]
