training_data_sizes: [0.1, 0.2, 0.3, 0.4, 0.5, 0.6]
times: [119.43, 237.98, 355.4, 475.14, 590.86, 700.38]
scores: [0.9639696681199243, 0.9710431295192136, 0.9053151465781806, 1.0, 1.0, 0.9514527450004708]
