training_data_sizes: [0.1, 0.2]
times: [20.0, 50.0]
scores: [0.5775668706722685, 0.6554714371767818]
