training_data_sizes: [0.1, 0.2, 0.3, 0.4, 0.5, 0.6, 0.7]
times: [193.33, 381.13, 566.08, 752.34, 932.65, 1117.94, 1307.23]
scores: [0.7782060520596104, 0.8540218060627963, 0.7933271826266919, 0.9013154761683296, 0.8864022603271804, 0.9633730302731006, 0.9028863345158484]
