training_data_sizes: [0.1, 0.2, 0.3, 0.4, 0.5, 0.6, 0.7, 0.8, 0.9, 1.0]
times: [3.9, 6.82, 9.6, 11.94, 14.71, 17.31, 20.35, 22.94, 25.22, 29.21]
scores: [1.0, 0.964622578490314, 0.920394302264528, 0.9260102333469904, 0.9268658062691677, 0.8914897219682345, 0.892563849880923, 0.890446390011423, 0.9012262433921363, 0.8778298204527712]
