training_data_sizes: [0.1, 0.2, 0.3, 0.4, 0.5, 0.6]
times: [139.04, 270.15, 401.61, 538.45, 675.27, 802.65]
scores: [0.9933304046474161, 0.9966822266599488, 0.987898489325904, 0.9201847873750335, 1.0, 1.0]
