training_data_sizes: [0.1, 0.2, 0.3, 0.4, 0.5, 0.6, 0.7, 0.8, 0.9, 1.0]
times: [43.0, 98.0, 146.0, 196.0, 246.0, 297.0, 342.0, 395.0, 449.0, 492.0]
scores: [0.7163010453804315, 0.7704625322887959, 0.8392755533103684, 0.8452791079494607, 0.8679928828177352, 0.8687268041869116, 0.9102608908580685, 0.9049875662827533, 0.8821308561616656, 0.8481809631772141]
