training_data_sizes: [0.1, 0.2]
times: [657.66, 1303.82]
scores: [0.9872646697456766, 0.8958900210790305]
