training_data_sizes: [0.1, 0.2, 0.3, 0.4, 0.5, 0.6, 0.7, 0.8, 0.9, 1.0]
times: [7.24, 56.57, 68.42, 75.61, 85.5, 95.86, 93.04, 93.8, 106.53, 99.91]
scores: [0.9909706319181184, 0.9922300371449204, 0.9930412131325839, 0.9935451217674257, 0.9937287647403775, 0.9940424012720754, 0.9944080770049776, 0.9945799438598942, 0.994432722192206, 0.9948163580743911]
