training_data_sizes: [0.1, 0.2, 0.3, 0.4, 0.5, 0.6, 0.7]
times: [15.0, 38.0, 54.0, 71.0, 95.0, 112.0, 133.0]
scores: [0.8118461923107404, 0.6904450104058171, 0.7522162214268955, 0.9303913086575026, 0.8179438709753748, 0.9019306334981806, 0.9321361300781914]
