training_data_sizes: [0.1, 0.2, 0.3, 0.4, 0.5, 0.6, 0.7, 0.8, 0.9, 1.0]
times: [101.73, 209.86, 306.3, 407.74, 506.33, 605.7, 709.48, 806.71, 901.06, 1007.43]
scores: [0.8722488666303803, 0.8991955460507152, 0.8765724322710446, 0.8875897259506178, 0.8867845238525625, 0.9483515355398423, 0.9154795320031404, 0.9651534233972395, 0.9168562613204689, 0.9347638691739495]
