training_data_sizes: [0.1, 0.2, 0.3, 0.4, 0.5, 0.6]
times: [106.42, 207.88, 300.34, 401.54, 501.6, 608.67]
scores: [0.6429283687689795, 0.6971197013276674, 0.6506809588647626, 0.6419885472624021, 0.8508387285640255, 0.8947352460799634]
