training_data_sizes: [0.1, 0.2, 0.3, 0.4, 0.5, 0.6, 0.7, 0.8, 0.9, 1.0]
times: [148.99, 288.25, 420.33, 564.8, 707.07, 842.78, 989.45, 1129.83, 1264.45, 1405.27]
scores: [0.7905689920398316, 0.7884543846194769, 0.8939892372442688, 0.8271176235006753, 0.9609829003243753, 1.0, 1.0, 1.0, 1.0, 1.0]
