training_data_sizes: [0.1, 0.2, 0.3, 0.4, 0.5, 0.6, 0.7]
times: [57.0, 116.0, 177.0, 230.0, 291.0, 358.0, 410.0]
scores: [0.7284321886239948, 0.7896443481590456, 0.7604684988855155, 0.8408298607333041, 0.977896036709164, 0.9210516462870664, 1.0]
