training_data_sizes: [0.1, 0.2, 0.3, 0.4, 0.5, 0.6]
times: [9.0, 18.0, 27.0, 37.0, 48.0, 50.0]
scores: [0.8573570433061145, 0.8650564626118263, 0.8399175926854204, 0.9781433647978409, 0.9322648854348475, 1.0]
