training_data_sizes: [0.1, 0.2, 0.3, 0.4, 0.5, 0.6, 0.7]
times: [86.73, 179.97, 260.69, 349.46, 434.04, 518.09, 604.88]
scores: [0.5789627504994118, 0.49535261399284225, 0.49018244333117866, 0.5764985551358459, 0.480400394014025, 0.5350914955183016, 0.4679346746050708]
