training_data_sizes: [0.1, 0.2, 0.3, 0.4, 0.5, 0.6, 0.7, 0.8, 0.9]
times: [72.0, 156.0, 235.0, 312.0, 397.0, 471.0, 559.0, 638.0, 717.0]
scores: [0.8520986250531783, 0.8815528607530367, 0.9403138815774046, 0.8592880862137002, 1.0, 1.0, 1.0, 0.9676207120241876, 1.0]
