training_data_sizes: [0.1, 0.2, 0.3, 0.4, 0.5, 0.6, 0.7, 0.8, 0.9, 1.0]
times: [98.0, 198.0, 298.0, 392.0, 491.0, 597.0, 699.0, 793.0, 895.0, 997.0]
scores: [0.8443895663108967, 0.7858184624394982, 0.6862723094151129, 0.7782572937421355, 0.7492659096547702, 0.7545617087818322, 0.6999366025657694, 0.7415611657279502, 0.7448874556916408, 0.8328712237345486]
