training_data_sizes: [0.1, 0.2, 0.3, 0.4, 0.5, 0.6, 0.7, 0.8, 0.9, 1.0]
times: [0.94, 1.64, 2.29, 2.88, 3.56, 4.09, 4.83, 5.53, 6.25, 6.73]
scores: [0.6688269868979014, 0.6560502962864805, 0.643303395678247, 0.647523432562642, 0.6581110109390711, 0.6393480905569159, 0.6540782641901478, 0.6667226778289645, 0.6862135269960525, 0.6692402115144578]
