training_data_sizes: [0.1, 0.2, 0.3, 0.4, 0.5]
times: [183.31, 368.07, 545.32, 726.52, 907.74]
scores: [0.9294072455526634, 0.7801259079610907, 0.9602762031186572, 0.9629896227613616, 0.7711735127080768]
