training_data_sizes: [0.1, 0.2, 0.3, 0.4, 0.5, 0.6, 0.7, 0.8, 0.9, 1.0]
times: [79.17, 146.84, 214.04, 283.42, 350.99, 423.96, 499.02, 565.02, 634.21, 708.82]
scores: [0.9841362903240951, 0.8343643031166745, 0.804992460627092, 0.9259735063139283, 0.9476571236329915, 0.90991058687019, 0.9329940214903307, 0.8881779513772107, 0.8714216453232353, 0.9184936686867429]
