training_data_sizes: [0.1, 0.2, 0.3, 0.4, 0.5, 0.6, 0.7, 0.8, 0.9]
times: [59.0, 115.0, 179.0, 233.0, 294.0, 355.0, 411.0, 474.0, 530.0]
scores: [0.7664609396653821, 0.7683523656701363, 0.9760338358545322, 0.8657213912637096, 1.0, 1.0, 1.0, 1.0, 1.0]
