training_data_sizes: [0.1, 0.2, 0.3, 0.4]
times: [33.0, 74.0, 115.0, 157.0]
scores: [0.9210495287916733, 0.9404742231393304, 0.9963244837256924, 0.9175401459753426]
