training_data_sizes: [0.1, 0.2, 0.3, 0.4, 0.5, 0.6, 0.7]
times: [136.95, 260.6, 388.11, 515.07, 650.39, 778.09, 900.53]
scores: [0.8725661825077675, 0.9794179803487627, 0.8381512481303035, 1.0, 1.0, 0.9868278427240036, 0.9470173783833691]
