training_data_sizes: [0.1, 0.2, 0.3, 0.4, 0.5]
times: [148.94, 284.41, 422.74, 568.24, 703.5]
scores: [0.6067152728930099, 0.6635185529006451, 0.7033325026757863, 0.7039431742015683, 0.886601882654251]
