training_data_sizes: [0.1, 0.2, 0.3, 0.4, 0.5, 0.6, 0.7, 0.8, 0.9, 1.0]
times: [122.12, 240.65, 363.49, 487.2, 602.56, 722.52, 847.02, 967.51, 1088.43, 1205.26]
scores: [0.8761312200257416, 0.8871493228839887, 0.9822006236279899, 1.0, 1.0, 1.0, 1.0, 1.0, 1.0, 1.0]
