training_data_sizes: [0.1, 0.2, 0.3, 0.4]
times: [63.0, 139.0, 202.0, 271.0]
scores: [0.8581793134299576, 0.9344151250256396, 0.9392052753267196, 1.0]
