training_data_sizes: [0.1, 0.2, 0.3, 0.4, 0.5, 0.6, 0.7, 0.8, 0.9, 1.0]
times: [133.74, 266.27, 397.15, 520.67, 659.15, 788.44, 915.66, 1042.25, 1177.11, 1305.32]
scores: [0.6655342685774653, 0.8285138080878764, 0.8929513621954837, 0.8059638068492139, 0.891287871042023, 0.8617044151768298, 0.9976139529396969, 1.0, 1.0, 1.0]
