training_data_sizes: [0.1, 0.2, 0.3]
times: [17.0, 37.0, 56.0]
scores: [0.8966119231086387, 0.9367247884938239, 0.868893735325017]
