training_data_sizes: [0.1, 0.2, 0.3, 0.4, 0.5, 0.6, 0.7, 0.8, 0.9, 1.0]
times: [125.68, 240.13, 366.29, 481.2, 607.25, 729.56, 848.64, 962.9, 1089.06, 1205.94]
scores: [0.916031046354139, 0.9393064564429007, 0.9871317765424245, 1.0, 1.0, 0.952530020786442, 1.0, 1.0, 1.0, 1.0]
