training_data_sizes: [0.1, 0.2, 0.3, 0.4, 0.5]
times: [58.0, 116.0, 175.0, 231.0, 292.0]
scores: [0.46400212987629436, 0.5626436657579219, 0.5350562751148767, 0.6311388424570629, 0.671690205418014]
