training_data_sizes: [0.1, 0.2]
times: [114.0, 238.0]
scores: [0.8037872134870991, 0.8169765963330371]
