training_data_sizes: [0.1, 0.2, 0.3, 0.4]
times: [177.71, 353.69, 533.17, 709.13]
scores: [0.8898510005550683, 0.8370379188950461, 0.8910167622614263, 0.9470855926931128]
