training_data_sizes: [0.1, 0.2, 0.3, 0.4, 0.5, 0.6, 0.7, 0.8, 0.9, 1.0]
times: [100.23, 201.98, 307.16, 409.49, 506.0, 602.41, 707.73, 806.87, 907.14, 1007.74]
scores: [0.7797806552200439, 0.7578119223425146, 0.8172760804021508, 0.8495182609658436, 0.9782581314460752, 0.9095742590210077, 0.8677735220796119, 0.9231676020993345, 0.916758485569326, 0.9278679088636056]
