training_data_sizes: [0.1, 0.2, 0.3]
times: [300.7, 607.74, 905.85]
scores: [0.8675584346612442, 0.9941256771980527, 1.0]
