training_data_sizes: [0.1, 0.2, 0.3, 0.4, 0.5, 0.6, 0.7, 0.8, 0.9]
times: [130.0, 278.0, 413.0, 550.0, 695.0, 831.0, 976.9999999999999, 1117.0, 1259.0]
scores: [1.0, 1.0, 1.0, 0.9626069338613676, 1.0, 1.0, 0.9341576784697578, 1.0, 0.9770546377868294]
