training_data_sizes: [0.1, 0.2, 0.3, 0.4, 0.5, 0.6, 0.7, 0.8, 0.9, 1.0]
times: [17.93, 49.49, 58.86, 78.5, 98.45, 119.07, 137.08, 165.59, 173.82, 193.29]
scores: [0.020717534584624882, 0.026831465794437223, 0.029771061805737162, 0.0331017986957367, 0.03623486831956484, 0.03809904502064976, 0.039642092260350724, 0.040825057035751885, 0.04167284603185847, 0.042808891471414465]
