training_data_sizes: [0.1, 0.2, 0.3, 0.4, 0.5, 0.6, 0.7, 0.8, 0.9]
times: [45.0, 92.0, 146.0, 190.0, 243.0, 299.0, 340.0, 395.0, 448.0]
scores: [0.8558692624586857, 0.8228962861443319, 0.7894084975449668, 0.9210040885998312, 0.8885017611224554, 0.7955975875707285, 0.899352600989382, 0.9397784262057207, 0.9669135387854912]
