training_data_sizes: [0.1, 0.2, 0.3, 0.4, 0.5, 0.6, 0.7]
times: [132.19, 259.34, 391.18, 518.64, 651.63, 772.53, 900.94]
scores: [0.991330461974011, 0.9427878987136502, 1.0, 1.0, 1.0, 1.0, 1.0]
