training_data_sizes: [0.1, 0.2, 0.3, 0.4, 0.5, 0.6]
times: [3.0, 19.0, 23.0, 35.0, 47.0, 59.0]
scores: [0.8019995423704727, 0.9155525100361164, 0.7897435910434845, 0.9078508435640271, 0.8466500225813457, 0.8207806033754429]
