training_data_sizes: [0.1, 0.2, 0.3, 0.4]
times: [300.96, 602.12, 909.91, 1204.63]
scores: [0.8977408442800452, 0.9025229337784586, 0.9210156502527869, 1.0]
