training_data_sizes: [0.1, 0.2, 0.3, 0.4, 0.5, 0.6, 0.7, 0.8, 0.9, 1.0]
times: [0.84, 1.66, 2.8, 3.76, 5.34, 7.17, 9.33, 11.44, 13.42, 15.99]
scores: [0.48332350513032196, 0.5106917572847527, 0.5290173259235045, 0.5152174488706076, 0.5236749538845422, 0.5430341607235973, 0.5413207695282596, 0.5507912402769919, 0.5340499371482974, 0.537037037037037]
