training_data_sizes: [0.1, 0.2, 0.3, 0.4, 0.5, 0.6]
times: [133.87, 269.41, 401.92, 535.75, 671.76, 808.91]
scores: [0.9049579105514486, 0.9805317941038438, 0.8275117027165381, 0.969687269829867, 0.8953755893737712, 0.793804253504061]
