training_data_sizes: [0.1, 0.2, 0.3, 0.4, 0.5, 0.6]
times: [129.0, 257.0, 381.0, 511.0, 643.0, 778.0]
scores: [0.4837090046015238, 0.6214514571421145, 0.529775766643775, 0.603047231662789, 0.5304306579200272, 0.7276069428473959]
