training_data_sizes: [0.1, 0.2, 0.3, 0.4, 0.5, 0.6, 0.7, 0.8]
times: [117.65, 229.68, 340.59, 453.58, 564.86, 677.79, 791.85, 907.19]
scores: [0.9640192745508595, 0.9780438996848525, 1.0, 0.983070581969073, 0.9377596971815296, 0.9789208420962845, 1.0, 0.9269480305443629]
