training_data_sizes: [0.1, 0.2, 0.3, 0.4, 0.5, 0.6, 0.7, 0.8]
times: [116.09, 233.35, 346.35, 456.43, 563.56, 681.0, 789.61, 901.76]
scores: [0.8662968435968876, 0.7666966169878958, 0.7662954891828014, 0.9182321588499245, 0.8420214440128185, 0.8066841034318195, 0.9019610501198456, 0.9048273000259475]
