training_data_sizes: [0.1, 0.2, 0.3, 0.4, 0.5, 0.6, 0.7, 0.8, 0.9, 1.0]
times: [0.54, 0.8, 1.28, 1.58, 1.96, 2.79, 3.28, 4.03, 4.63, 5.2]
scores: [0.5973740458015269, 0.557755511022044, 0.6188750190545553, 0.6275709616868825, 0.6549459041731067, 0.6447331436892547, 0.6550600859543949, 0.6509050029069228, 0.6607844812048635, 0.669008587041374]
