training_data_sizes: [0.1, 0.2, 0.3, 0.4, 0.5, 0.6, 0.7, 0.8]
times: [167.57, 325.4, 488.32, 652.84, 818.79, 976.3, 1143.56, 1300.19]
scores: [0.672028413208744, 0.798347400047577, 0.7869553489011156, 0.7226418663625964, 0.7109599284992068, 0.6439905208441609, 0.7285173528865909, 0.727673269665073]
