training_data_sizes: [0.1, 0.2, 0.3, 0.4, 0.5, 0.6, 0.7]
times: [132.41, 261.01, 391.27, 521.73, 649.32, 776.33, 905.14]
scores: [0.6125310135470073, 0.545041543501569, 0.46647673221356933, 0.5688262025585101, 0.5967785905436757, 0.5701019670458852, 0.5501158940048892]
