training_data_sizes: [0.1, 0.2, 0.3, 0.4, 0.5, 0.6, 0.7, 0.8]
times: [21.0, 56.0, 83.0, 119.0, 145.0, 171.0, 202.0, 236.0]
scores: [0.7327819133142421, 0.6984223434592122, 0.8198399699251258, 0.956744597847582, 0.8998407804888634, 0.9105465859652768, 0.9459589801104353, 1.0]
