training_data_sizes: [0.1, 0.2, 0.3, 0.4, 0.5, 0.6, 0.7, 0.8, 0.9]
times: [138.0, 276.0, 417.0, 552.0, 698.0, 839.0, 971.9999999999999, 1116.0, 1254.0]
scores: [0.7042510355090943, 0.8498006352736348, 0.8301760441225112, 0.9316554230685743, 0.97446792532771, 0.9472547746868947, 1.0, 1.0, 1.0]
