training_data_sizes: [0.1, 0.2, 0.3, 0.4, 0.5, 0.6, 0.7, 0.8, 0.9]
times: [69.96, 139.0, 209.93, 270.72, 337.57, 406.44, 476.29, 535.6, 603.27]
scores: [0.7415841784963821, 0.8675203813149859, 0.8876007798499795, 0.9618469492834609, 1.0, 0.960979828403692, 1.0, 0.9619868061598977, 1.0]
