training_data_sizes: [0.1, 0.2, 0.3, 0.4]
times: [329.85, 651.39, 975.94, 1307.45]
scores: [0.9084246928875821, 1.0, 0.9206849488205767, 1.0]
