training_data_sizes: [0.1, 0.2, 0.3, 0.4, 0.5, 0.6, 0.7, 0.8, 0.9]
times: [146.61, 291.03, 435.3, 584.08, 725.97, 870.24, 1020.39, 1159.77, 1308.52]
scores: [0.9058148756113131, 0.9395481873705926, 0.7827100952468622, 0.8479529144841658, 0.9570536800334939, 0.8821705227311418, 0.9949024815402405, 1.0, 1.0]
