training_data_sizes: [0.1, 0.2, 0.3]
times: [268.74, 538.81, 809.92]
scores: [0.7872540135236716, 0.8719055539468132, 0.8483116757630644]
