training_data_sizes: [0.1, 0.2, 0.3, 0.4, 0.5, 0.6, 0.7, 0.8, 0.9]
times: [83.0, 179.0, 268.0, 356.0, 445.0, 536.0, 625.0, 714.0, 809.0]
scores: [0.7803058532465114, 0.8259779324574115, 1.0, 0.9284954501232293, 0.996480111202821, 1.0, 1.0, 1.0, 1.0]
