training_data_sizes: [0.1, 0.2, 0.3, 0.4, 0.5, 0.6, 0.7]
times: [91.65, 173.4, 265.23, 352.24, 438.16, 520.32, 607.97]
scores: [0.6715630411620458, 0.6860238459009729, 0.6487449139672549, 0.7927618841052917, 0.749303898929574, 0.8674484061854062, 0.9162100165063717]
