training_data_sizes: [0.1, 0.2, 0.3]
times: [113.0, 236.0, 354.0]
scores: [0.8340087120016809, 1.0, 0.9666563466012467]
