training_data_sizes: [0.1, 0.2, 0.3, 0.4, 0.5]
times: [121.0, 250.0, 389.0, 512.0, 645.0]
scores: [0.9425461778684574, 0.842966322037661, 0.938603266822935, 1.0, 1.0]
