training_data_sizes: [0.1, 0.2, 0.3]
times: [22.0, 50.0, 87.0]
scores: [0.8388969189412113, 0.7946103203186494, 0.8846076240927144]
