training_data_sizes: [0.1, 0.2, 0.3]
times: [72.0, 158.0, 231.0]
scores: [0.7787287744396797, 0.9641179635889896, 0.9627287031091026]
