training_data_sizes: [0.1, 0.2]
times: [100.0, 214.0]
scores: [0.9378553336878361, 0.9850755013145848]
