training_data_sizes: [0.1, 0.2, 0.3, 0.4, 0.5, 0.6, 0.7, 0.8]
times: [27.0, 54.0, 87.0, 114.0, 140.0, 175.0, 200.0, 231.0]
scores: [0.4786737950618406, 0.6303996123013653, 0.621186063363878, 0.6228805266258328, 0.5411235565108915, 0.5681658107036998, 0.43765140397263147, 0.44636566689897716]
