training_data_sizes: [0.1, 0.2, 0.3, 0.4, 0.5, 0.6, 0.7, 0.8, 0.9]
times: [148.64, 289.7, 441.25, 585.9, 726.53, 872.1, 1013.54, 1159.59, 1306.37]
scores: [0.8343304533876625, 0.7266461430209025, 0.7480404419062031, 0.8228848713059826, 0.9093199612949148, 1.0, 0.9502540391494276, 0.9684271288310642, 1.0]
