training_data_sizes: [0.1, 0.2, 0.3, 0.4, 0.5, 0.6]
times: [169.04, 339.91, 507.64, 674.43, 841.49, 1001.97]
scores: [0.8620681880941409, 0.9707972795416862, 0.9587764322609513, 1.0, 0.9704698018276464, 1.0]
