training_data_sizes: [0.1, 0.2, 0.3]
times: [28.0, 50.0, 89.0]
scores: [0.8901162622512004, 0.9655917883207903, 1.0]
