training_data_sizes: [0.1, 0.2, 0.3, 0.4, 0.5, 0.6, 0.7]
times: [58.0, 118.0, 173.0, 230.0, 292.0, 354.0, 415.0]
scores: [0.8385088974169471, 0.8651610211131848, 0.8620149795329951, 0.8446677590555711, 0.9795477608179854, 1.0, 1.0]
