training_data_sizes: [0.1, 0.2, 0.3, 0.4, 0.5, 0.6, 0.7, 0.8, 0.9]
times: [144.61, 294.93, 443.24, 585.55, 726.83, 876.62, 1017.6, 1156.98, 1309.83]
scores: [0.7844858611658889, 0.9721368108049199, 0.863510486476232, 1.0, 0.9262123563436608, 1.0, 1.0, 1.0, 1.0]
