training_data_sizes: [0.1, 0.2, 0.3, 0.4]
times: [177.24, 354.62, 529.43, 704.92]
scores: [0.7387895138693683, 0.7099255029022404, 0.8752677518498151, 0.7139540715869397]
