training_data_sizes: [0.1, 0.2, 0.3, 0.4]
times: [276.93, 559.06, 827.83, 1102.54]
scores: [0.7675214963407524, 0.9592889060750645, 0.9147915046728099, 0.8573645243857455]
