training_data_sizes: [0.1, 0.2, 0.3, 0.4, 0.5]
times: [122.43, 248.29, 363.5, 485.83, 607.53]
scores: [0.9054507521946381, 0.9766614437920365, 0.841556841352164, 0.9345877335176555, 0.9980022936624255]
