training_data_sizes: [0.1, 0.2, 0.3, 0.4, 0.5, 0.6, 0.7, 0.8, 0.9]
times: [54.75, 113.78, 186.15, 263.13, 350.12, 439.0, 550.49, 638.25, 733.41]
scores: [0.9892490959828973, 0.9929538895123334, 0.9937486707810329, 0.9941705034241699, 0.9943487055245086, 0.9943073304627207, 0.34467378957758654, 0.34197210574636777, 0.35193786921722425]
