training_data_sizes: [0.1, 0.2, 0.3, 0.4, 0.5, 0.6]
times: [234.55, 473.92, 702.3, 939.35, 1172.32, 1407.3]
scores: [0.5122917118389083, 0.6048228053543628, 0.6279382288379138, 0.7307223201664186, 0.6984802016144203, 0.6892798228768592]
