training_data_sizes: [0.1, 0.2, 0.3, 0.4, 0.5, 0.6, 0.7, 0.8, 0.9, 1.0]
times: [27.0, 57.0, 88.0, 116.0, 143.0, 174.0, 200.0, 236.0, 261.0, 291.0]
scores: [0.8947011887337454, 0.8721155841183357, 0.979147998048348, 0.9482869680968763, 1.0, 1.0, 1.0, 1.0, 1.0, 1.0]
