training_data_sizes: [0.1, 0.2, 0.3, 0.4, 0.5]
times: [13.0, 34.0, 53.0, 72.0, 95.0]
scores: [0.6997387395215188, 0.7960287246026162, 0.8288246816802796, 0.798809983934999, 0.9357890617193444]
