training_data_sizes: [0.1, 0.2, 0.3, 0.4, 0.5, 0.6, 0.7]
times: [47.0, 91.0, 142.0, 196.0, 244.0, 294.0, 349.0]
scores: [0.753628280162522, 0.8801029192364049, 0.8278419372861534, 0.8870648679104873, 0.779938772472315, 0.8909502134393297, 0.8080512832679216]
