training_data_sizes: [0.1, 0.2, 0.3, 0.4]
times: [13.0, 38.0, 55.0, 75.0]
scores: [0.8271281830055176, 0.8680592298209104, 0.7511321886935531, 0.8527406877614422]
