training_data_sizes: [0.1, 0.2, 0.3, 0.4, 0.5, 0.6, 0.7]
times: [12.0, 32.0, 53.0, 77.0, 91.0, 110.0, 130.0]
scores: [0.5278136528293106, 0.7048279796201994, 0.6366893803666334, 0.8124461670441083, 0.7461096834797267, 0.7368321266232465, 0.9576346400264422]
