training_data_sizes: [0.1, 0.2, 0.3, 0.4, 0.5, 0.6, 0.7, 0.8, 0.9, 1.0]
times: [42.0, 93.0, 142.0, 192.0, 248.0, 296.0, 349.0, 390.0, 449.0, 493.0]
scores: [0.8994856688421147, 0.940446853747418, 0.9285170389898719, 0.9842319168816671, 1.0, 0.952586816439619, 1.0, 1.0, 1.0, 0.9947458762482717]
