training_data_sizes: [0.1, 0.2, 0.3, 0.4, 0.5, 0.6, 0.7, 0.8]
times: [153.66, 307.89, 458.58, 605.54, 759.11, 903.39, 1051.91, 1204.51]
scores: [0.5899572026642617, 0.6218085488383422, 0.6473649007568465, 0.8083787193865413, 0.92337896703124, 0.8997457099907872, 1.0, 0.9936046341030982]
