training_data_sizes: [0.1, 0.2, 0.3, 0.4, 0.5, 0.6, 0.7, 0.8, 0.9, 1.0]
times: [141.85, 289.29, 428.13, 567.39, 702.9, 843.84, 982.0, 1124.1, 1264.41, 1402.75]
scores: [0.8452884125720878, 0.8386522674649386, 0.9446415604878523, 0.8596625462337538, 0.9594614409204396, 0.9946977014902691, 0.9597993252705834, 0.9856113850364667, 1.0, 1.0]
