training_data_sizes: [0.1, 0.2, 0.3]
times: [47.0, 98.0, 149.0]
scores: [0.6462256724236735, 0.5263301164270713, 0.5391172626755396]
