training_data_sizes: [0.1, 0.2, 0.3]
times: [5.0, 17.0, 26.0]
scores: [0.6743462623677174, 0.6663390796596506, 0.8299218897392882]
