training_data_sizes: [0.1, 0.2]
times: [702.68, 1404.45]
scores: [0.8544474059238499, 0.9009090151077713]
