training_data_sizes: [0.1, 0.2, 0.3]
times: [467.1, 935.29, 1405.47]
scores: [0.6079739297941175, 0.7811844965706054, 0.8207071855909106]
