training_data_sizes: [0.1, 0.2, 0.3, 0.4, 0.5]
times: [201.77, 400.29, 604.99, 804.76, 1006.93]
scores: [0.8789251048358029, 0.8857811882198001, 0.8046758330328914, 0.8487680719000996, 1.0]
