training_data_sizes: [0.1, 0.2, 0.3, 0.4, 0.5, 0.6, 0.7, 0.8, 0.9]
times: [104.24, 200.94, 304.17, 400.47, 506.74, 606.31, 706.86, 808.34, 909.97]
scores: [0.7971467050360868, 0.7096037177812617, 0.8042878208838986, 0.9131964002304084, 1.0, 0.9751531142720679, 1.0, 1.0, 1.0]
