training_data_sizes: [0.1, 0.2, 0.3, 0.4, 0.5, 0.6, 0.7, 0.8, 0.9, 1.0]
times: [9.36, 20.52, 33.29, 48.23, 62.22, 80.49, 99.45, 120.54, 135.05, 153.28]
scores: [0.9999990285957134, 1.0, 0.9873767352874152, 0.987894927890286, 0.977833478091221, 0.9797264566057915, 0.9711922732341558, 0.9720033169150641, 0.9658779353610398, 0.966809605662172]
