training_data_sizes: [0.1, 0.2, 0.3]
times: [406.24, 807.66, 1201.31]
scores: [0.9533124667927891, 0.8990098056764801, 0.9704249012620678]
