training_data_sizes: [0.1, 0.2, 0.3, 0.4, 0.5, 0.6, 0.7, 0.8, 0.9, 1.0]
times: [146.94, 288.52, 426.58, 563.73, 702.89, 841.66, 983.68, 1127.78, 1262.34, 1405.15]
scores: [0.625244410584607, 0.7523566147721092, 0.6740267865130332, 0.8457626729994212, 0.7938932415143167, 1.0, 0.9578237066194413, 1.0, 1.0, 1.0]
