training_data_sizes: [0.1, 0.2, 0.3, 0.4, 0.5, 0.6, 0.7, 0.8, 0.9]
times: [85.75, 159.52, 241.58, 315.8, 396.65, 469.72, 549.66, 630.59, 700.5]
scores: [0.8097839742251279, 0.7340990242605421, 0.970737702675634, 0.8569928517344902, 0.8771783897991342, 0.9779713057232573, 1.0, 1.0, 1.0]
