training_data_sizes: [0.1, 0.2, 0.3, 0.4, 0.5, 0.6, 0.7, 0.8, 0.9]
times: [90.93, 181.89, 268.43, 362.44, 446.68, 542.02, 630.79, 719.43, 801.04]
scores: [0.7165409905032551, 0.6697316850517558, 0.8258338998642032, 0.9104420913341472, 0.781464729075199, 0.9055044350891364, 0.9130282184515032, 0.9170105956181516, 0.9730010360864654]
