training_data_sizes: [0.1, 0.2]
times: [454.93, 902.09]
scores: [0.5467608485026094, 0.6232078652465711]
