training_data_sizes: [0.1, 0.2, 0.3, 0.4, 0.5, 0.6, 0.7, 0.8, 0.9, 1.0]
times: [10.0, 35.0, 54.0, 77.0, 99.0, 111.0, 136.0, 152.0, 179.0, 198.0]
scores: [0.5676470149679971, 0.6243942596256624, 0.6855472127594638, 0.718539002520368, 0.6958660533158009, 0.8619408067535974, 0.8033546168003537, 0.9454768215797481, 0.9525844382499713, 1.0]
