training_data_sizes: [0.1, 0.2, 0.3, 0.4, 0.5]
times: [164.12, 326.6, 486.66, 643.56, 809.86]
scores: [0.7257190024217781, 0.7953292761812835, 0.6728399751428304, 0.755470571397878, 0.840490066275806]
