training_data_sizes: [0.1, 0.2, 0.3, 0.4, 0.5, 0.6, 0.7, 0.8, 0.9]
times: [47.0, 99.0, 144.0, 199.0, 248.0, 297.0, 345.0, 396.0, 449.0]
scores: [0.7023926566085759, 0.6953543612122594, 0.9077949001342659, 0.9158479523947559, 0.968801668765507, 0.872566070771035, 0.8850703241937599, 0.9546112139820129, 0.9827168365127215]
