training_data_sizes: [0.1, 0.2, 0.3]
times: [164.13, 486.55, 978.24]
scores: [0.9990584261694005, 0.9989529592015362, 0.9990349824203575]
