training_data_sizes: [0.1, 0.2]
times: [352.8, 702.85]
scores: [0.987452937824264, 0.907645754051039]
