training_data_sizes: [0.1, 0.2, 0.3, 0.4, 0.5, 0.6]
times: [76.0, 157.0, 233.0, 315.0, 393.0, 470.0]
scores: [0.7497022106289605, 0.7404977377518294, 0.9570102515420565, 0.8919704378007172, 1.0, 1.0]
