training_data_sizes: [0.1, 0.2, 0.3]
times: [202.45, 400.84, 601.81]
scores: [0.7070682662943233, 0.8270514299195286, 0.7251620800392553]
