training_data_sizes: [0.1, 0.2, 0.3, 0.4, 0.5, 0.6]
times: [80.0, 174.0, 266.0, 353.0, 446.0, 534.0]
scores: [0.7058397890136148, 0.7853070887048714, 0.7643128783140973, 0.841558929436482, 0.9370269428325827, 0.8844880866269667]
