training_data_sizes: [0.1, 0.2]
times: [505.25, 1005.82]
scores: [0.6361739916605846, 0.5637958854258183]
