training_data_sizes: [0.1, 0.2, 0.3, 0.4, 0.5, 0.6, 0.7]
times: [166.37, 323.8, 481.27, 631.54, 793.33, 943.6, 1101.26]
scores: [0.8745210744711401, 0.775419521175782, 0.79456427622963, 0.9602667572141731, 0.8397726120851559, 0.8981663470577421, 1.0]
