training_data_sizes: [0.1, 0.2, 0.3, 0.4]
times: [72.0, 155.0, 234.0, 311.0]
scores: [0.8536444518354844, 0.8070721296791875, 0.8005608317591004, 0.8565517262878333]
