training_data_sizes: [0.1, 0.2, 0.3, 0.4, 0.5, 0.6, 0.7, 0.8]
times: [92.2, 175.27, 263.46, 354.98, 444.29, 529.76, 619.97, 701.9]
scores: [0.8493025597422266, 0.8577565199312243, 1.0, 0.9499886691313553, 0.926458935162408, 0.9940124579056009, 1.0, 1.0]
