training_data_sizes: [0.1, 0.2, 0.3, 0.4, 0.5, 0.6, 0.7, 0.8, 0.9]
times: [152.33, 296.61, 442.04, 583.5, 731.95, 876.43, 1011.89, 1161.87, 1305.4]
scores: [0.8104076260426702, 0.966709114205522, 1.0, 0.8760978912825024, 0.9122489023864624, 0.8660332122989968, 0.9515747736471641, 0.9313853635309014, 1.0]
