training_data_sizes: [0.1, 0.2, 0.3]
times: [374.57, 742.27, 1105.98]
scores: [0.7650222957387334, 0.7411276991098446, 0.6533851805875743]
