training_data_sizes: [0.1, 0.2]
times: [655.38, 1306.39]
scores: [0.9807622264348665, 0.899603034605548]
