training_data_sizes: [0.1, 0.2, 0.3, 0.4, 0.5]
times: [286.78, 560.99, 846.51, 1125.3, 1407.77]
scores: [0.8683225797683887, 0.8504135103361855, 0.9531602819927438, 0.8159531308461209, 1.0]
