training_data_sizes: [0.1, 0.2, 0.3, 0.4, 0.5, 0.6, 0.7, 0.8]
times: [21.0, 54.0, 87.0, 116.0, 141.0, 170.0, 202.0, 230.0]
scores: [0.579855028734225, 0.6335134614773934, 0.6111895154500397, 0.6290530025689367, 0.5872109518862836, 0.5935745577922075, 0.680748815392843, 0.5681467215837116]
