training_data_sizes: [0.1, 0.2, 0.3, 0.4, 0.5, 0.6, 0.7, 0.8, 0.9]
times: [106.16, 203.75, 307.48, 403.39, 503.71, 605.03, 709.22, 804.61, 900.48]
scores: [0.8796227619937202, 0.9364305598505189, 0.9654846549637108, 1.0, 1.0, 1.0, 1.0, 1.0, 1.0]
