training_data_sizes: [0.1, 0.2, 0.3, 0.4, 0.5, 0.6, 0.7, 0.8, 0.9]
times: [118.45, 224.89, 339.12, 450.68, 558.19, 671.48, 778.38, 892.7, 1006.26]
scores: [0.7939698627951465, 0.7207951412662945, 0.8294142754078058, 0.7874401107679059, 0.8718315419664895, 1.0, 1.0, 1.0, 1.0]
