training_data_sizes: [0.1, 0.2, 0.3]
times: [194.94, 440.65, 785.8]
scores: [0.999231042509499, 0.998749324181637, 0.998137432454156]
