training_data_sizes: [0.1, 0.2, 0.3, 0.4]
times: [201.69, 403.77, 607.94, 804.95]
scores: [0.8013290986784064, 0.634701640744888, 0.756450390939869, 0.6398511911033604]
