training_data_sizes: [0.1, 0.2, 0.3, 0.4, 0.5]
times: [89.0, 172.0, 268.0, 354.0, 443.0]
scores: [0.6664750337844221, 0.6037558780533471, 0.7182429748426613, 0.7574816600678007, 0.6513490079082852]
