training_data_sizes: [0.1, 0.2, 0.3, 0.4, 0.5, 0.6, 0.7, 0.8]
times: [71.0, 156.0, 232.0, 319.0, 397.0, 472.0, 550.0, 639.0]
scores: [1.0, 0.989141543018694, 0.9408617937066815, 1.0, 0.9758389471277074, 0.9723985082548224, 1.0, 1.0]
