training_data_sizes: [0.1, 0.2, 0.3, 0.4, 0.5, 0.6, 0.7]
times: [143.23, 292.69, 436.6, 579.77, 714.9, 865.73, 1005.06]
scores: [0.9481512756557118, 0.9755559256535287, 0.8976687331256941, 1.0, 0.9747615598963144, 1.0, 0.9159965382632]
