training_data_sizes: [0.1, 0.2, 0.3, 0.4, 0.5, 0.6]
times: [134.35, 276.29, 407.28, 542.23, 672.71, 809.79]
scores: [0.9049629018036576, 0.9577017711809177, 1.0, 0.8632452551618879, 0.965390752250884, 0.9939585179364442]
