training_data_sizes: [0.1, 0.2, 0.3, 0.4, 0.5, 0.6, 0.7, 0.8]
times: [57.0, 117.0, 176.0, 236.0, 299.0, 354.0, 415.0, 471.0]
scores: [0.827663368821214, 0.8883340054995805, 0.8638015417157636, 0.7358276180827281, 0.8655193510881456, 0.8274247421371762, 0.7068341754953902, 0.8346045686971508]
