training_data_sizes: [0.1, 0.2, 0.3, 0.4, 0.5, 0.6, 0.7, 0.8]
times: [44.0, 93.0, 147.0, 194.0, 249.0, 297.0, 349.0, 392.0]
scores: [0.6523788204772325, 0.6216692287193503, 0.7847904693628376, 0.7847877613487418, 0.9086842441091609, 0.9507286302694876, 0.8365033441562574, 0.861725644172293]
