training_data_sizes: [0.1, 0.2]
times: [89.0, 174.0]
scores: [0.7174366135327721, 0.822135599872844]
