training_data_sizes: [0.1, 0.2, 0.3, 0.4, 0.5, 0.6, 0.7]
times: [148.62, 294.52, 431.55, 577.33, 714.46, 857.56, 1004.91]
scores: [0.8835277887550319, 0.8798048290237026, 1.0, 0.8825767209410723, 1.0, 1.0, 0.9347034219105497]
