training_data_sizes: [0.1, 0.2, 0.3, 0.4, 0.5, 0.6, 0.7, 0.8, 0.9]
times: [160.63, 313.81, 474.98, 631.86, 779.65, 942.71, 1089.82, 1250.56, 1401.99]
scores: [0.8763128340456929, 0.9052978898828004, 1.0, 1.0, 0.9158577433503239, 0.8998331102867301, 0.9997160593993155, 0.9644889229055218, 1.0]
