training_data_sizes: [0.1, 0.2, 0.3, 0.4, 0.5, 0.6, 0.7, 0.8]
times: [127.4, 251.45, 383.22, 507.02, 634.86, 755.96, 879.88, 1002.4]
scores: [0.9099168689448859, 0.9927567732093142, 0.9234183317223477, 0.9527574978854141, 0.9389066165374813, 0.9972388494435054, 1.0, 1.0]
