training_data_sizes: [0.1, 0.2, 0.3]
times: [90.0, 194.0, 293.0]
scores: [0.9377707366038028, 0.9894463518373693, 0.8461357757919894]
