training_data_sizes: [0.1, 0.2, 0.3, 0.4, 0.5, 0.6, 0.7, 0.8]
times: [126.83, 257.29, 382.77, 502.77, 629.11, 759.6, 883.96, 1007.07]
scores: [0.9778871079506699, 0.9768407340177163, 0.8576275181028851, 0.9881131864281324, 0.898955093657615, 1.0, 0.9337077981084878, 1.0]
