training_data_sizes: [0.1, 0.2, 0.3, 0.4]
times: [19.0, 32.0, 52.0, 74.0]
scores: [0.7336551595683887, 0.6866070676114144, 0.7946114920342978, 0.7483460506722135]
