training_data_sizes: [0.1, 0.2, 0.3, 0.4, 0.5]
times: [87.0, 170.0, 269.0, 354.0, 440.0]
scores: [0.9380738165307918, 0.9472440397270798, 1.0, 0.9347921199097371, 0.9907619198658979]
