training_data_sizes: [0.1, 0.2, 0.3]
times: [274.5, 536.2, 803.41]
scores: [0.8775057346709871, 1.0, 0.8951542988383563]
