training_data_sizes: [0.1, 0.2, 0.3, 0.4, 0.5, 0.6, 0.7, 0.8, 0.9, 1.0]
times: [81.0, 178.0, 261.0, 358.0, 444.0, 533.0, 621.0, 714.0, 806.0, 892.0]
scores: [0.829339906128653, 0.853358209670694, 1.0, 1.0, 0.9102429802893739, 1.0, 0.9617849642827285, 1.0, 0.9646320514566418, 1.0]
