training_data_sizes: [0.1, 0.2, 0.3, 0.4, 0.5, 0.6, 0.7, 0.8]
times: [105.77, 202.12, 302.13, 400.12, 505.7, 605.3, 703.78, 800.54]
scores: [0.9424679334387736, 1.0, 0.9511853921865939, 0.9310937337179015, 1.0, 1.0, 1.0, 1.0]
