training_data_sizes: [0.1, 0.2, 0.3, 0.4, 0.5, 0.6]
times: [15.0, 36.0, 58.0, 72.0, 90.0, 112.0]
scores: [0.968639554009731, 0.9599329600307751, 0.9352118810383167, 0.9913267568042343, 0.9227522889632035, 1.0]
