training_data_sizes: [0.1, 0.2, 0.3, 0.4, 0.5, 0.6, 0.7, 0.8, 0.9]
times: [99.0, 199.0, 298.0, 398.0, 491.0, 596.0, 692.0, 792.0, 893.0]
scores: [0.7156495204865267, 0.7130625773691621, 0.5777891359583717, 0.6099886839004148, 0.6676088110399345, 0.639260703249185, 0.5739001741399841, 0.5960878831946748, 0.6445862143455833]
