training_data_sizes: [0.1, 0.2, 0.3, 0.4]
times: [106.0, 212.0, 328.0, 438.0]
scores: [0.8342963805130088, 0.9185066265824893, 0.8256895210367743, 0.8899915603433102]
