training_data_sizes: [0.1, 0.2, 0.3, 0.4, 0.5, 0.6, 0.7, 0.8]
times: [128.01, 255.21, 383.24, 509.29, 630.81, 755.22, 879.25, 1005.45]
scores: [0.9975722923072016, 0.8768407671827989, 0.8763510166931816, 0.8513516275898858, 1.0, 1.0, 0.9722355839592964, 1.0]
