training_data_sizes: [0.1, 0.2, 0.3]
times: [336.49, 672.45, 1001.61]
scores: [0.698691811950872, 0.7563335113954774, 0.7717452661866009]
