training_data_sizes: [0.1, 0.2, 0.3, 0.4, 0.5, 0.6, 0.7, 0.8, 0.9]
times: [142.03, 267.76, 401.6, 535.15, 671.96, 803.89, 936.24, 1071.91, 1201.85]
scores: [0.6334246773815354, 0.489498707492512, 0.5735703391911647, 0.6369047615991258, 0.4442241186119993, 0.5877004681480336, 0.5178387912190816, 0.5151990080046365, 0.4198656966384054]
