training_data_sizes: [0.1, 0.2, 0.3, 0.4, 0.5]
times: [47.0, 91.0, 140.0, 194.0, 243.0]
scores: [0.5839812060884062, 0.5516684871576628, 0.5135430187842686, 0.6759092939162458, 0.7515725752521044]
