training_data_sizes: [0.1, 0.2, 0.3, 0.4]
times: [28.0, 56.0, 83.0, 112.0]
scores: [0.8758370672701835, 0.9093924316533618, 0.7631278702142341, 0.8178587335457554]
