training_data_sizes: [0.1, 0.2, 0.3, 0.4, 0.5, 0.6]
times: [46.0, 93.0, 148.0, 190.0, 243.0, 295.0]
scores: [0.7582735178614456, 0.6530865395307208, 0.7678347708068105, 0.8194204066858208, 0.9000641848715432, 0.9599528733052335]
