training_data_sizes: [0.1, 0.2, 0.3, 0.4, 0.5, 0.6, 0.7, 0.8, 0.9]
times: [114.24, 227.78, 340.28, 446.81, 565.43, 668.0, 778.33, 895.6, 1004.44]
scores: [0.7572035423900614, 0.8928091136165925, 0.7296364616957579, 0.7636493324325045, 0.7676879733297755, 0.7820225187769576, 0.8063314229309022, 0.8196338716533338, 0.7777590258364588]
