training_data_sizes: [0.1, 0.2, 0.3, 0.4, 0.5, 0.6, 0.7, 0.8, 0.9, 1.0]
times: [10.39, 25.78, 37.95, 50.15, 64.32, 75.92, 89.9, 102.8, 117.48, 133.34]
scores: [0.038807147008689626, 0.05018107261510627, 0.05542421385102311, 0.062377105481690134, 0.0671008896875465, 0.07161293298735483, 0.07449441844927639, 0.07770142998073155, 0.0800285414095527, 0.08311490081448736]
