training_data_sizes: [0.1, 0.2, 0.3, 0.4, 0.5, 0.6, 0.7, 0.8, 0.9, 1.0]
times: [106.34, 206.3, 304.38, 405.02, 509.99, 603.29, 703.85, 806.75, 903.7, 1006.14]
scores: [0.7990833529434661, 0.8557526597404816, 0.8900290468241246, 0.8231929712568684, 0.7997047507591541, 0.86740234934897, 0.9111268416747769, 0.9889746471372662, 0.9551557280756499, 1.0]
