training_data_sizes: [0.1, 0.2, 0.3, 0.4, 0.5, 0.6, 0.7, 0.8, 0.9]
times: [185.53, 295.96, 423.3, 587.63, 715.36, 839.23, 964.77, 1063.7, 1174.68]
scores: [0.9999999073796215, 0.9999984373196023, 0.9999952863488353, 0.9999916604007228, 0.9999909666101969, 0.9999367845714033, 0.9998721546124854, 0.9995059288554224, 0.9991147828948419]
