training_data_sizes: [0.1, 0.2, 0.3]
times: [468.32, 937.84, 1404.4]
scores: [0.6330366791210859, 0.8070840291295305, 0.7348854011885081]
