training_data_sizes: [0.1, 0.2, 0.3, 0.4, 0.5, 0.6, 0.7, 0.8, 0.9]
times: [94.0, 197.0, 298.0, 391.0, 499.0, 593.0, 690.0, 794.0, 891.0]
scores: [0.8926809161750573, 0.8702927696886607, 0.8766245685879164, 1.0, 0.9662443086354968, 1.0, 1.0, 0.9974816000264781, 1.0]
