training_data_sizes: [0.1, 0.2, 0.3, 0.4, 0.5, 0.6, 0.7, 0.8, 0.9, 1.0]
times: [73.51, 149.98, 216.51, 280.86, 354.36, 420.93, 496.25, 560.36, 635.46, 704.36]
scores: [0.8551232211013722, 0.9387855054445713, 0.9132031069600224, 0.8861988024775116, 0.9402174279517612, 0.8777228952292292, 0.8306658655881901, 0.7705435470741031, 0.7522839640619117, 0.9274052925099889]
