training_data_sizes: [0.1, 0.2, 0.3, 0.4, 0.5, 0.6, 0.7, 0.8, 0.9, 1.0]
times: [1.21, 2.36, 3.84, 5.8, 8.5, 12.39, 16.22, 20.72, 23.26, 28.75]
scores: [0.9144223385074564, 0.9525009808870425, 0.9666744810214728, 0.9740768216341301, 0.9786472891323835, 0.9818077182647401, 0.984099882648802, 0.9856829498200141, 0.9868051481628036, 0.9878677881686958]
