training_data_sizes: [0.1, 0.2, 0.3, 0.4, 0.5, 0.6, 0.7]
times: [116.83, 234.86, 352.61, 463.6, 576.15, 691.81, 805.37]
scores: [0.8386239099039361, 1.0, 0.9094508252565323, 0.9760213344267235, 0.9651181392421935, 1.0, 0.9584193879414069]
