training_data_sizes: [0.1, 0.2]
times: [80.0, 178.0]
scores: [0.8016533371687704, 0.8058491674459777]
