training_data_sizes: [0.1, 0.2, 0.3, 0.4]
times: [73.0, 151.0, 233.0, 318.0]
scores: [0.9821611169657891, 1.0, 1.0, 0.9278947915262374]
