training_data_sizes: [0.1, 0.2, 0.3]
times: [270.43, 534.12, 802.01]
scores: [0.7130241658675611, 0.7004799185922943, 0.6886313323632159]
