training_data_sizes: [0.1, 0.2, 0.3, 0.4]
times: [19.0, 33.0, 50.0, 77.0]
scores: [0.9521545217274447, 0.8958803943886648, 0.9300291680393651, 0.994169007611588]
