training_data_sizes: [0.1, 0.2]
times: [406.51, 805.0]
scores: [0.9018547969677644, 0.915123400825925]
