training_data_sizes: [0.1, 0.2, 0.3, 0.4, 0.5, 0.6]
times: [125.61, 238.99, 351.74, 470.6, 589.14, 702.46]
scores: [0.9011389138137422, 0.8302447349973339, 0.8941558001713686, 0.8688127759617887, 0.8365253635185368, 0.9865277098418037]
