training_data_sizes: [0.1, 0.2, 0.3, 0.4, 0.5, 0.6, 0.7, 0.8]
times: [139.12, 278.48, 421.44, 552.4, 692.11, 828.1, 964.35, 1100.44]
scores: [0.9497289558541457, 0.9053734990435975, 0.8906826687500039, 0.9722187386585819, 0.9336515519585754, 1.0, 1.0, 1.0]
