training_data_sizes: [0.1, 0.2, 0.3, 0.4, 0.5, 0.6, 0.7, 0.8, 0.9, 1.0]
times: [2.53, 4.69, 6.4, 8.08, 10.31, 13.73, 16.83, 19.8, 22.22, 24.77]
scores: [0.6682136839540589, 0.6833021615805757, 0.6941568171560211, 0.7038389248384065, 0.7090060452273435, 0.7142027269069922, 0.7189651694649672, 0.7210214834450208, 0.7246303655432822, 0.7274338596422218]
