training_data_sizes: [0.1, 0.2, 0.3, 0.4, 0.5, 0.6, 0.7, 0.8, 0.9]
times: [108.39, 201.36, 309.0, 405.84, 508.88, 602.34, 704.66, 803.62, 906.41]
scores: [0.7674254908804863, 0.7521429664231163, 0.6901344323709635, 0.7463297666975044, 0.7430282519222358, 0.7371488090712894, 0.7192360116096652, 0.7937914097080963, 0.7918968790207681]
