training_data_sizes: [0.1, 0.2, 0.3]
times: [401.6, 808.26, 1206.12]
scores: [0.812357572356124, 0.8684873289752941, 0.8922955677225317]
