training_data_sizes: [0.1, 0.2, 0.3, 0.4]
times: [60.0, 135.0, 205.0, 270.0]
scores: [0.6835007976801025, 0.695916131159107, 0.8331458220484169, 0.8680578811212907]
