training_data_sizes: [0.1, 0.2, 0.3, 0.4, 0.5, 0.6, 0.7, 0.8, 0.9, 1.0]
times: [63.0, 133.0, 203.0, 277.0, 344.0, 418.0, 485.99999999999994, 552.0, 624.0, 695.0]
scores: [0.740700475243796, 0.8091460116480458, 0.8403643915724517, 0.9086521209981817, 0.888729417276505, 0.9754900456725198, 0.9529713466912815, 1.0, 1.0, 0.9905521727238175]
