training_data_sizes: [0.1, 0.2, 0.3, 0.4, 0.5, 0.6, 0.7, 0.8]
times: [42.0, 98.0, 149.0, 193.0, 248.0, 291.0, 340.0, 391.0]
scores: [0.888284649829562, 1.0, 0.9535820311181971, 0.9918756208031718, 0.9622011847516481, 1.0, 1.0, 1.0]
