training_data_sizes: [0.1, 0.2, 0.3, 0.4, 0.5, 0.6, 0.7]
times: [131.0, 270.0, 416.0, 553.0, 690.0, 838.0, 976.9999999999999]
scores: [0.8488136090897443, 0.8138574724217075, 0.9064261061374234, 0.9737492147792933, 0.9416209991171858, 0.8887292389267685, 0.9537986054916014]
