training_data_sizes: [0.1, 0.2, 0.3, 0.4, 0.5, 0.6, 0.7, 0.8, 0.9]
times: [56.0, 111.0, 175.0, 233.0, 293.0, 351.0, 418.0, 476.0, 531.0]
scores: [0.7729048954814173, 0.9877922864240629, 0.9635659967907859, 0.8684881195368352, 0.8845300562421843, 1.0, 1.0, 1.0, 1.0]
