training_data_sizes: [0.1, 0.2]
times: [92.0, 196.0]
scores: [0.7002423650313254, 0.6991083698425796]
