training_data_sizes: [0.1, 0.2, 0.3, 0.4, 0.5, 0.6, 0.7]
times: [137.0, 275.0, 414.0, 550.0, 690.0, 834.0, 973.9999999999999]
scores: [1.0, 0.9310935649876142, 0.9158506596475355, 1.0, 1.0, 1.0, 1.0]
