training_data_sizes: [0.1, 0.2, 0.3, 0.4, 0.5, 0.6, 0.7, 0.8, 0.9, 1.0]
times: [4.0, 16.0, 29.0, 38.0, 49.0, 51.0, 67.0, 70.0, 86.0, 93.0]
scores: [0.975887973978215, 0.887742446360613, 0.9591767480169731, 0.9287133865813604, 0.906187214053654, 0.875990987371938, 1.0, 1.0, 1.0, 0.9220233920615537]
