training_data_sizes: [0.1, 0.2, 0.3, 0.4, 0.5, 0.6, 0.7, 0.8]
times: [94.0, 196.0, 293.0, 397.0, 496.0, 590.0, 692.0, 796.0]
scores: [0.8653761855756965, 0.9511234147349013, 0.9362910084764371, 0.9711565307542265, 1.0, 1.0, 1.0, 1.0]
