training_data_sizes: [0.1, 0.2, 0.3, 0.4, 0.5, 0.6, 0.7]
times: [22.0, 54.0, 88.0, 113.0, 144.0, 173.0, 207.0]
scores: [0.9750863757518516, 0.9341446582138563, 0.8486242579117734, 0.9217563392192787, 0.9382838168900614, 0.9262881841444581, 0.9563543947628903]
