training_data_sizes: [0.1, 0.2, 0.3]
times: [315.21, 594.81, 1061.01]
scores: [0.999196004915412, 0.9986796935923032, 0.9981490406898476]
