training_data_sizes: [0.1, 0.2, 0.3, 0.4]
times: [11.0, 37.0, 57.0, 78.0]
scores: [0.8958364813711106, 0.9510288034793586, 0.9376716546863593, 0.8920659104492228]
