training_data_sizes: [0.1, 0.2, 0.3, 0.4, 0.5]
times: [147.62, 286.68, 423.96, 562.95, 705.35]
scores: [0.8378251212499652, 0.7161278455078827, 0.7295687283473145, 0.9047258939884157, 0.7895899484521464]
