training_data_sizes: [0.1, 0.2, 0.3, 0.4, 0.5]
times: [205.41, 401.38, 604.45, 807.87, 1003.31]
scores: [0.7633390371895366, 0.8994621973688149, 0.9854988945305551, 0.9682603002205952, 0.9933373433053406]
