training_data_sizes: [0.1, 0.2, 0.3, 0.4, 0.5, 0.6, 0.7]
times: [148.66, 286.99, 436.99, 580.89, 718.05, 857.71, 1006.22]
scores: [0.8323114688640033, 0.8137003327168053, 0.9425653651693192, 0.9138529154622121, 0.829823533360573, 0.8284085691097111, 0.8269978521947283]
