training_data_sizes: [0.1, 0.2, 0.3, 0.4]
times: [116.0, 236.0, 351.0, 476.0]
scores: [0.5389010248553542, 0.6596459410406756, 0.6299012636975331, 0.7391232305129215]
