training_data_sizes: [0.1, 0.2, 0.3, 0.4, 0.5, 0.6, 0.7, 0.8, 0.9]
times: [113.0, 236.0, 359.0, 473.0, 597.0, 718.0, 831.0, 959.0, 1075.0]
scores: [0.8241369352480445, 0.9821283503073874, 0.9565803082789823, 0.9459406667164226, 1.0, 1.0, 1.0, 1.0, 1.0]
