training_data_sizes: [0.1, 0.2, 0.3, 0.4, 0.5, 0.6, 0.7, 0.8, 0.9]
times: [97.0, 196.0, 298.0, 394.0, 492.0, 597.0, 693.0, 797.0, 891.0]
scores: [0.8683525253011668, 0.8574654337644998, 0.7927133817636802, 0.9111021334573768, 0.816259099802285, 0.8684152803649756, 0.829400443346384, 0.9374454589290826, 0.8043301633639051]
