training_data_sizes: [0.1, 0.2, 0.3, 0.4, 0.5, 0.6, 0.7, 0.8, 0.9, 1.0]
times: [136.06, 269.17, 390.18, 520.8, 652.02, 785.24, 917.73, 1049.94, 1179.57, 1306.51]
scores: [0.9201858325984215, 0.8776171640061898, 0.8368750022860763, 0.8243486068396253, 0.778428835819887, 0.8794595554811062, 0.8134758213854962, 0.8474228697172836, 0.7913992034566786, 0.7667272512393126]
