training_data_sizes: [0.1, 0.2, 0.3, 0.4, 0.5, 0.6, 0.7, 0.8, 0.9, 1.0]
times: [128.62, 248.15, 361.91, 488.95, 607.31, 728.38, 847.72, 964.38, 1085.57, 1208.8]
scores: [0.8162883057497357, 1.0, 0.9662902107173434, 0.9259264901312223, 0.9612574431777805, 1.0, 1.0, 0.9954429141425059, 0.9754591841747966, 1.0]
