training_data_sizes: [0.1, 0.2, 0.3, 0.4, 0.5]
times: [209.56, 407.67, 606.86, 806.32, 1004.86]
scores: [0.9120624777683869, 0.9301458128824841, 0.8943783118126083, 0.8723369079682013, 1.0]
