training_data_sizes: [0.1, 0.2, 0.3, 0.4, 0.5, 0.6, 0.7, 0.8, 0.9]
times: [159.29, 319.43, 472.86, 630.82, 787.12, 935.94, 1095.36, 1246.21, 1401.9]
scores: [0.7417679681829938, 0.7942838026616733, 0.8695366137164855, 0.8387592380834721, 0.7331114653413817, 0.8271552756890777, 0.795074022918443, 0.8698622012131423, 0.8953364182480492]
