training_data_sizes: [0.1, 0.2]
times: [306.9, 601.1]
scores: [0.7975263792211047, 0.9625064989435324]
