training_data_sizes: [0.1, 0.2, 0.3]
times: [338.85, 676.33, 1005.4]
scores: [0.8836933300621972, 0.9094237689519287, 0.9523979981286137]
