training_data_sizes: [0.1, 0.2, 0.3, 0.4]
times: [259.54, 504.25, 752.41, 1005.51]
scores: [0.9166742532805321, 0.839513350217403, 0.9096895397718436, 0.964429317153102]
