training_data_sizes: [0.1, 0.2, 0.3, 0.4, 0.5, 0.6, 0.7, 0.8]
times: [64.0, 137.0, 202.0, 273.0, 344.0, 416.0, 484.99999999999994, 552.0]
scores: [0.8358762994405464, 0.8107012080779161, 0.8105802252384964, 0.8495395255122391, 0.8926461359885918, 1.0, 0.9819218281597639, 1.0]
