training_data_sizes: [0.1, 0.2, 0.3, 0.4, 0.5, 0.6, 0.7, 0.8, 0.9, 1.0]
times: [108.5, 204.73, 306.67, 406.08, 505.2, 608.07, 701.96, 807.13, 904.71, 1001.45]
scores: [0.6234696209358854, 0.6846770347153599, 0.6779996300043472, 0.820805328973829, 0.7387587659350776, 0.8857306486855345, 1.0, 0.9290799335377931, 1.0, 1.0]
