training_data_sizes: [0.1, 0.2, 0.3, 0.4, 0.5, 0.6, 0.7, 0.8, 0.9, 1.0]
times: [4.96, 7.98, 11.53, 13.54, 16.11, 18.92, 21.3, 24.13, 25.68, 28.0]
scores: [0.7495511716107683, 0.7565554978229274, 0.7705741364578318, 0.7608481274093686, 0.7617680277330123, 0.7683354889058778, 0.7758234734072718, 0.779099948515184, 0.7766957212390748, 0.7790222254462628]
