training_data_sizes: [0.1, 0.2, 0.3, 0.4, 0.5, 0.6, 0.7, 0.8, 0.9, 1.0]
times: [76.21, 142.39, 219.33, 288.02, 357.68, 422.31, 498.48, 569.71, 633.38, 706.2]
scores: [0.8188534568536958, 0.8598953260634121, 1.0, 0.8778354721091873, 1.0, 0.9224289762247384, 1.0, 0.9611489572920385, 1.0, 1.0]
