training_data_sizes: [0.1, 0.2, 0.3, 0.4]
times: [151.8, 305.15, 453.46, 609.84]
scores: [0.9284666670261094, 0.8945506889642888, 0.9030003471465409, 0.8574112832722249]
