training_data_sizes: [0.1, 0.2, 0.3]
times: [113.0, 238.0, 352.0]
scores: [0.6257894000208687, 0.701137963452586, 0.7899696674773928]
