training_data_sizes: [0.1, 0.2, 0.3]
times: [73.0, 153.0, 231.0]
scores: [0.7453622006548364, 0.8973299774426613, 0.7993573001853524]
