training_data_sizes: [0.1, 0.2, 0.3, 0.4, 0.5, 0.6, 0.7, 0.8, 0.9]
times: [145.11, 295.01, 437.35, 579.76, 727.77, 866.8, 1012.03, 1158.35, 1302.73]
scores: [0.7961477951755587, 0.8336749473900087, 0.9690376704790065, 0.966820033830046, 1.0, 1.0, 1.0, 1.0, 1.0]
