training_data_sizes: [0.1, 0.2]
times: [35.0, 77.0]
scores: [0.9412879616757215, 0.8957956360793571]
