training_data_sizes: [0.1, 0.2, 0.3, 0.4, 0.5, 0.6, 0.7, 0.8, 0.9]
times: [122.35, 251.05, 373.97, 491.49, 615.64, 734.68, 863.93, 978.27, 1108.05]
scores: [0.7954294420410997, 0.9323374614287085, 0.8146277154026811, 0.9165653034856798, 0.8727876211167553, 0.9906131111803653, 1.0, 0.9397527790268656, 1.0]
