training_data_sizes: [0.1, 0.2, 0.3, 0.4, 0.5, 0.6, 0.7]
times: [44.0, 97.0, 149.0, 199.0, 244.0, 295.0, 343.0]
scores: [0.9724255516624698, 0.8791158907953606, 0.9723708868318846, 0.8797286428831324, 0.8665187717948959, 0.8456793974334593, 0.823763013558819]
