training_data_sizes: [0.1, 0.2, 0.3, 0.4]
times: [55.0, 111.0, 172.0, 236.0]
scores: [1.0, 0.9490698182442818, 0.9718497533507242, 1.0]
