training_data_sizes: [0.1, 0.2]
times: [359.32, 706.12]
scores: [0.8253628218647047, 0.781054552725857]
