training_data_sizes: [0.1, 0.2, 0.3, 0.4]
times: [253.73, 507.79, 750.28, 1006.0]
scores: [0.6447176386185602, 0.8145933852016424, 0.8027495747340117, 0.8365455551322237]
