training_data_sizes: [0.1, 0.2, 0.3, 0.4, 0.5, 0.6]
times: [187.42, 367.71, 551.76, 735.98, 923.28, 1108.91]
scores: [1.0, 0.8761727951159426, 1.0, 0.9449478060950172, 0.9236391803295362, 1.0]
