training_data_sizes: [0.1, 0.2, 0.3, 0.4, 0.5, 0.6, 0.7, 0.8]
times: [65.0, 130.0, 203.0, 276.0, 342.0, 410.0, 485.99999999999994, 559.0]
scores: [0.7794560357807427, 0.9184109664361568, 0.8170628670673943, 0.9041626255084971, 0.9901912720200858, 1.0, 0.9982761217439342, 0.886656859004936]
