training_data_sizes: [0.1, 0.2, 0.3, 0.4, 0.5]
times: [220.43, 446.86, 668.89, 883.6, 1103.09]
scores: [0.7031238808068003, 0.9052829910753722, 0.7787103350003715, 0.7825466425833929, 0.9261082220485217]
