training_data_sizes: [0.1, 0.2]
times: [27.0, 55.0]
scores: [0.6194776914034121, 0.6307561867997115]
