training_data_sizes: [0.1, 0.2, 0.3, 0.4, 0.5, 0.6, 0.7, 0.8, 0.9]
times: [74.0, 154.0, 230.0, 314.0, 397.0, 470.0, 556.0, 635.0, 717.0]
scores: [0.8065211688606521, 0.9013243719996358, 0.8918592461147372, 0.9139798974073141, 0.9683862706290882, 1.0, 1.0, 1.0, 1.0]
