training_data_sizes: [0.1, 0.2, 0.3]
times: [241.2, 472.04, 701.42]
scores: [0.5950803335634437, 0.6050065892861869, 0.6153849456794539]
