training_data_sizes: [0.1, 0.2, 0.3, 0.4, 0.5]
times: [91.0, 193.0, 295.0, 390.0, 497.0]
scores: [0.5162708435239228, 0.724298912454834, 0.6856827928756765, 0.668693005433425, 0.77153639078654]
