training_data_sizes: [0.1, 0.2, 0.3, 0.4, 0.5, 0.6]
times: [114.0, 232.0, 351.0, 476.0, 592.0, 715.0]
scores: [0.6809768272762691, 0.6021136117062162, 0.6024157311772966, 0.5776501804522782, 0.6351069430344891, 0.5373592094251894]
