training_data_sizes: [0.1, 0.2, 0.3, 0.4, 0.5, 0.6, 0.7, 0.8, 0.9, 1.0]
times: [44.0, 94.0, 140.0, 192.0, 245.0, 296.0, 349.0, 399.0, 447.0, 492.0]
scores: [0.6045919811707705, 0.6602405902397164, 0.8092915383047762, 0.8561258377762058, 0.8926052477266633, 0.8691579349932796, 0.8920109652325398, 1.0, 0.9415845118176436, 1.0]
