training_data_sizes: [0.1, 0.2, 0.3, 0.4, 0.5, 0.6, 0.7, 0.8, 0.9, 1.0]
times: [102.0, 218.0, 329.0, 438.0, 543.0, 655.0, 764.0, 872.0, 981.0, 1091.0]
scores: [0.8537016068487574, 0.908661911606101, 0.9957784940841029, 1.0, 1.0, 1.0, 1.0, 1.0, 1.0, 1.0]
