training_data_sizes: [0.1, 0.2, 0.3, 0.4, 0.5, 0.6, 0.7, 0.8, 0.9, 1.0]
times: [38.12, 76.46, 115.88, 153.28, 190.34, 230.55, 270.49, 332.64, 388.14, 434.76]
scores: [0.4733057865883019, 0.3500866928705315, 0.31291259414632905, 0.2991380183722635, 0.2915152734550924, 0.2849087392105254, 0.2834411351908091, 0.27845701262575195, 0.27980093807830303, 0.2772558768356731]
