training_data_sizes: [0.1, 0.2, 0.3, 0.4, 0.5, 0.6, 0.7]
times: [77.0, 152.0, 238.0, 313.0, 391.0, 477.0, 551.0]
scores: [0.9427554274984481, 0.9945738660515488, 0.9407286889883353, 1.0, 0.9433796465995614, 1.0, 0.9967064773342202]
