training_data_sizes: [0.1, 0.2, 0.3]
times: [56.0, 110.0, 171.0]
scores: [0.9576560278506865, 0.9117941423745325, 0.8631287406307512]
