training_data_sizes: [0.1, 0.2, 0.3, 0.4, 0.5, 0.6]
times: [41.0, 93.0, 140.0, 192.0, 249.0, 296.0]
scores: [0.6966128820212587, 0.7658651196111659, 0.7984940446091393, 0.8809773438701693, 0.878987714816579, 1.0]
