training_data_sizes: [0.1, 0.2, 0.3, 0.4, 0.5, 0.6, 0.7]
times: [145.88, 295.11, 437.87, 577.36, 722.89, 858.03, 1008.38]
scores: [0.7205155001599972, 0.7366347274537581, 0.7199812229388395, 0.7912044150893767, 0.8957348279750164, 0.9552613824116949, 0.9993952658610612]
