training_data_sizes: [0.1, 0.2, 0.3, 0.4, 0.5, 0.6, 0.7, 0.8]
times: [133.16, 250.63, 378.72, 505.91, 634.91, 759.74, 883.18, 1002.72]
scores: [0.8267061520739316, 0.853329937020556, 0.816435975998737, 0.8463439345020509, 0.8761566708292776, 0.9733572196930536, 1.0, 1.0]
