training_data_sizes: [0.1, 0.2, 0.3, 0.4, 0.5]
times: [200.81, 409.8, 603.66, 800.85, 1004.13]
scores: [0.6020041235986567, 0.5690349149147229, 0.5530276715436847, 0.6333975736807095, 0.6062493533308208]
