training_data_sizes: [0.1, 0.2, 0.3, 0.4, 0.5, 0.6]
times: [97.0, 193.0, 290.0, 390.0, 495.0, 599.0]
scores: [0.8601356778937496, 0.9204145226997904, 0.9377721403426225, 0.8445169309131615, 0.8683819863567608, 0.8878087845188163]
