training_data_sizes: [0.1, 0.2, 0.3, 0.4, 0.5]
times: [15.0, 31.0, 50.0, 72.0, 94.0]
scores: [0.9551055628999274, 0.9184419966259129, 1.0, 0.9734772640494254, 0.9722055495772786]
