training_data_sizes: [0.1, 0.2, 0.3]
times: [34.0, 70.0, 114.0]
scores: [0.949913447345033, 0.8676666707399279, 0.9353618841388935]
