training_data_sizes: [0.1, 0.2, 0.3, 0.4, 0.5]
times: [245.02, 486.09, 725.21, 963.33, 1208.41]
scores: [0.7328353027031689, 0.6876358301908784, 0.5887148820225488, 0.6216419048399434, 0.5791710846655171]
