training_data_sizes: [0.1, 0.2, 0.3, 0.4, 0.5, 0.6, 0.7, 0.8, 0.9]
times: [105.81, 206.55, 309.77, 408.04, 501.1, 601.61, 701.42, 809.4, 903.53]
scores: [0.9591746152342511, 0.9686012625678452, 1.0, 1.0, 1.0, 1.0, 1.0, 1.0, 1.0]
