training_data_sizes: [0.1, 0.2, 0.3, 0.4, 0.5]
times: [88.0, 171.0, 264.0, 357.0, 440.0]
scores: [0.8945491000259154, 0.8886736368551659, 0.9159721459749812, 0.9004699189339612, 0.8434634899609468]
