training_data_sizes: [0.1, 0.2, 0.3, 0.4, 0.5, 0.6, 0.7, 0.8]
times: [118.0, 235.0, 359.0, 470.0, 596.0, 717.0, 830.0, 954.0]
scores: [0.9182060460176477, 0.9606334965577017, 1.0, 0.9172421196447689, 0.9594203429935027, 0.982880620635753, 1.0, 1.0]
