training_data_sizes: [0.1, 0.2, 0.3, 0.4, 0.5, 0.6, 0.7, 0.8, 0.9, 1.0]
times: [31.0, 77.0, 119.0, 158.0, 192.0, 231.0, 275.0, 318.0, 359.0, 399.0]
scores: [0.7299640212080538, 0.8887653340568848, 0.8143145023971559, 0.8238307345679206, 0.9868006046330149, 0.996908819740687, 0.9124842192641653, 1.0, 1.0, 1.0]
