training_data_sizes: [0.1, 0.2, 0.3, 0.4, 0.5, 0.6, 0.7, 0.8, 0.9, 1.0]
times: [147.97, 286.88, 423.78, 563.33, 704.96, 846.51, 988.14, 1123.71, 1267.19, 1403.94]
scores: [0.8644288695457553, 0.8406268864044029, 0.9529430343427197, 0.9263289672926474, 0.8539287107322059, 0.9696530680559539, 0.9435782917584536, 1.0, 0.9930109238667251, 1.0]
