training_data_sizes: [0.1, 0.2, 0.3, 0.4, 0.5, 0.6, 0.7, 0.8, 0.9, 1.0]
times: [34.0, 79.0, 112.0, 154.0, 196.0, 239.0, 277.0, 318.0, 355.0, 391.0]
scores: [0.6507455479036779, 0.7243265234487521, 0.9075097932670292, 0.8665099611471254, 1.0, 1.0, 1.0, 1.0, 1.0, 1.0]
