training_data_sizes: [0.1, 0.2, 0.3, 0.4]
times: [259.06, 508.38, 756.26, 1002.01]
scores: [0.6701034771026195, 0.7537914651328467, 0.7652149771763325, 0.7476412726337297]
