training_data_sizes: [0.1, 0.2, 0.3, 0.4, 0.5, 0.6, 0.7]
times: [22.0, 57.0, 85.0, 113.0, 146.0, 176.0, 200.0]
scores: [1.0, 0.9614142948176352, 1.0, 0.9590027305011991, 1.0, 1.0, 1.0]
