training_data_sizes: [0.1, 0.2, 0.3, 0.4, 0.5]
times: [242.02, 480.32, 726.33, 964.44, 1207.11]
scores: [0.8917256449311557, 0.9885493623310672, 0.9940942220547784, 1.0, 1.0]
