training_data_sizes: [0.1, 0.2, 0.3, 0.4, 0.5, 0.6, 0.7, 0.8, 0.9]
times: [122.0, 250.0, 383.0, 518.0, 643.0, 772.0, 901.9999999999999, 1036.0, 1164.0]
scores: [0.8856430996113556, 0.8608019756197025, 0.9443575382127427, 0.8761552404783826, 0.8684024716678473, 0.8796624976152234, 0.8853084552706179, 0.8447639795397502, 0.9085289371282584]
