training_data_sizes: [0.1, 0.2, 0.3, 0.4, 0.5, 0.6, 0.7, 0.8, 0.9, 1.0]
times: [1.03, 1.71, 2.33, 2.96, 3.61, 4.1, 5.21, 5.64, 6.51, 6.96]
scores: [0.4543080233099489, 0.4712407425246429, 0.47949957649143526, 0.48110688536166457, 0.4736387964322696, 0.47555377732612014, 0.46772390243361617, 0.470635986897454, 0.4704218882415587, 0.4675128838887449]
