training_data_sizes: [0.1, 0.2, 0.3, 0.4, 0.5]
times: [185.04, 366.58, 541.46, 721.55, 904.17]
scores: [0.8932258519755236, 0.8953765462698211, 1.0, 1.0, 1.0]
