training_data_sizes: [0.1, 0.2, 0.3, 0.4, 0.5]
times: [49.0, 99.0, 147.0, 196.0, 249.0]
scores: [0.6688887646754313, 0.6587111916824725, 0.8810449890652188, 0.8672553502801147, 0.7944550904627613]
