training_data_sizes: [0.1, 0.2, 0.3, 0.4]
times: [51.0, 114.0, 179.0, 235.0]
scores: [0.7492040851627078, 0.717708730921439, 0.6978958500071657, 0.72338856339875]
