training_data_sizes: [0.1, 0.2]
times: [507.62, 1001.24]
scores: [0.9740708055048992, 0.8754108496034827]
