training_data_sizes: [0.1, 0.2, 0.3]
times: [203.26, 406.76, 600.91]
scores: [0.7433531180564714, 0.814086667901705, 0.8719629302416451]
