training_data_sizes: [0.1, 0.2, 0.3, 0.4, 0.5, 0.6]
times: [92.0, 199.0, 291.0, 394.0, 493.0, 596.0]
scores: [0.8504136404763647, 0.8857466136230028, 0.98974292838067, 1.0, 1.0, 0.9997631382160141]
