training_data_sizes: [0.1, 0.2, 0.3, 0.4, 0.5]
times: [39.0, 75.0, 110.0, 156.0, 199.0]
scores: [0.7991668794882971, 0.7851844537672827, 0.8815495355383454, 0.9322585601873645, 0.9158025744812346]
