training_data_sizes: [0.1, 0.2, 0.3, 0.4, 0.5, 0.6, 0.7]
times: [133.0, 275.0, 410.0, 553.0, 691.0, 835.0, 975.9999999999999]
scores: [0.9828254927533115, 0.9089373575729562, 0.9115099480481311, 1.0, 0.9387386302973451, 0.9740681491216793, 0.9617016010055252]
