training_data_sizes: [0.1, 0.2]
times: [459.87, 902.56]
scores: [0.7106725284686009, 0.7774462975875924]
