training_data_sizes: [0.1, 0.2, 0.3, 0.4, 0.5, 0.6, 0.7, 0.8, 0.9]
times: [92.0, 194.0, 297.0, 390.0, 492.0, 592.0, 691.0, 798.0, 890.0]
scores: [0.8557943245300395, 0.7980008248110593, 0.9076934386814914, 0.8907943687942121, 0.8820863865782007, 1.0, 0.9740994193100203, 1.0, 0.986536390982205]
