training_data_sizes: [0.1, 0.2, 0.3]
times: [403.23, 808.96, 1200.66]
scores: [0.9630958419185762, 0.9625055119900805, 0.9714220666738838]
