training_data_sizes: [0.1, 0.2, 0.3, 0.4]
times: [201.7, 404.15, 604.1, 808.1]
scores: [0.7738324611880132, 0.680920024379753, 0.6186447087615817, 0.7283329847561284]
