training_data_sizes: [0.1, 0.2, 0.3, 0.4, 0.5, 0.6, 0.7]
times: [200.21, 409.93, 603.99, 804.51, 1000.24, 1207.67, 1409.09]
scores: [0.8079539331302341, 0.7924701021405756, 0.7662892116490502, 0.7532367763255645, 0.7179265059951787, 0.7248477211949593, 0.6585348101492083]
