training_data_sizes: [0.1, 0.2, 0.3, 0.4, 0.5, 0.6, 0.7, 0.8]
times: [89.0, 170.0, 260.0, 357.0, 442.0, 536.0, 622.0, 714.0]
scores: [0.6309030532988362, 0.7338920450261621, 0.6799351133077007, 0.7632970903761821, 0.845183047559603, 0.7720893101012478, 0.9476248990677487, 0.8909830972946711]
