training_data_sizes: [0.1, 0.2, 0.3, 0.4, 0.5, 0.6, 0.7, 0.8]
times: [84.4, 154.12, 230.29, 309.66, 375.66, 458.07, 530.62, 608.04]
scores: [0.9401713805009049, 0.9802222404029054, 0.8785138437058138, 0.9629185776014484, 0.9548973302631081, 0.9841533938297187, 0.9085098272617795, 1.0]
