training_data_sizes: [0.1, 0.2, 0.3, 0.4, 0.5]
times: [55.0, 110.0, 171.0, 230.0, 294.0]
scores: [0.5608057983193796, 0.5977288125912188, 0.6140675582722579, 0.45703283986470583, 0.48418715554901937]
