training_data_sizes: [0.1, 0.2, 0.3, 0.4, 0.5, 0.6, 0.7, 0.8]
times: [16.0, 34.0, 55.0, 76.0, 95.0, 110.0, 139.0, 156.0]
scores: [0.7674844713716968, 0.8642808299280271, 0.8327283327382171, 0.9166613838023876, 0.9842862051422516, 0.8617649660215249, 0.8850080844285968, 1.0]
