training_data_sizes: [0.1, 0.2, 0.3, 0.4, 0.5, 0.6, 0.7, 0.8]
times: [164.06, 333.97, 487.69, 654.21, 814.78, 982.14, 1139.04, 1300.25]
scores: [0.6400137903186539, 0.6667874838246506, 0.7609100900732461, 0.613012801929628, 0.6628095155576688, 0.7000664959586419, 0.5324127919830847, 0.5383963822639778]
