training_data_sizes: [0.1, 0.2, 0.3]
times: [49.0, 94.0, 148.0]
scores: [0.7375492442233924, 0.7392995091910947, 0.7725854011124764]
