training_data_sizes: [0.1, 0.2, 0.3, 0.4, 0.5, 0.6]
times: [103.63, 207.27, 306.74, 401.62, 500.97, 601.57]
scores: [0.787567854202234, 0.8814106234499501, 0.9249476327494027, 0.839442557777994, 0.9643524629956238, 1.0]
