training_data_sizes: [0.1, 0.2, 0.3, 0.4, 0.5, 0.6, 0.7, 0.8, 0.9, 1.0]
times: [1.39, 2.6, 4.46, 5.93, 7.49, 8.69, 9.73, 10.36, 12.78, 12.62]
scores: [0.4592094942543227, 0.5221856208101066, 0.6539769912444058, 0.7132584990925988, 0.739666192618075, 0.7479435208557959, 0.7462903522959639, 0.7504453273289858, 0.7500571535099348, 0.7515909578022038]
