training_data_sizes: [0.1, 0.2, 0.3, 0.4]
times: [202.87, 400.73, 605.19, 803.35]
scores: [0.667104573859205, 0.8006388825488249, 0.9761292434556177, 1.0]
