training_data_sizes: [0.1, 0.2, 0.3, 0.4, 0.5, 0.6, 0.7, 0.8]
times: [30.0, 79.0, 116.0, 150.0, 194.0, 235.0, 275.0, 311.0]
scores: [0.6058445518473319, 0.6355774691406906, 0.611058822063558, 0.6373428905915701, 0.6954384282789676, 0.753565630081708, 0.8145116457712861, 0.8939533439586018]
