training_data_sizes: [0.1, 0.2, 0.3, 0.4]
times: [108.0, 213.0, 326.0, 437.0]
scores: [0.8449749288467989, 0.7719178934547649, 0.9089295198178633, 0.9144290505825425]
