training_data_sizes: [0.1, 0.2, 0.3, 0.4, 0.5, 0.6, 0.7, 0.8, 0.9, 1.0]
times: [3.0, 16.0, 21.0, 37.0, 47.0, 50.0, 61.0, 73.0, 89.0, 90.0]
scores: [0.9206156122883393, 0.8070911739923561, 0.8365905303461667, 0.9765146950539214, 1.0, 1.0, 1.0, 1.0, 0.9591186125379425, 0.9687947971714526]
