training_data_sizes: [0.1, 0.2, 0.3]
times: [32.0, 74.0, 119.0]
scores: [0.8947677641938547, 0.9199248090794676, 1.0]
