training_data_sizes: [0.1, 0.2, 0.3]
times: [54.0, 116.0, 178.0]
scores: [0.7821845367872287, 0.9063727388109762, 0.8352826452037099]
