training_data_sizes: [0.1, 0.2, 0.3, 0.4, 0.5, 0.6, 0.7]
times: [34.0, 78.0, 116.0, 157.0, 199.0, 236.0, 273.0]
scores: [0.7329254954809463, 0.7751293320733147, 0.8032508703612611, 0.7246160472586937, 0.8798391865753079, 0.8928797892966084, 0.9866894572309806]
