training_data_sizes: [0.1, 0.2, 0.3, 0.4]
times: [182.71, 356.86, 530.02, 701.36]
scores: [0.7482921060174716, 0.7195572992899714, 0.9254652995069805, 0.9666704934523589]
