training_data_sizes: [0.1, 0.2]
times: [75.0, 150.0]
scores: [0.8399742033171841, 0.8478035190935582]
