training_data_sizes: [0.1, 0.2, 0.3, 0.4, 0.5, 0.6, 0.7]
times: [94.0, 194.0, 296.0, 390.0, 491.0, 591.0, 693.0]
scores: [0.6384323610335783, 0.8566345212605637, 0.9205157675741777, 0.8152333964024354, 0.8841478789535557, 0.9132901754273042, 1.0]
