training_data_sizes: [0.1, 0.2]
times: [116.0, 236.0]
scores: [0.7823465016864666, 0.7746709790762685]
