training_data_sizes: [0.1, 0.2, 0.3, 0.4, 0.5]
times: [119.0, 234.0, 353.0, 471.0, 590.0]
scores: [0.8427392223170904, 0.8884029882801485, 0.9958498706186459, 0.9477054758118018, 0.9310982079370169]
