training_data_sizes: [0.1, 0.2, 0.3, 0.4, 0.5, 0.6, 0.7]
times: [119.36, 236.79, 349.15, 457.79, 572.79, 693.88, 805.74]
scores: [0.41485835931553444, 0.5375432812505646, 0.5207540380599746, 0.5530172324380044, 0.5864973233738485, 0.6877802475552635, 0.7925678828523695]
