training_data_sizes: [0.1, 0.2]
times: [26.0, 51.0]
scores: [0.9193299245642155, 0.9113870643205899]
