training_data_sizes: [0.1, 0.2]
times: [128.0, 254.0]
scores: [0.7138816976281362, 0.575737682275705]
