training_data_sizes: [0.1, 0.2, 0.3, 0.4, 0.5, 0.6, 0.7]
times: [128.0, 255.0, 385.0, 513.0, 642.0, 773.0, 906.9999999999999]
scores: [0.9086968461243472, 0.8616184111697085, 0.8917744023920717, 0.8651367469065128, 0.9541093846772883, 0.8690338116895555, 0.9431831451342982]
