training_data_sizes: [0.1, 0.2, 0.3, 0.4, 0.5, 0.6, 0.7, 0.8, 0.9, 1.0]
times: [125.83, 150.04, 191.28, 183.08, 186.03, 188.42, 194.31, 217.44, 207.91, 215.11]
scores: [0.2285266136134263, 0.2316866413557216, 0.23703752150657464, 0.23673844942011235, 0.23591751871168576, 0.2351230377561534, 0.23554235112851285, 0.23510668568186788, 0.2344583861665508, 0.23452440438246547]
