training_data_sizes: [0.1, 0.2, 0.3, 0.4, 0.5, 0.6, 0.7, 0.8, 0.9, 1.0]
times: [75.4, 149.5, 215.85, 286.22, 355.28, 427.13, 496.76, 569.92, 639.27, 708.75]
scores: [0.702390337676702, 0.5767054988360071, 0.6673760237797781, 0.5835600682573457, 0.5387535466943087, 0.5939406037481105, 0.6698865591108251, 0.5449256729852671, 0.5169859859320975, 0.6557884632002317]
