training_data_sizes: [0.1, 0.2, 0.3, 0.4, 0.5, 0.6, 0.7, 0.8]
times: [126.0, 254.0, 387.0, 515.0, 648.0, 771.0, 900.9999999999999, 1030.0]
scores: [0.5640042232641641, 0.5808653016752299, 0.6878277201967532, 0.5922935458326296, 0.6976967185443078, 0.8705137898370522, 0.9241207628959257, 1.0]
