training_data_sizes: [0.1, 0.2, 0.3, 0.4]
times: [28.0, 59.0, 89.0, 117.0]
scores: [0.7959707542976746, 0.6915325872991638, 0.707819018001814, 0.7662580348884445]
