training_data_sizes: [0.1, 0.2, 0.3, 0.4, 0.5, 0.6, 0.7, 0.8, 0.9, 1.0]
times: [79.9, 145.54, 218.11, 283.97, 351.24, 423.39, 490.24, 567.99, 632.35, 703.37]
scores: [0.8314388324174952, 0.8064002932708264, 0.8166962251182645, 0.9258207474064268, 0.9927233822943395, 0.9899616269992602, 1.0, 1.0, 0.9577102906677508, 1.0]
