training_data_sizes: [0.1, 0.2, 0.3, 0.4, 0.5, 0.6, 0.7, 0.8, 0.9, 1.0]
times: [62.0, 133.0, 208.0, 277.0, 344.0, 415.0, 483.99999999999994, 558.0, 621.0, 694.0]
scores: [0.5951684850524183, 0.4505286430141817, 0.5870695791250667, 0.5624715975916336, 0.6526200058873545, 0.6287262207422127, 0.5715822569274603, 0.761332537863632, 0.7952407374374848, 0.862655538725795]
