training_data_sizes: [0.1, 0.2, 0.3, 0.4, 0.5]
times: [148.85, 282.93, 427.72, 564.92, 709.7]
scores: [0.8620453735279759, 0.9413625241454813, 0.8675783861257048, 0.8797327003128471, 0.9981175028419565]
