training_data_sizes: [0.1, 0.2, 0.3, 0.4, 0.5, 0.6, 0.7]
times: [54.0, 112.0, 179.0, 232.0, 292.0, 356.0, 410.0]
scores: [0.5163946285414658, 0.5541796485728525, 0.5446487478859099, 0.6424710916138231, 0.8133481276837777, 0.7267003136046677, 0.8708220320956594]
