training_data_sizes: [0.1, 0.2, 0.3]
times: [236.29, 466.91, 708.02]
scores: [0.6868374901336227, 0.720028830185635, 0.7718550827361043]
