training_data_sizes: [0.1, 0.2, 0.3, 0.4, 0.5, 0.6]
times: [157.65, 301.57, 459.66, 608.19, 750.32, 907.68]
scores: [0.7082620461010303, 0.7316216499013425, 0.6611344155332799, 0.6963999652554788, 0.7431042576800051, 0.9026471961150622]
