training_data_sizes: [0.1, 0.2, 0.3, 0.4, 0.5, 0.6, 0.7, 0.8]
times: [76.0, 151.0, 237.0, 311.0, 392.0, 476.0, 555.0, 635.0]
scores: [1.0, 0.8572378506291228, 1.0, 0.9476298688652071, 1.0, 0.9963123061080676, 1.0, 0.9776894719659377]
