training_data_sizes: [0.1, 0.2, 0.3, 0.4, 0.5, 0.6, 0.7, 0.8, 0.9]
times: [73.68, 138.06, 202.45, 274.35, 333.85, 406.47, 469.59, 541.08, 605.48]
scores: [0.5898813473080969, 0.6346891433084177, 0.5515012237555639, 0.5997374429257907, 0.6477927289413234, 0.5461475359996057, 0.5332813630246236, 0.6030014404171313, 0.5730058512572014]
