training_data_sizes: [0.1, 0.2, 0.3, 0.4, 0.5, 0.6, 0.7, 0.8]
times: [40.0, 97.0, 148.0, 198.0, 240.0, 291.0, 343.0, 398.0]
scores: [0.8910255232679534, 0.9237672514324586, 0.9639876222021653, 1.0, 1.0, 1.0, 1.0, 1.0]
