training_data_sizes: [0.1, 0.2, 0.3, 0.4, 0.5, 0.6]
times: [98.0, 193.0, 291.0, 393.0, 491.0, 597.0]
scores: [0.6584935823796108, 0.6970682913490505, 0.7256015656713075, 0.8459199369968373, 0.9880128213307905, 0.9121919813692826]
