training_data_sizes: [0.1, 0.2, 0.3, 0.4, 0.5, 0.6, 0.7, 0.8, 0.9, 1.0]
times: [114.02, 222.64, 337.08, 443.68, 556.72, 663.93, 772.17, 885.75, 999.19, 1107.54]
scores: [0.8539450645935506, 0.8823245703973548, 0.8925933911114018, 0.992478386009505, 1.0, 1.0, 1.0, 1.0, 1.0, 1.0]
