training_data_sizes: [0.1, 0.2, 0.3, 0.4, 0.5, 0.6, 0.7, 0.8, 0.9]
times: [28.0, 53.0, 88.0, 119.0, 146.0, 177.0, 201.0, 232.0, 262.0]
scores: [0.5252878880739237, 0.509325354658858, 0.6260465191148619, 0.6112262813985564, 0.47541689042591645, 0.4553824181319224, 0.4471947139204016, 0.5029412232593877, 0.556355143377352]
