training_data_sizes: [0.1, 0.2, 0.3, 0.4, 0.5, 0.6, 0.7]
times: [122.73, 233.74, 352.72, 461.74, 572.28, 688.79, 802.79]
scores: [0.7131461047814275, 0.6730292215603586, 0.8456393865956954, 0.8306548129829089, 0.978429056727014, 0.9917229933332317, 0.9486066097450059]
