training_data_sizes: [0.1, 0.2, 0.3, 0.4, 0.5, 0.6, 0.7, 0.8, 0.9, 1.0]
times: [105.0, 218.0, 329.0, 437.0, 544.0, 653.0, 763.0, 875.0, 986.0, 1098.0]
scores: [0.7855882229388899, 0.6623806788267309, 0.6943840403843786, 0.8853721938639247, 0.9101725307927808, 0.9358257459891415, 1.0, 1.0, 1.0, 1.0]
