training_data_sizes: [0.1, 0.2, 0.3, 0.4, 0.5, 0.6]
times: [78.0, 154.0, 236.0, 312.0, 393.0, 473.0]
scores: [0.8712588164471522, 0.8874295178609587, 0.9328415331628961, 0.9802369894160753, 0.9251892062865409, 1.0]
