training_data_sizes: [0.1, 0.2, 0.3, 0.4, 0.5, 0.6, 0.7, 0.8, 0.9, 1.0]
times: [7.91, 14.52, 20.62, 28.16, 31.41, 36.06, 40.44, 45.04, 48.43, 56.35]
scores: [0.7986423527782462, 0.791117704604577, 0.7888965195286497, 0.7870501006651083, 0.7859095141072725, 0.7865717847573888, 0.7874796998003819, 0.7879896525585264, 0.786253848091417, 0.7852075993942274]
