training_data_sizes: [0.1, 0.2, 0.3]
times: [48.0, 91.0, 146.0]
scores: [0.9042108685989179, 0.8005022420967576, 0.7959396694813036]
