training_data_sizes: [0.1, 0.2, 0.3, 0.4, 0.5, 0.6]
times: [221.09, 434.94, 650.23, 867.99, 1087.84, 1307.72]
scores: [0.8180879482328072, 0.8366944155844713, 0.9179095663330774, 0.9267320266389723, 0.8984629252614184, 0.8031985521567032]
