training_data_sizes: [0.1, 0.2, 0.3, 0.4, 0.5, 0.6, 0.7, 0.8]
times: [100.22, 202.04, 306.53, 404.68, 506.0, 603.39, 708.37, 804.73]
scores: [0.8788867335358526, 0.8566766453541197, 0.9846140344922901, 0.8953897642977399, 0.9177787390930394, 0.9389766559470528, 1.0, 1.0]
