training_data_sizes: [0.1, 0.2, 0.3, 0.4, 0.5, 0.6, 0.7, 0.8]
times: [119.5, 227.95, 344.62, 459.89, 564.88, 680.73, 790.11, 909.1]
scores: [0.8901001505034329, 0.9307464424977068, 0.8606710876990626, 0.8724307792006072, 0.9279949956162068, 0.9997819690550853, 1.0, 1.0]
