training_data_sizes: [0.1, 0.2, 0.3, 0.4, 0.5, 0.6]
times: [133.65, 273.72, 400.81, 542.24, 666.91, 804.4]
scores: [0.9009705579042864, 0.8276574114599491, 0.935468221436119, 0.9595080761923902, 1.0, 1.0]
