training_data_sizes: [0.1, 0.2, 0.3, 0.4]
times: [84.0, 172.0, 262.0, 358.0]
scores: [0.6890719546531446, 0.8748612821508996, 0.8567290418052667, 0.9899607180854352]
