training_data_sizes: [0.1, 0.2, 0.3, 0.4, 0.5, 0.6, 0.7, 0.8, 0.9, 1.0]
times: [106.67, 204.41, 302.95, 403.4, 506.41, 604.47, 706.81, 802.05, 909.33, 1006.08]
scores: [0.8076383176752439, 0.914778562776234, 0.8536158623813359, 0.9196370095505264, 0.9179672999681792, 0.8794667856130128, 0.9210726994869816, 1.0, 0.908378206535957, 1.0]
