training_data_sizes: [0.1, 0.2, 0.3, 0.4, 0.5]
times: [92.0, 190.0, 299.0, 396.0, 491.0]
scores: [0.7058115018720016, 0.6154605383916253, 0.639389383419594, 0.617635181267778, 0.7000964807501777]
