training_data_sizes: [0.1, 0.2, 0.3, 0.4, 0.5, 0.6, 0.7, 0.8]
times: [91.14, 180.93, 264.2, 351.2, 442.19, 531.16, 613.44, 703.45]
scores: [0.9191645798619814, 0.8196617569758595, 0.7338015698959183, 0.7445228676511941, 0.8765641909790318, 0.8615550850809801, 0.8397129745570684, 0.8727259801809097]
