training_data_sizes: [0.1, 0.2, 0.3, 0.4, 0.5, 0.6, 0.7]
times: [164.58, 324.27, 476.52, 636.92, 791.5, 947.08, 1103.76]
scores: [0.6307248050262662, 0.701780577566993, 0.7471369459543715, 0.885983275016015, 0.8077043492423741, 0.9998880372387507, 0.9018834031219172]
