training_data_sizes: [0.1, 0.2, 0.3, 0.4, 0.5, 0.6, 0.7, 0.8, 0.9, 1.0]
times: [144.51, 285.78, 429.12, 567.12, 701.83, 846.65, 988.76, 1128.77, 1268.52, 1400.82]
scores: [0.9390069037607703, 0.8094344714940913, 0.9867544436569172, 0.876365426144762, 0.9204336068914318, 0.9912332810715505, 1.0, 1.0, 1.0, 1.0]
