training_data_sizes: [0.1, 0.2, 0.3, 0.4]
times: [20.0, 52.0, 86.0, 111.0]
scores: [0.873875880173957, 0.9125386276167498, 0.9564198733464324, 0.8530685431794882]
