training_data_sizes: [0.1, 0.2, 0.3, 0.4, 0.5, 0.6, 0.7, 0.8]
times: [77.54, 151.65, 231.99, 305.28, 382.06, 451.8, 533.85, 605.38]
scores: [0.6505211092047026, 0.6487473341365426, 0.5935719274832401, 0.5921197303946821, 0.5859263548443292, 0.62898208546238, 0.5575685511274883, 0.5586266797760711]
