training_data_sizes: [0.1, 0.2, 0.3]
times: [27.0, 51.0, 87.0]
scores: [0.6349380736363767, 0.6197467491076228, 0.6490059806815291]
