training_data_sizes: [0.1, 0.2, 0.3, 0.4, 0.5, 0.6, 0.7]
times: [207.39, 403.11, 608.04, 806.88, 1003.42, 1202.77, 1405.78]
scores: [0.8640586535320658, 0.8453793925626798, 0.99027849969319, 0.9386791161132123, 0.9434730442736339, 1.0, 0.9269329028187159]
