training_data_sizes: [0.1, 0.2, 0.3, 0.4, 0.5, 0.6, 0.7, 0.8, 0.9, 1.0]
times: [2.0, 14.0, 24.0, 36.0, 47.0, 55.0, 68.0, 73.0, 83.0, 94.0]
scores: [0.7629758826427933, 0.727027516033289, 0.7468784458578613, 0.7650235589552509, 0.9240949019846233, 0.8781929658645786, 0.9998581981053262, 1.0, 0.9652765723529289, 0.9829620617027446]
