training_data_sizes: [0.1, 0.2, 0.3, 0.4, 0.5, 0.6, 0.7, 0.8, 0.9, 1.0]
times: [121.81, 248.23, 369.84, 481.32, 607.66, 721.31, 845.28, 968.3, 1080.74, 1203.57]
scores: [0.9229699678220216, 0.983187084929579, 0.9111524364361859, 0.8599537803380881, 0.8941058452128517, 0.9738250433309706, 1.0, 0.9783668273663821, 0.9718982013629983, 1.0]
