training_data_sizes: [0.1, 0.2, 0.3, 0.4, 0.5, 0.6, 0.7, 0.8, 0.9]
times: [80.46, 162.1, 238.62, 319.24, 391.36, 472.17, 553.14, 625.14, 701.61]
scores: [0.9198664339376197, 0.983266122420015, 0.9005611954447311, 1.0, 1.0, 1.0, 1.0, 1.0, 1.0]
