training_data_sizes: [0.1, 0.2, 0.3, 0.4, 0.5]
times: [31.0, 78.0, 110.0, 153.0, 194.0]
scores: [0.7450428317775939, 0.7352477464707687, 0.9412345886774465, 0.9925064769379425, 0.951519709391858]
