training_data_sizes: [0.1, 0.2, 0.3, 0.4, 0.5]
times: [149.51, 280.66, 423.76, 562.56, 709.49]
scores: [0.6328003730950297, 0.5914968579715385, 0.6163859072441906, 0.679838777940124, 0.8005899689765484]
