training_data_sizes: [0.1, 0.2, 0.3, 0.4, 0.5, 0.6, 0.7, 0.8]
times: [80.14, 157.41, 228.35, 300.16, 375.11, 454.16, 530.59, 607.71]
scores: [0.8639885588352714, 0.7956699750762241, 0.7687328947709842, 0.6712833688684531, 0.7422208346383778, 0.7016304213694979, 0.8079738948989916, 0.7968176185034483]
