training_data_sizes: [0.1, 0.2]
times: [553.17, 1103.92]
scores: [0.8879911040722177, 0.9033696143165848]
