training_data_sizes: [0.1, 0.2, 0.3, 0.4, 0.5, 0.6, 0.7, 0.8, 0.9, 1.0]
times: [17.0, 37.0, 58.0, 71.0, 96.0, 111.0, 135.0, 159.0, 178.0, 192.0]
scores: [0.9574611047490835, 0.9466915574107934, 1.0, 0.8799245358932288, 0.9946848675007465, 1.0, 0.9418907605220694, 0.996491245133704, 1.0, 0.9558678780139538]
