training_data_sizes: [0.1, 0.2, 0.3, 0.4, 0.5, 0.6, 0.7, 0.8, 0.9, 1.0]
times: [131.34, 261.1, 392.14, 522.25, 653.26, 786.49, 916.59, 1046.9, 1176.55, 1308.26]
scores: [0.981306395017572, 0.9908582944883255, 0.8935777512212189, 0.943561018001993, 0.9203363779299751, 0.9469347076612062, 0.8671163603225617, 0.9272225599564707, 1.0, 1.0]
