training_data_sizes: [0.1, 0.2, 0.3, 0.4, 0.5, 0.6, 0.7, 0.8]
times: [121.0, 251.0, 382.0, 510.0, 647.0, 774.0, 908.9999999999999, 1032.0]
scores: [0.4951087316038025, 0.4945060568420625, 0.581268552199959, 0.6020293645592123, 0.6399577879217858, 0.5592803359596927, 0.6934493297922516, 0.7303161773746998]
