training_data_sizes: [0.1, 0.2, 0.3, 0.4, 0.5, 0.6, 0.7]
times: [27.0, 59.0, 82.0, 110.0, 149.0, 179.0, 204.0]
scores: [0.8387314428638917, 0.7757549142042828, 0.8459990429579403, 0.8586684360034857, 1.0, 0.9427500555813084, 0.8977402621818653]
