training_data_sizes: [0.1, 0.2, 0.3, 0.4, 0.5, 0.6, 0.7]
times: [124.0, 252.0, 389.0, 519.0, 642.0, 779.0, 902.9999999999999]
scores: [0.8188337680509943, 0.7885387606509642, 0.823753036886257, 0.811167729152021, 0.6607867113435117, 0.8186614444038737, 0.7426503132705704]
