training_data_sizes: [0.1, 0.2, 0.3, 0.4, 0.5, 0.6, 0.7]
times: [29.0, 52.0, 84.0, 114.0, 145.0, 178.0, 208.0]
scores: [0.6931291044585121, 0.5611542614727878, 0.5853442453161041, 0.6473202298768576, 0.6870649038203177, 0.49348575525211513, 0.5488524424552615]
