training_data_sizes: [0.1, 0.2, 0.3, 0.4, 0.5, 0.6, 0.7, 0.8, 0.9, 1.0]
times: [100.42, 204.54, 308.89, 402.31, 500.43, 609.46, 709.99, 805.04, 909.11, 1008.91]
scores: [0.9493007628088951, 1.0, 0.9697390791456328, 1.0, 1.0, 0.9925644148006195, 1.0, 1.0, 1.0, 1.0]
