training_data_sizes: [0.1, 0.2]
times: [454.42, 904.48]
scores: [0.63500303628085, 0.6425668391692924]
