training_data_sizes: [0.1, 0.2, 0.3]
times: [473.45, 939.12, 1403.58]
scores: [0.6871390109778563, 0.7235503384336667, 0.6813264820249088]
