training_data_sizes: [0.1, 0.2, 0.3, 0.4, 0.5, 0.6, 0.7, 0.8, 0.9]
times: [108.8, 206.15, 307.61, 409.18, 508.98, 601.76, 700.6, 800.36, 906.02]
scores: [0.860263685000483, 0.7832132334623322, 0.9659053577441371, 0.8416976182640695, 0.9514136499055872, 0.892626731906347, 0.9732688927050086, 0.9254548728402824, 0.911529541256387]
