training_data_sizes: [0.1, 0.2, 0.3, 0.4, 0.5, 0.6, 0.7]
times: [10.0, 34.0, 53.0, 70.0, 95.0, 116.0, 139.0]
scores: [0.7106067875828093, 0.7615423541155116, 0.8032835479645366, 0.7628082635089131, 0.815403435297166, 0.7518467871792738, 0.8824807690446161]
