training_data_sizes: [0.1, 0.2, 0.3, 0.4, 0.5, 0.6, 0.7, 0.8, 0.9, 1.0]
times: [20.0, 55.0, 89.0, 118.0, 148.0, 177.0, 202.0, 237.0, 261.0, 296.0]
scores: [0.828093459306031, 0.8769708531001521, 1.0, 1.0, 0.9808054576329605, 0.9796145820956971, 1.0, 0.9710182565953527, 0.9886329901216351, 1.0]
