training_data_sizes: [0.1, 0.2, 0.3, 0.4, 0.5, 0.6, 0.7]
times: [151.77, 289.39, 429.99, 573.24, 724.19, 859.94, 1000.35]
scores: [0.9095873837143864, 0.8524211522622366, 0.8304524553653627, 0.9365349116169904, 0.9744349096084522, 0.9710445497181532, 0.9978843569264422]
