training_data_sizes: [0.1, 0.2, 0.3, 0.4, 0.5, 0.6, 0.7, 0.8]
times: [140.37, 280.05, 420.09, 556.37, 694.36, 826.99, 966.62, 1109.86]
scores: [0.9501458186743916, 0.9078737096873839, 0.9569141686572152, 0.8552623498827934, 0.9008393820627254, 0.9864270693538244, 1.0, 1.0]
