training_data_sizes: [0.1, 0.2, 0.3, 0.4, 0.5, 0.6, 0.7]
times: [109.0, 212.0, 320.0, 437.0, 540.0, 653.0, 769.0]
scores: [0.8416371800678001, 0.9910627988470497, 0.9871545491804555, 0.928707657990678, 0.953357764075148, 1.0, 0.9800943760099872]
