training_data_sizes: [0.1, 0.2, 0.3, 0.4, 0.5, 0.6]
times: [44.0, 96.0, 141.0, 190.0, 243.0, 297.0]
scores: [0.9385599669746786, 0.8418103124241999, 1.0, 1.0, 0.9711151098228135, 1.0]
