training_data_sizes: [0.1, 0.2, 0.3, 0.4, 0.5, 0.6, 0.7, 0.8]
times: [27.0, 57.0, 82.0, 119.0, 147.0, 171.0, 208.0, 231.0]
scores: [0.5471748832731543, 0.6289730299881714, 0.48789302864779255, 0.5761895473386811, 0.6856228211660957, 0.7905012097900572, 0.7079291534182283, 0.8334483557998338]
