training_data_sizes: [0.1, 0.2, 0.3, 0.4]
times: [11.0, 39.0, 59.0, 77.0]
scores: [0.8142623428534472, 0.8754513240561775, 0.8257398326677681, 0.9511957448322022]
