training_data_sizes: [0.1, 0.2, 0.3, 0.4, 0.5, 0.6, 0.7, 0.8, 0.9]
times: [152.36, 291.93, 439.86, 586.08, 723.47, 871.64, 1013.66, 1156.2, 1303.03]
scores: [0.6625382969200575, 0.6378914368055929, 0.712776948947053, 0.6616618248927605, 0.8762828942550072, 0.8819473557780875, 0.8662385076171073, 0.9986630412618553, 0.9127711891719017]
