training_data_sizes: [0.1, 0.2, 0.3, 0.4, 0.5, 0.6, 0.7, 0.8, 0.9, 1.0]
times: [53.0, 116.0, 174.0, 236.0, 290.0, 358.0, 410.0, 474.0, 534.0, 590.0]
scores: [0.8247211329807559, 0.8964990588212549, 0.9684166064192588, 1.0, 1.0, 1.0, 1.0, 1.0, 1.0, 1.0]
