training_data_sizes: [0.1, 0.2]
times: [603.13, 1201.03]
scores: [0.6369341696768114, 0.616623126432444]
