training_data_sizes: [0.1, 0.2, 0.3, 0.4, 0.5, 0.6, 0.7, 0.8]
times: [115.0, 230.0, 359.0, 476.0, 593.0, 713.0, 835.0, 958.0]
scores: [0.898524605730606, 0.8694374393800826, 0.8781322615351731, 1.0, 0.9611513826329603, 1.0, 0.9536704467121303, 1.0]
