training_data_sizes: [0.1, 0.2, 0.3, 0.4, 0.5, 0.6, 0.7, 0.8, 0.9, 1.0]
times: [19.0, 39.0, 52.0, 74.0, 94.0, 114.0, 137.0, 154.0, 178.0, 192.0]
scores: [0.8639674077141353, 0.7931551460609954, 0.9245127446242194, 0.8565039043305582, 1.0, 0.914073238464715, 0.8949451249643858, 1.0, 1.0, 0.9478483085361444]
