training_data_sizes: [0.1, 0.2]
times: [21.0, 55.0]
scores: [0.4745891699363111, 0.5967575174805801]
