training_data_sizes: [0.1, 0.2, 0.3, 0.4, 0.5, 0.6, 0.7, 0.8, 0.9, 1.0]
times: [117.21, 226.96, 333.54, 449.89, 554.86, 669.87, 770.8, 881.79, 997.03, 1102.85]
scores: [0.9844453271198684, 0.9188714340431037, 0.9028847403172864, 0.9059558512885741, 0.8771315746642205, 0.9596348455757308, 1.0, 0.9426614228036597, 1.0, 1.0]
