training_data_sizes: [0.1, 0.2, 0.3, 0.4, 0.5, 0.6, 0.7, 0.8, 0.9, 1.0]
times: [45.59, 83.47, 130.33, 178.68, 222.61, 263.51, 295.09, 342.37, 373.68, 417.66]
scores: [0.8124161138148878, 0.8392006928951468, 0.8529175749915585, 0.862614914725315, 0.8729509626980945, 0.8803697927408118, 0.8852175712151862, 0.8896675841061985, 0.8932319811910341, 0.8965792635707446]
