training_data_sizes: [0.1, 0.2, 0.3, 0.4, 0.5, 0.6, 0.7, 0.8, 0.9, 1.0]
times: [0.04, 0.05, 0.06, 0.07, 0.08, 0.08, 0.1, 0.1, 0.11, 0.12]
scores: [0.6322098053352558, 0.5387561430266057, 0.52586215506307, 0.5868965090716909, 0.5731636285190378, 0.5719179450303611, 0.5803346071095983, 0.5715170339499498, 0.5664348895248641, 0.5563002680965148]
