training_data_sizes: [0.1, 0.2, 0.3, 0.4, 0.5, 0.6, 0.7, 0.8]
times: [81.0, 179.0, 264.0, 357.0, 445.0, 533.0, 629.0, 713.0]
scores: [0.9245591699358742, 1.0, 0.9985520029939361, 1.0, 1.0, 1.0, 1.0, 1.0]
