training_data_sizes: [0.1, 0.2, 0.3]
times: [73.0, 157.0, 232.0]
scores: [0.8112845609776749, 0.9211888794272058, 0.9063930404546333]
