training_data_sizes: [0.1, 0.2, 0.3, 0.4, 0.5, 0.6, 0.7, 0.8, 0.9, 1.0]
times: [6.03, 11.64, 18.06, 24.84, 30.57, 38.12, 46.14, 54.18, 62.74, 70.01]
scores: [0.8354927928346776, 0.7453146139818012, 0.7391933487245741, 0.7095390058367834, 0.6866959563574431, 0.6804978609588801, 0.6635424818843965, 0.6544808970528131, 0.6524395615310297, 0.6436632554420041]
