training_data_sizes: [0.1, 0.2, 0.3, 0.4, 0.5, 0.6, 0.7, 0.8]
times: [125.96, 257.92, 379.01, 506.63, 631.09, 756.13, 878.23, 1006.28]
scores: [0.730482140366826, 0.7189838487435068, 0.8136707667718404, 0.9284314863380687, 0.9756046683497546, 0.847987888795292, 0.9725920181530763, 1.0]
