training_data_sizes: [0.1, 0.2, 0.3, 0.4, 0.5, 0.6, 0.7, 0.8, 0.9, 1.0]
times: [149.54, 285.62, 421.49, 565.67, 705.96, 845.0, 983.6, 1126.61, 1265.43, 1404.38]
scores: [0.6932102470722831, 0.7983535056422216, 0.6578186663528838, 0.6858651803922433, 0.6850676172807386, 0.6339710219576045, 0.6775169583049738, 0.7205351323183323, 0.716671227385499, 0.5991547287549859]
