training_data_sizes: [0.1, 0.2, 0.3, 0.4, 0.5, 0.6, 0.7, 0.8, 0.9]
times: [28.0, 57.0, 80.0, 115.0, 149.0, 177.0, 204.0, 239.0, 268.0]
scores: [0.84140050281284, 0.7548939279204503, 0.7235714840272011, 0.9357527387499089, 0.8789180217547748, 0.9854949924601291, 0.9825657556754429, 0.9389238998336741, 0.8899930821219161]
