training_data_sizes: [0.1, 0.2, 0.3, 0.4, 0.5, 0.6, 0.7, 0.8, 0.9]
times: [141.47, 270.86, 405.45, 534.63, 674.29, 808.29, 935.19, 1071.7, 1202.2]
scores: [0.9382636817428027, 0.8617124421386609, 0.9406726255896138, 1.0, 1.0, 0.988129436861969, 1.0, 1.0, 1.0]
