training_data_sizes: [0.1, 0.2, 0.3, 0.4]
times: [357.06, 704.08, 1052.96, 1402.68]
scores: [0.7727880984713165, 0.8061601438124477, 0.8986819464233122, 0.9707800074442091]
