training_data_sizes: [0.1, 0.2, 0.3, 0.4, 0.5, 0.6, 0.7, 0.8, 0.9, 1.0]
times: [91.0, 196.0, 297.0, 399.0, 495.0, 598.0, 695.0, 791.0, 893.0, 997.0]
scores: [0.9326115788056364, 0.8428399028239739, 0.8343799525840487, 0.9111331229537099, 0.9948250972478989, 0.838011588748599, 0.8343914416606057, 0.9200597968173096, 0.9308375252920831, 0.9220454797602997]
