training_data_sizes: [0.1, 0.2, 0.3, 0.4, 0.5, 0.6]
times: [117.75, 238.22, 352.22, 469.53, 587.4, 705.0]
scores: [0.8365800909187824, 0.972271135745012, 1.0, 1.0, 0.9330001312673065, 1.0]
