training_data_sizes: [0.1, 0.2, 0.3, 0.4, 0.5, 0.6, 0.7, 0.8, 0.9]
times: [39.0, 79.0, 112.0, 159.0, 197.0, 236.0, 275.0, 313.0, 351.0]
scores: [0.7125297722051358, 0.5984062298836776, 0.6590951866378013, 0.7496137847102445, 0.8114069696442917, 0.867742283716088, 0.8923234645522153, 0.9249735835242057, 0.9950025355117869]
