training_data_sizes: [0.1, 0.2, 0.3, 0.4, 0.5, 0.6, 0.7]
times: [116.0, 236.0, 356.0, 470.0, 591.0, 717.0, 835.0]
scores: [0.8957226681927135, 0.9097160240146551, 0.7625736674258636, 0.8551472436854013, 0.8371177456741947, 0.877385076176568, 0.9349603272075577]
