training_data_sizes: [0.1, 0.2, 0.3, 0.4]
times: [25.0, 56.0, 84.0, 113.0]
scores: [0.5561912573889473, 0.45339388487184173, 0.6020775300085948, 0.49129099237068063]
