training_data_sizes: [0.1, 0.2, 0.3, 0.4, 0.5, 0.6]
times: [152.61, 301.78, 455.23, 600.41, 750.65, 907.6]
scores: [0.7327115984501911, 0.9142296958137142, 0.8950491513692811, 0.9876243203340129, 0.9568625475642822, 1.0]
