training_data_sizes: [0.1, 0.2, 0.3, 0.4, 0.5, 0.6, 0.7, 0.8, 0.9]
times: [113.0, 232.0, 359.0, 471.0, 596.0, 718.0, 832.0, 956.0, 1079.0]
scores: [0.7535795522115668, 0.8130348284737791, 0.8466287684124512, 0.8111408922513816, 0.9915612040749155, 1.0, 0.974507045113851, 1.0, 1.0]
