training_data_sizes: [0.1, 0.2, 0.3, 0.4, 0.5, 0.6, 0.7, 0.8]
times: [26.0, 57.0, 84.0, 112.0, 147.0, 176.0, 202.0, 235.0]
scores: [0.7908232558610927, 0.7256710364046497, 0.59938332748535, 0.7373687772006804, 0.6589623821328356, 0.6767441315704806, 0.723214422299062, 0.6008319553033014]
