training_data_sizes: [0.1, 0.2, 0.3, 0.4, 0.5, 0.6, 0.7, 0.8, 0.9, 1.0]
times: [110.0, 238.0, 359.0, 471.0, 598.0, 710.0, 835.0, 953.0, 1079.0, 1193.0]
scores: [1.0, 0.940632907759087, 0.9593179227533153, 0.9261904497752367, 1.0, 1.0, 1.0, 1.0, 1.0, 1.0]
