training_data_sizes: [0.1, 0.2, 0.3, 0.4, 0.5, 0.6, 0.7, 0.8]
times: [31.0, 76.0, 114.0, 155.0, 197.0, 239.0, 271.0, 316.0]
scores: [0.8897075237779528, 0.9889086252556241, 0.9614251930651669, 0.9456635306556058, 0.9177531740472908, 0.9265853464972906, 1.0, 1.0]
