training_data_sizes: [0.1, 0.2, 0.3, 0.4, 0.5, 0.6]
times: [138.26, 275.76, 407.76, 536.36, 669.9, 800.36]
scores: [0.6588491752102826, 0.713256736347094, 0.6534711198025338, 0.6642715206981255, 0.8241040517269215, 0.7344024010077079]
