training_data_sizes: [0.1, 0.2, 0.3]
times: [13.0, 32.0, 52.0]
scores: [0.5954941474657645, 0.5923201196060892, 0.6439586515246113]
