training_data_sizes: [0.1, 0.2, 0.3]
times: [43.0, 91.0, 146.0]
scores: [0.8416799047923076, 0.9442588523466526, 0.8136226030183455]
