training_data_sizes: [0.1, 0.2, 0.3, 0.4, 0.5, 0.6, 0.7, 0.8, 0.9]
times: [59.0, 117.0, 179.0, 233.0, 295.0, 350.0, 414.0, 475.0, 535.0]
scores: [0.6665798643003753, 0.777668890717804, 0.7418067255044949, 0.7789370940040743, 0.7437701682714852, 0.7762462834185361, 0.7071218697317823, 0.5805365837172828, 0.7378870077722853]
