training_data_sizes: [0.1, 0.2, 0.3, 0.4, 0.5, 0.6, 0.7, 0.8]
times: [24.0, 58.0, 88.0, 111.0, 141.0, 178.0, 207.0, 230.0]
scores: [0.6105163339405946, 0.6841454103945954, 0.8456686137209621, 0.7792135667558238, 0.9273920345841598, 0.8041922439164997, 0.8391823905735438, 0.9622748894549082]
