training_data_sizes: [0.1, 0.2]
times: [653.7, 1303.16]
scores: [0.6654187175883352, 0.7973589230707048]
