training_data_sizes: [0.1, 0.2, 0.3, 0.4]
times: [328.35, 652.3, 981.02, 1301.9]
scores: [0.7774601068642571, 0.7678437055625174, 0.9392923907386492, 0.9269663147973612]
