training_data_sizes: [0.1, 0.2, 0.3, 0.4]
times: [258.23, 507.88, 754.87, 1000.91]
scores: [0.8897003131464485, 0.8497266821298596, 0.8862544305398096, 0.8358015973157655]
