training_data_sizes: [0.1, 0.2, 0.3, 0.4, 0.5, 0.6, 0.7]
times: [202.97, 409.39, 607.14, 802.03, 1003.41, 1201.56, 1404.62]
scores: [0.8412190874223824, 0.817494213955783, 0.8672506104169376, 1.0, 1.0, 1.0, 1.0]
