training_data_sizes: [0.1, 0.2, 0.3, 0.4, 0.5, 0.6, 0.7, 0.8, 0.9, 1.0]
times: [17.0, 35.0, 51.0, 75.0, 97.0, 119.0, 137.0, 157.0, 176.0, 190.0]
scores: [0.9467695481306653, 0.8940469918374903, 0.9224582257962936, 0.9713013356790465, 0.9536404333963625, 1.0, 0.9569725939932237, 1.0, 1.0, 1.0]
