training_data_sizes: [0.1, 0.2, 0.3, 0.4, 0.5, 0.6, 0.7]
times: [118.06, 236.21, 345.83, 464.48, 577.25, 691.35, 809.34]
scores: [0.8141639732744195, 0.9444441719745954, 0.8923078659441894, 0.8006741743218224, 0.9501057912690842, 0.7564370878261366, 0.7669803064489062]
