training_data_sizes: [0.1, 0.2, 0.3]
times: [341.24, 667.32, 1006.3]
scores: [0.7664399578897338, 0.8351357510163269, 1.0]
