training_data_sizes: [0.1, 0.2, 0.3, 0.4, 0.5, 0.6, 0.7]
times: [25.0, 56.0, 82.0, 113.0, 143.0, 177.0, 201.0]
scores: [0.8892724014672382, 0.7802829450239985, 0.8976325213952421, 0.8377795309935223, 0.9428134126022487, 0.9028329989313277, 0.877280542976085]
