training_data_sizes: [0.1, 0.2, 0.3, 0.4, 0.5, 0.6]
times: [77.0, 159.0, 232.0, 319.0, 397.0, 472.0]
scores: [0.769395131637031, 0.7837430691253953, 0.8683935138619869, 0.9342950032427344, 0.8330434840779527, 0.9599317177063094]
