training_data_sizes: [0.1, 0.2, 0.3, 0.4, 0.5, 0.6]
times: [33.0, 72.0, 111.0, 157.0, 197.0, 230.0]
scores: [0.9001444526149256, 0.9105697614777617, 0.907719081921109, 0.8516782106481129, 0.9080658376384203, 0.9945479459356468]
