training_data_sizes: [0.1, 0.2, 0.3]
times: [241.01, 469.01, 707.63]
scores: [0.8627014541208424, 0.8923462226167989, 0.9143218574788855]
