training_data_sizes: [0.1, 0.2, 0.3, 0.4, 0.5, 0.6, 0.7]
times: [108.09, 208.46, 304.05, 407.3, 506.43, 606.07, 709.9]
scores: [0.8534380322050747, 0.9007083216693432, 0.904812126839683, 0.7822335148081498, 0.8511042877511261, 0.9035317880876934, 0.7722542811798238]
