training_data_sizes: [0.1, 0.2, 0.3, 0.4, 0.5, 0.6]
times: [28.0, 53.0, 85.0, 114.0, 141.0, 178.0]
scores: [1.0, 1.0, 0.9398031162747511, 0.9138042140913919, 1.0, 1.0]
