training_data_sizes: [0.1, 0.2, 0.3, 0.4, 0.5, 0.6, 0.7, 0.8, 0.9]
times: [165.4, 320.18, 466.82, 625.9, 787.47, 942.76, 1092.36, 1249.37, 1405.09]
scores: [0.7610418155521311, 0.9181547248375983, 0.812702490746829, 1.0, 1.0, 1.0, 1.0, 1.0, 1.0]
