training_data_sizes: [0.1, 0.2]
times: [9.0, 13.0]
scores: [0.7413482770850883, 0.7008998217575315]
