training_data_sizes: [0.1, 0.2]
times: [653.59, 1309.81]
scores: [0.7603953515386841, 0.8901954088016418]
