training_data_sizes: [0.1, 0.2, 0.3, 0.4, 0.5, 0.6, 0.7, 0.8, 0.9]
times: [130.0, 274.0, 417.0, 550.0, 697.0, 830.0, 974.9999999999999, 1118.0, 1258.0]
scores: [0.867561358691257, 0.8205091670341544, 0.7944504596933827, 0.830954660299317, 0.9251731194934026, 1.0, 0.9328045761467703, 1.0, 1.0]
