training_data_sizes: [0.1, 0.2, 0.3, 0.4, 0.5, 0.6, 0.7, 0.8, 0.9, 1.0]
times: [140.57, 285.35, 429.78, 569.19, 707.93, 849.48, 985.82, 1129.34, 1267.04, 1408.3]
scores: [0.8587629830241966, 0.8300335126804628, 0.8603236027226502, 0.9846936176608121, 0.9873510586240062, 1.0, 1.0, 1.0, 1.0, 1.0]
