training_data_sizes: [0.1, 0.2]
times: [62.0, 130.0]
scores: [0.8082173889013606, 0.7470903685027628]
