training_data_sizes: [0.1, 0.2]
times: [129.0, 252.0]
scores: [0.8707365421014159, 0.8777489394413509]
