training_data_sizes: [0.1, 0.2]
times: [550.76, 1102.14]
scores: [0.8439463521542553, 0.8265661275748023]
