training_data_sizes: [0.1, 0.2]
times: [701.42, 1404.71]
scores: [0.8008366100386184, 0.890113193291425]
