training_data_sizes: [0.1, 0.2, 0.3, 0.4, 0.5, 0.6, 0.7, 0.8, 0.9, 1.0]
times: [73.14, 140.7, 213.68, 287.17, 351.03, 425.11, 490.88, 563.76, 634.31, 708.63]
scores: [0.7699923996095337, 0.7539182804357887, 0.780935474826038, 0.8234998040975181, 0.8668990052524241, 0.7699414256194581, 0.859081584199562, 0.8651473827208752, 0.7864166260336862, 0.9381976009011045]
