training_data_sizes: [0.1, 0.2]
times: [507.51, 1001.34]
scores: [0.8372989782745736, 0.7492104708382894]
