training_data_sizes: [0.1, 0.2, 0.3, 0.4, 0.5, 0.6, 0.7, 0.8, 0.9]
times: [7.0, 15.0, 20.0, 35.0, 43.0, 53.0, 66.0, 77.0, 88.0]
scores: [0.9173659769755289, 1.0, 0.8607377309857674, 0.9183381499488321, 0.8828789235010122, 1.0, 1.0, 0.9393681527799534, 0.9101877501140025]
