training_data_sizes: [0.1, 0.2, 0.3, 0.4, 0.5]
times: [202.12, 408.94, 608.38, 807.99, 1003.35]
scores: [0.6432188813287183, 0.8192152897084043, 0.8659722009778776, 0.8222238331286102, 0.936748202038094]
