training_data_sizes: [0.1, 0.2]
times: [503.35, 1006.95]
scores: [0.8658514067776899, 0.8217766641697999]
