training_data_sizes: [0.1, 0.2, 0.3, 0.4, 0.5, 0.6, 0.7]
times: [58.0, 114.0, 173.0, 237.0, 299.0, 352.0, 414.0]
scores: [0.8619401907407866, 0.7782112797959366, 0.7060754380705976, 0.6572838396889339, 0.6585985079382995, 0.7423926746199239, 0.7391486175760718]
