training_data_sizes: [0.1, 0.2, 0.3, 0.4, 0.5, 0.6, 0.7, 0.8]
times: [111.0, 239.0, 352.0, 476.0, 597.0, 713.0, 838.0, 953.0]
scores: [0.6990984239868699, 0.7578044444643822, 0.8177373014015346, 0.6093129378294928, 0.7152640512445664, 0.7692018633890736, 0.6845534430401723, 0.6625730683221605]
