training_data_sizes: [0.1, 0.2, 0.3, 0.4, 0.5]
times: [29.0, 55.0, 80.0, 116.0, 141.0]
scores: [0.8369405250185218, 0.8904323292423519, 0.7968156689729256, 0.9905285210378015, 0.8986425313027195]
