training_data_sizes: [0.1, 0.2, 0.3, 0.4, 0.5, 0.6, 0.7, 0.8]
times: [157.11, 304.67, 450.55, 605.34, 753.06, 909.45, 1059.84, 1201.11]
scores: [0.8029702992647154, 0.9758655997596839, 0.9785135686228368, 0.8982929522065437, 0.8477476236327826, 0.8569275453880966, 0.9595184784055306, 0.9008058647463717]
