training_data_sizes: [0.1, 0.2, 0.3, 0.4, 0.5, 0.6, 0.7, 0.8, 0.9, 1.0]
times: [49.0, 95.0, 144.0, 191.0, 244.0, 296.0, 343.0, 393.0, 448.0, 492.0]
scores: [1.0, 1.0, 0.9553652554560395, 1.0, 1.0, 0.9971507100199324, 1.0, 1.0, 1.0, 1.0]
