training_data_sizes: [0.1, 0.2]
times: [307.89, 607.02]
scores: [0.7811619962550908, 0.7930747832347316]
