training_data_sizes: [0.1, 0.2]
times: [500.36, 1001.77]
scores: [0.8240618259094452, 0.7817873464569618]
