training_data_sizes: [0.1, 0.2, 0.3, 0.4, 0.5, 0.6, 0.7, 0.8]
times: [182.28, 357.56, 533.73, 709.54, 879.22, 1053.94, 1229.36, 1407.47]
scores: [0.5816778401409074, 0.761686046932103, 0.79588768458533, 0.8695302669711049, 0.7577141011135753, 0.9642326936363015, 0.929208405188033, 0.9440194093973504]
