training_data_sizes: [0.1, 0.2, 0.3, 0.4, 0.5]
times: [148.24, 281.35, 421.26, 565.36, 700.79]
scores: [0.5873084989637969, 0.6749278863047307, 0.6647950412075452, 0.7092150468928682, 0.6760433246778178]
