training_data_sizes: [0.1, 0.2, 0.3]
times: [305.27, 607.73, 905.5]
scores: [0.8719055046155091, 0.9428472352064011, 0.9364420067404489]
