training_data_sizes: [0.1, 0.2, 0.3, 0.4, 0.5, 0.6, 0.7]
times: [39.0, 70.0, 119.0, 154.0, 191.0, 234.0, 277.0]
scores: [0.496202355750401, 0.7163521616718378, 0.6306565660563779, 0.6091441122275283, 0.6355510444083481, 0.770165113292743, 0.9019214329811354]
