training_data_sizes: [0.1, 0.2, 0.3]
times: [117.0, 239.0, 353.0]
scores: [0.9362967153279719, 0.9969340612658228, 1.0]
