training_data_sizes: [0.1, 0.2, 0.3, 0.4, 0.5]
times: [125.0, 255.0, 384.0, 518.0, 646.0]
scores: [0.9854748383931138, 0.9770776724892705, 1.0, 0.9925544448504948, 0.9243356588011441]
