training_data_sizes: [0.1, 0.2, 0.3]
times: [340.56, 672.71, 1005.97]
scores: [0.672938766925481, 0.5517812984707227, 0.6522431224891108]
