training_data_sizes: [0.1, 0.2, 0.3, 0.4, 0.5]
times: [13.0, 33.0, 53.0, 76.0, 90.0]
scores: [0.753745015035481, 0.8443991566237772, 0.7665833517017794, 0.9312407358532562, 1.0]
