training_data_sizes: [0.1, 0.2, 0.3, 0.4, 0.5, 0.6, 0.7, 0.8, 0.9]
times: [80.0, 177.0, 264.0, 350.0, 441.0, 537.0, 626.0, 714.0, 807.0]
scores: [0.7730916823887346, 0.7415436001064043, 0.8987786845466623, 0.801616671373051, 0.8190860979166339, 0.8432697049981954, 0.7748363978737909, 0.7343853772545823, 0.8377713425463514]
