training_data_sizes: [0.1, 0.2, 0.3]
times: [129.0, 251.0, 382.0]
scores: [0.7829073607179057, 0.8172363251719319, 0.8435131606029]
