training_data_sizes: [0.1, 0.2, 0.3, 0.4, 0.5, 0.6]
times: [27.0, 55.0, 87.0, 117.0, 149.0, 174.0]
scores: [0.7506293103665767, 0.7100154322822441, 0.7108447354546266, 0.806056668569677, 0.9402093634936427, 0.9321620578726623]
