training_data_sizes: [0.1, 0.2, 0.3, 0.4, 0.5, 0.6]
times: [184.77, 374.58, 552.07, 733.84, 918.31, 1105.34]
scores: [0.7871082392935416, 0.8184884215698216, 0.7309030609582177, 0.8359026222832782, 0.9043889266742939, 0.9271399749326017]
