training_data_sizes: [0.1, 0.2, 0.3]
times: [335.27, 670.7, 1007.36]
scores: [1.0, 0.9487651825318978, 0.9069666812976166]
