training_data_sizes: [0.1, 0.2, 0.3, 0.4, 0.5, 0.6]
times: [124.32, 237.54, 352.43, 472.21, 587.44, 708.62]
scores: [0.7281577801096444, 0.863674068538194, 0.9716618262177651, 1.0, 1.0, 1.0]
