training_data_sizes: [0.1, 0.2, 0.3, 0.4, 0.5, 0.6, 0.7, 0.8, 0.9]
times: [107.82, 201.62, 303.45, 406.93, 502.22, 600.64, 704.93, 807.78, 903.05]
scores: [0.8250880318218914, 0.7653340021319779, 0.8513971458728287, 0.915688912211635, 1.0, 1.0, 1.0, 1.0, 1.0]
