training_data_sizes: [0.1, 0.2, 0.3, 0.4, 0.5, 0.6]
times: [103.0, 216.0, 328.0, 435.0, 547.0, 653.0]
scores: [0.9178217752664932, 0.8073725878336018, 0.8234990873420979, 0.8968047970380748, 0.9862425873166908, 1.0]
