training_data_sizes: [0.1, 0.2, 0.3]
times: [21.0, 51.0, 85.0]
scores: [0.8715969103787927, 0.7177413688052553, 0.7923190641788274]
