training_data_sizes: [0.1, 0.2, 0.3, 0.4, 0.5, 0.6, 0.7, 0.8]
times: [114.89, 232.03, 339.16, 451.61, 567.86, 675.45, 796.5, 906.24]
scores: [0.6000014275744957, 0.48936094097181276, 0.540408886977548, 0.5782719261139648, 0.5268215178023687, 0.6969343873006651, 0.6679796971226941, 0.8107307139454927]
