training_data_sizes: [0.1, 0.2, 0.3, 0.4, 0.5, 0.6, 0.7, 0.8]
times: [165.56, 330.92, 494.02, 654.5, 817.24, 978.84, 1142.77, 1300.2]
scores: [0.7379549416993423, 0.9192316370543921, 0.9745324354486987, 1.0, 1.0, 1.0, 1.0, 1.0]
