training_data_sizes: [0.1, 0.2, 0.3]
times: [106.0, 219.0, 325.0]
scores: [0.8518206321211691, 0.9466374557616828, 0.8909030875281547]
