training_data_sizes: [0.1, 0.2]
times: [354.33, 703.61]
scores: [0.8278254231090169, 0.8107604283865161]
