training_data_sizes: [0.1, 0.2, 0.3, 0.4]
times: [87.0, 175.0, 269.0, 358.0]
scores: [0.9227179145869588, 0.9019816926426538, 0.9113697311856831, 0.9358306799449834]
