training_data_sizes: [0.1, 0.2, 0.3, 0.4, 0.5, 0.6, 0.7, 0.8]
times: [102.69, 205.78, 303.87, 406.11, 506.66, 608.01, 703.81, 800.53]
scores: [0.804786263909318, 0.9660099540439993, 0.8385697398506622, 0.8789572742759814, 0.8605816793754956, 0.8661437990567444, 1.0, 0.8824222704722257]
