training_data_sizes: [0.1, 0.2, 0.3, 0.4, 0.5, 0.6, 0.7, 0.8, 0.9, 1.0]
times: [3.0, 4.88, 6.81, 8.81, 10.88, 13.13, 15.25, 17.24, 19.36, 21.51]
scores: [0.30605529567646134, 0.30837173774919446, 0.31627888104017887, 0.33300006658437026, 0.31820580085697264, 0.3140783879155156, 0.30093231383775443, 0.30322505663313176, 0.2964144000956484, 0.2976903782619024]
