training_data_sizes: [0.1, 0.2, 0.3, 0.4, 0.5, 0.6, 0.7]
times: [132.54, 265.02, 393.47, 523.93, 652.52, 775.57, 908.44]
scores: [0.897640168694473, 0.8595084883614703, 0.9036554846484143, 0.9639461850221991, 1.0, 1.0, 1.0]
