training_data_sizes: [0.1, 0.2, 0.3, 0.4, 0.5, 0.6, 0.7, 0.8, 0.9]
times: [70.06, 140.81, 203.39, 274.06, 340.38, 406.55, 476.08, 542.26, 600.46]
scores: [0.7877637399647933, 0.8408810884683855, 0.8653735743425603, 0.7670664099644963, 0.7762549126992966, 0.7682551016707506, 0.7978657853327966, 0.8387633546499789, 0.7960946748765303]
