training_data_sizes: [0.1, 0.2]
times: [452.56, 1001.59]
scores: [0.999211829339919, 0.9971614357666141]
