training_data_sizes: [0.1, 0.2, 0.3, 0.4, 0.5, 0.6, 0.7, 0.8, 0.9]
times: [115.08, 231.54, 333.56, 445.96, 555.79, 669.49, 782.66, 895.71, 1005.77]
scores: [0.9596669167676326, 0.9912475589986112, 0.9404165025667279, 0.9626198773315127, 0.9418671021131781, 1.0, 1.0, 1.0, 1.0]
