training_data_sizes: [0.1, 0.2, 0.3, 0.4]
times: [111.0, 237.0, 353.0, 475.0]
scores: [0.8120890370693153, 0.70331131382412, 0.8516275084506812, 0.8687671417268638]
