training_data_sizes: [0.1, 0.2, 0.3, 0.4, 0.5, 0.6, 0.7]
times: [27.0, 58.0, 85.0, 118.0, 140.0, 176.0, 201.0]
scores: [0.8564583093150109, 0.7788576701926764, 0.8977230930511368, 0.9184354516236939, 1.0, 1.0, 1.0]
