training_data_sizes: [0.1, 0.2, 0.3, 0.4, 0.5, 0.6, 0.7, 0.8]
times: [116.17, 226.45, 346.82, 459.77, 562.82, 682.97, 796.45, 905.6]
scores: [0.8278075123574029, 0.7659299494998246, 0.866027685017026, 0.8078342014215886, 0.7310193475036044, 0.7390836131155201, 0.8708175805143024, 0.7835825590765049]
