training_data_sizes: [0.1, 0.2, 0.3, 0.4, 0.5, 0.6, 0.7]
times: [191.84, 377.37, 558.99, 751.94, 932.67, 1123.61, 1304.3]
scores: [0.9042723517118938, 0.9643899081614911, 0.9922217637213555, 0.8159903474073422, 0.9588134674235875, 0.9109618470835814, 0.9560085579846997]
