training_data_sizes: [0.1, 0.2, 0.3, 0.4]
times: [20.0, 50.0, 86.0, 111.0]
scores: [0.48604769006789394, 0.5432570769928808, 0.43103463906100614, 0.497382354728195]
