training_data_sizes: [0.1, 0.2, 0.3, 0.4, 0.5, 0.6]
times: [126.0, 259.0, 382.0, 517.0, 643.0, 777.0]
scores: [0.8121113963237583, 0.7921445758816045, 0.9570028394682795, 0.9544219374001852, 0.8447118434754249, 0.8863367685199559]
