training_data_sizes: [0.1, 0.2, 0.3, 0.4, 0.5, 0.6, 0.7, 0.8]
times: [97.0, 190.0, 293.0, 392.0, 495.0, 595.0, 690.0, 797.0]
scores: [0.849881379702806, 0.8735595114764833, 0.7212504485603524, 0.7477271743365026, 0.8838638292602734, 0.7118394553100087, 0.8134265441003208, 0.7566739589104813]
