training_data_sizes: [0.1, 0.2, 0.3, 0.4, 0.5, 0.6]
times: [125.73, 239.07, 353.79, 468.63, 590.38, 708.71]
scores: [0.849958062065794, 0.8780864385391283, 0.7647215666417558, 0.7888017614289302, 0.8600382979336146, 0.8611317356312849]
