training_data_sizes: [0.1, 0.2, 0.3, 0.4]
times: [56.0, 111.0, 172.0, 234.0]
scores: [0.5169192152616325, 0.66482921898536, 0.5782444321207912, 0.6697742062834411]
