training_data_sizes: [0.1, 0.2, 0.3, 0.4, 0.5, 0.6, 0.7, 0.8]
times: [154.24, 301.52, 458.47, 609.26, 755.38, 900.23, 1052.42, 1209.57]
scores: [0.845524196491491, 0.8284964263920376, 0.9158818894167629, 0.9736399552443635, 0.9492280425740146, 0.9217919545652813, 0.9512339774874288, 0.9895247530147502]
