training_data_sizes: [0.1, 0.2, 0.3, 0.4, 0.5, 0.6, 0.7, 0.8, 0.9]
times: [165.14, 316.02, 468.82, 627.53, 784.15, 935.82, 1093.25, 1251.6, 1409.79]
scores: [0.8143341030480014, 0.8709259901978988, 0.965952483524063, 0.9579605818961374, 1.0, 1.0, 1.0, 1.0, 1.0]
