training_data_sizes: [0.1, 0.2, 0.3, 0.4, 0.5, 0.6, 0.7, 0.8, 0.9, 1.0]
times: [1.21, 2.31, 3.42, 4.43, 5.51, 6.58, 7.87, 9.05, 10.16, 11.41]
scores: [0.28270679372350943, 0.27501417720415827, 0.2857663032432078, 0.2881602009127615, 0.28443716999781793, 0.2879235116397479, 0.2835865344873401, 0.28547320179406627, 0.2862130342494135, 0.28530233956589895]
