training_data_sizes: [0.1, 0.2, 0.3, 0.4, 0.5]
times: [49.0, 90.0, 143.0, 198.0, 245.0]
scores: [0.8573922894270273, 1.0, 0.8837489796181585, 0.9961227991320679, 0.9199956602642001]
