training_data_sizes: [0.1, 0.2, 0.3, 0.4, 0.5, 0.6, 0.7]
times: [132.05, 266.56, 395.13, 519.88, 644.3, 775.53, 905.9]
scores: [0.6005063221145555, 0.724979978544855, 0.7834390122705472, 0.7711886178276077, 0.9497256129257505, 1.0, 1.0]
