training_data_sizes: [0.1, 0.2]
times: [653.78, 1304.1]
scores: [0.6864226188467809, 0.8830239393178168]
