training_data_sizes: [0.1, 0.2, 0.3, 0.4, 0.5, 0.6, 0.7, 0.8]
times: [94.0, 197.0, 294.0, 390.0, 494.0, 591.0, 690.0, 798.0]
scores: [0.9422482360969797, 1.0, 0.9737180405905193, 1.0, 0.9051758947677375, 1.0, 1.0, 1.0]
