training_data_sizes: [0.1, 0.2, 0.3, 0.4, 0.5, 0.6, 0.7, 0.8]
times: [27.0, 59.0, 86.0, 119.0, 140.0, 172.0, 203.0, 235.0]
scores: [0.932951120875964, 1.0, 0.9005315956573989, 0.9253598831563068, 0.9091777210005405, 0.914362794085407, 1.0, 1.0]
