training_data_sizes: [0.1, 0.2, 0.3, 0.4]
times: [250.3, 505.53, 755.65, 1008.57]
scores: [0.9301788911987722, 0.8771182784869095, 0.9436998327796962, 1.0]
