training_data_sizes: [0.1, 0.2, 0.3, 0.4, 0.5, 0.6, 0.7, 0.8, 0.9, 1.0]
times: [124.04, 241.77, 362.27, 485.11, 606.09, 720.12, 840.2, 964.76, 1087.19, 1200.83]
scores: [0.8808821743121852, 0.9424251728698925, 0.9411757964155298, 1.0, 1.0, 1.0, 1.0, 1.0, 1.0, 1.0]
