training_data_sizes: [0.1, 0.2, 0.3]
times: [34.0, 75.0, 114.0]
scores: [0.7647915404875334, 0.8339370919979328, 0.9547127395155837]
