training_data_sizes: [0.1, 0.2, 0.3]
times: [6.0, 16.0, 21.0]
scores: [0.8262051128825605, 0.8343799188297272, 0.9030272658699288]
