training_data_sizes: [0.1, 0.2, 0.3, 0.4, 0.5, 0.6]
times: [27.0, 50.0, 83.0, 119.0, 146.0, 171.0]
scores: [1.0, 1.0, 0.9785593266731771, 0.966528389110301, 0.9986744948127055, 1.0]
