training_data_sizes: [0.1, 0.2, 0.3, 0.4, 0.5, 0.6]
times: [74.0, 159.0, 234.0, 313.0, 397.0, 475.0]
scores: [0.8920684185407046, 1.0, 1.0, 1.0, 1.0, 0.9686395679668058]
