training_data_sizes: [0.1, 0.2]
times: [22.0, 58.0]
scores: [0.867198149420756, 0.9858059986733796]
