training_data_sizes: [0.1, 0.2, 0.3, 0.4, 0.5, 0.6, 0.7, 0.8, 0.9, 1.0]
times: [47.35, 100.51, 161.36, 223.97, 281.46, 339.61, 415.5, 488.26, 554.04, 634.79]
scores: [0.21813372323091854, 0.2588822718396982, 0.261208469873422, 0.24647954413471157, 0.25864516948858834, 0.25383626197790915, 0.26522084142234287, 0.2742934538851607, 0.2942015938038325, 0.30209654601792946]
