training_data_sizes: [0.1, 0.2, 0.3, 0.4, 0.5, 0.6, 0.7, 0.8, 0.9, 1.0]
times: [78.0, 150.0, 230.0, 311.0, 395.0, 470.0, 553.0, 634.0, 714.0, 799.0]
scores: [0.8450479344957121, 0.826244747856698, 0.8130538293305022, 0.7814213888607562, 0.8199781273311397, 0.8225177149333271, 0.7713796477466583, 0.734179961471332, 0.869886998704118, 0.7369807923934228]
