training_data_sizes: [0.1, 0.2]
times: [706.68, 1400.24]
scores: [0.7666970227226722, 0.9242933445547352]
