training_data_sizes: [0.1, 0.2]
times: [507.93, 1006.65]
scores: [0.5800313173224433, 0.7225036396340205]
