training_data_sizes: [0.1, 0.2, 0.3, 0.4, 0.5, 0.6, 0.7, 0.8]
times: [95.52, 182.92, 268.13, 350.22, 441.64, 526.99, 614.98, 707.14]
scores: [0.8329786441614492, 0.9193204454525652, 0.9297657301481632, 0.8898194992373154, 0.9142076989245995, 0.9202510347577851, 0.8910545555220195, 0.9096860822464358]
