training_data_sizes: [0.1, 0.2, 0.3, 0.4, 0.5, 0.6, 0.7, 0.8]
times: [95.64, 180.27, 269.16, 359.87, 444.95, 533.88, 616.6, 701.12]
scores: [0.9146870969119534, 0.9579702652853948, 1.0, 0.9609626158314194, 1.0, 1.0, 1.0, 1.0]
