training_data_sizes: [0.1, 0.2, 0.3, 0.4, 0.5, 0.6, 0.7]
times: [115.0, 230.0, 356.0, 477.0, 599.0, 713.0, 837.0]
scores: [1.0, 0.9435369395219559, 0.9359617653407781, 0.9985264664475864, 1.0, 1.0, 1.0]
