training_data_sizes: [0.1, 0.2, 0.3, 0.4, 0.5, 0.6, 0.7, 0.8]
times: [29.0, 58.0, 82.0, 113.0, 142.0, 174.0, 203.0, 235.0]
scores: [0.9079027872830673, 0.9201951155448889, 0.8926250539250107, 1.0, 1.0, 1.0, 1.0, 1.0]
