training_data_sizes: [0.1, 0.2, 0.3, 0.4, 0.5, 0.6, 0.7, 0.8, 0.9, 1.0]
times: [113.89, 224.85, 332.07, 441.91, 554.91, 664.5, 775.38, 885.54, 995.69, 1103.98]
scores: [0.8380095332149766, 0.8397672060764559, 0.8598037257511966, 0.8293874458013009, 0.7966837069446957, 0.7100671824499831, 0.7754891268260401, 0.6952812671172155, 0.8089123360293543, 0.815126955400351]
