training_data_sizes: [0.1, 0.2, 0.3, 0.4, 0.5, 0.6, 0.7, 0.8, 0.9, 1.0]
times: [21.56, 43.16, 65.12, 91.22, 116.9, 145.52, 176.92, 196.35, 225.64, 257.41]
scores: [0.6187630854642547, 0.4971029652003245, 0.4532845913676513, 0.430963871750903, 0.413651815982913, 0.4065120810140903, 0.39844551195552413, 0.39397519196692277, 0.3896312076460726, 0.38527790835839326]
