training_data_sizes: [0.1, 0.2, 0.3, 0.4, 0.5, 0.6, 0.7, 0.8]
times: [105.0, 213.0, 329.0, 437.0, 549.0, 656.0, 761.0, 871.0]
scores: [0.9223478335321882, 1.0, 0.974655732109942, 1.0, 0.9587852212477145, 1.0, 1.0, 1.0]
