training_data_sizes: [0.1, 0.2, 0.3, 0.4, 0.5, 0.6]
times: [191.69, 374.28, 553.71, 740.24, 921.53, 1103.62]
scores: [0.9261753114374951, 0.8175034686653175, 0.9516728599575792, 0.9873053224015734, 0.9100757787918619, 1.0]
