training_data_sizes: [0.1, 0.2, 0.3, 0.4, 0.5, 0.6]
times: [119.65, 239.32, 359.87, 475.41, 591.93, 706.14]
scores: [0.6632611883316447, 0.7466392979677983, 0.7980566694521641, 0.8046193620844929, 0.8091712439106007, 0.9764362275204778]
