training_data_sizes: [0.1, 0.2]
times: [559.31, 1108.32]
scores: [0.9052843112191262, 0.8758563996972653]
