training_data_sizes: [0.1, 0.2, 0.3, 0.4, 0.5, 0.6, 0.7, 0.8, 0.9, 1.0]
times: [138.08, 264.79, 394.94, 523.44, 659.74, 787.31, 916.46, 1041.11, 1176.71, 1305.37]
scores: [0.756438728596178, 0.9518943425396942, 0.9972206123160552, 1.0, 1.0, 1.0, 1.0, 1.0, 1.0, 1.0]
