training_data_sizes: [0.1, 0.2, 0.3, 0.4, 0.5, 0.6, 0.7, 0.8, 0.9]
times: [59.0, 118.0, 170.0, 236.0, 296.0, 356.0, 410.0, 470.0, 531.0]
scores: [0.9910689883011787, 1.0, 0.9835958526727643, 0.942669451883598, 0.9939461888564305, 0.9942639915958812, 1.0, 1.0, 1.0]
