training_data_sizes: [0.1, 0.2, 0.3, 0.4, 0.5, 0.6, 0.7, 0.8, 0.9, 1.0]
times: [5.08, 8.39, 11.95, 17.27, 22.1, 26.17, 30.26, 17.73, 20.41, 23.24]
scores: [0.9144223385074564, 0.9525009808870425, 0.9666744810194429, 0.9740768216335858, 0.978647289205681, 0.981807718160267, 0.9840998826263591, 0.9852442701344601, 0.9854762554464054, 0.987512197730468]
