training_data_sizes: [0.1, 0.2, 0.3, 0.4, 0.5, 0.6, 0.7, 0.8]
times: [117.33, 226.19, 345.02, 456.73, 571.61, 683.42, 790.62, 901.32]
scores: [0.8334988031560747, 0.7037308477398575, 0.7356745219564171, 0.7077610876183421, 0.7261452344899532, 0.6643029763862128, 0.7880262271262133, 0.764336053739261]
