training_data_sizes: [0.1, 0.2, 0.3, 0.4, 0.5, 0.6, 0.7, 0.8, 0.9, 1.0]
times: [0.23, 0.23, 0.33, 0.64, 0.45, 0.55, 0.61, 0.69, 0.76, 0.85]
scores: [0.7509423583545631, 0.7482140405704047, 0.7539474276675422, 0.7481658179495376, 0.7520701203364806, 0.7356227023774582, 0.7425881108083738, 0.7509329879344686, 0.7544278073665771, 0.7550355642448086]
