training_data_sizes: [0.1, 0.2, 0.3, 0.4, 0.5]
times: [118.0, 231.0, 357.0, 479.0, 597.0]
scores: [0.8664565356183302, 0.7690615444186575, 0.9447770654730081, 0.8054638000403618, 0.9860801214157313]
