training_data_sizes: [0.1, 0.2, 0.3, 0.4, 0.5, 0.6]
times: [48.0, 92.0, 146.0, 198.0, 249.0, 299.0]
scores: [0.6562822524082103, 0.6544511675214557, 0.5346655404231189, 0.6391767612407808, 0.5916646560231315, 0.45988236639762636]
