training_data_sizes: [0.1, 0.2, 0.3, 0.4, 0.5, 0.6]
times: [25.0, 57.0, 81.0, 114.0, 149.0, 173.0]
scores: [0.9291742906211367, 0.9446705218815252, 1.0, 0.929880016523901, 1.0, 1.0]
