training_data_sizes: [0.1, 0.2, 0.3, 0.4]
times: [201.28, 409.76, 605.46, 803.68]
scores: [0.996016243400565, 1.0, 0.9602236379875215, 1.0]
