training_data_sizes: [0.1, 0.2, 0.3, 0.4, 0.5, 0.6]
times: [42.0, 96.0, 146.0, 194.0, 242.0, 291.0]
scores: [0.5221896154326542, 0.4566476240723374, 0.5354050157547243, 0.6161931154639532, 0.4943894797339154, 0.5686450338393589]
