training_data_sizes: [0.1, 0.2, 0.3, 0.4, 0.5, 0.6, 0.7, 0.8, 0.9, 1.0]
times: [72.39, 141.84, 210.52, 287.49, 353.68, 420.36, 490.41, 561.44, 632.04, 706.95]
scores: [0.6468904745767569, 0.5905610302365691, 0.6956447135919621, 0.5859826252445008, 0.6055899602427733, 0.6000963108739039, 0.5434810802084741, 0.5762211285943903, 0.6755285228735657, 0.513569231933855]
