training_data_sizes: [0.1, 0.2]
times: [187.28, 584.44]
scores: [0.8167006890120545, 0.805340654959134]
