training_data_sizes: [0.1, 0.2, 0.3, 0.4, 0.5, 0.6, 0.7, 0.8, 0.9, 1.0]
times: [73.0, 151.0, 235.0, 311.0, 394.0, 479.0, 559.0, 631.0, 713.0, 797.0]
scores: [0.7132985515263642, 0.7613652683968825, 0.7344642470105516, 0.9051608992600026, 0.8972561794389322, 0.87028147862105, 0.9482104237096673, 0.9896523082338646, 1.0, 1.0]
