training_data_sizes: [0.1, 0.2]
times: [73.0, 152.0]
scores: [0.9893466593601536, 0.9661889355340436]
