training_data_sizes: [0.1, 0.2, 0.3, 0.4, 0.5, 0.6]
times: [238.83, 473.02, 706.68, 943.03, 1171.69, 1406.44]
scores: [0.8585382165757225, 0.9143173934375164, 0.9480029328521293, 0.9314898927798678, 1.0, 1.0]
