training_data_sizes: [0.1, 0.2, 0.3, 0.4, 0.5, 0.6, 0.7, 0.8, 0.9, 1.0]
times: [111.0, 230.0, 358.0, 473.0, 596.0, 717.0, 838.0, 954.0, 1075.0, 1197.0]
scores: [0.9030604910866253, 0.8212441866660962, 0.8551212266958508, 0.974923655515666, 1.0, 1.0, 1.0, 1.0, 1.0, 1.0]
