training_data_sizes: [0.1, 0.2, 0.3, 0.4, 0.5, 0.6, 0.7]
times: [185.98, 378.6, 565.65, 748.15, 935.87, 1116.64, 1302.65]
scores: [0.9464843188794259, 0.9315360007919387, 0.88912754529807, 0.9330740894704794, 0.9552447855083757, 1.0, 1.0]
