training_data_sizes: [0.1, 0.2, 0.3, 0.4, 0.5, 0.6, 0.7, 0.8]
times: [156.79, 309.28, 454.04, 604.88, 754.87, 902.71, 1054.05, 1209.06]
scores: [0.8138390730742797, 0.9703475412226714, 1.0, 1.0, 0.9970102829549174, 1.0, 1.0, 1.0]
