training_data_sizes: [0.1, 0.2, 0.3, 0.4, 0.5, 0.6, 0.7, 0.8, 0.9]
times: [25.0, 56.0, 89.0, 110.0, 145.0, 170.0, 206.0, 235.0, 264.0]
scores: [0.6404928728134798, 0.6854128942571466, 0.7504598142104337, 0.7004886060823527, 0.8103957163254125, 0.8600453882561345, 0.9606932506260801, 0.8946865421731123, 0.9226054341199874]
