training_data_sizes: [0.1, 0.2, 0.3, 0.4, 0.5, 0.6]
times: [117.5, 238.57, 352.4, 471.59, 586.16, 701.71]
scores: [0.8207954815760654, 0.7601324833561445, 0.7919539374608356, 0.9499557314661646, 1.0, 0.9496088445249095]
