training_data_sizes: [0.1, 0.2, 0.3, 0.4, 0.5, 0.6, 0.7]
times: [117.0, 236.0, 352.0, 475.0, 595.0, 717.0, 837.0]
scores: [0.9273541116812276, 0.9414617395052927, 1.0, 0.9193837649922654, 1.0, 1.0, 1.0]
