training_data_sizes: [0.1, 0.2]
times: [69.0, 136.0]
scores: [0.8662369647414113, 0.8483667738279859]
