training_data_sizes: [0.1, 0.2, 0.3, 0.4, 0.5]
times: [223.68, 449.06, 664.48, 883.2, 1109.86]
scores: [0.5172688921659684, 0.6477295774787537, 0.5692910383447877, 0.5015910438257211, 0.5739479878343452]
