training_data_sizes: [0.1, 0.2, 0.3, 0.4]
times: [47.0, 91.0, 143.0, 191.0]
scores: [0.8019723895683457, 0.8084235499909367, 0.8668021854226597, 0.8250059108612122]
