training_data_sizes: [0.1, 0.2, 0.3, 0.4, 0.5, 0.6]
times: [202.89, 408.16, 609.41, 804.9, 1006.92, 1209.77]
scores: [0.8788898427620788, 0.8768189487625899, 0.810985911705521, 0.893232728056281, 0.929668503408559, 1.0]
