training_data_sizes: [0.1, 0.2, 0.3, 0.4, 0.5, 0.6, 0.7]
times: [147.33, 291.53, 435.18, 573.4, 719.76, 858.49, 1006.18]
scores: [0.8468576037034574, 0.9387921806044899, 0.980148832208462, 0.9765846604912818, 0.8519028824313332, 0.8703995747349433, 0.9997011133938689]
