training_data_sizes: [0.1, 0.2, 0.3, 0.4, 0.5, 0.6, 0.7, 0.8, 0.9, 1.0]
times: [140.42, 280.61, 429.28, 567.12, 707.7, 843.33, 980.29, 1122.6, 1268.91, 1403.31]
scores: [0.6334544668553421, 0.6137703978990088, 0.7482502570501134, 0.6753190842020057, 0.6301862583679316, 0.6478586986807441, 0.6684628390301209, 0.6768274451672219, 0.5328491292099384, 0.5976969959016032]
