training_data_sizes: [0.1, 0.2]
times: [457.82, 909.72]
scores: [0.5709958673663363, 0.6181585956765308]
