training_data_sizes: [0.1, 0.2, 0.3, 0.4, 0.5]
times: [131.0, 275.0, 414.0, 550.0, 690.0]
scores: [0.8852813103470718, 0.9536613579641204, 0.9900528373991537, 1.0, 1.0]
