training_data_sizes: [0.1, 0.2, 0.3]
times: [439.45, 872.9, 1303.48]
scores: [0.7866016434306895, 0.9654676891585748, 0.9609006051901696]
