training_data_sizes: [0.1, 0.2, 0.3, 0.4, 0.5, 0.6, 0.7, 0.8, 0.9]
times: [41.0, 95.0, 145.0, 193.0, 246.0, 292.0, 346.0, 393.0, 440.0]
scores: [0.594993759445594, 0.6917613559319113, 0.8202738388210562, 0.8067958964617001, 0.8088527466443487, 0.8726858017642141, 0.9351400188202051, 0.9628658706402438, 1.0]
