training_data_sizes: [0.1, 0.2, 0.3, 0.4, 0.5, 0.6, 0.7, 0.8]
times: [55.0, 114.0, 173.0, 233.0, 295.0, 356.0, 417.0, 473.0]
scores: [0.7439745958478492, 0.7475548497760449, 0.8107701338973307, 0.8599887611206849, 0.9659120313940872, 0.9115581177824734, 0.9637057173565369, 0.9976681536041068]
