training_data_sizes: [0.1, 0.2, 0.3, 0.4, 0.5, 0.6, 0.7]
times: [143.17, 296.0, 458.1, 622.14, 790.64, 969.33, 1148.68]
scores: [0.9727546560509452, 0.9134230915128004, 0.8602674015264676, 0.8188655322258607, 0.7805781389354398, 0.7491204219229868, 0.7183701904048945]
