training_data_sizes: [0.1, 0.2, 0.3]
times: [339.7, 667.37, 1000.96]
scores: [0.43095229891718617, 0.4611118728700595, 0.6361882972842793]
