training_data_sizes: [0.1, 0.2, 0.3, 0.4]
times: [359.75, 701.59, 1059.82, 1408.23]
scores: [0.9720106579458281, 0.8848059133553601, 0.9928172197255323, 1.0]
