training_data_sizes: [0.1, 0.2, 0.3, 0.4, 0.5]
times: [65.0, 138.0, 206.0, 273.0, 346.0]
scores: [0.7543259380611975, 0.6742754298283985, 0.6910555585593023, 0.7217266497677637, 0.917837262790175]
