training_data_sizes: [0.1, 0.2, 0.3, 0.4, 0.5, 0.6, 0.7, 0.8, 0.9]
times: [156.43, 317.83, 476.57, 631.92, 783.1, 937.17, 1098.23, 1248.6, 1408.75]
scores: [0.5938838077616113, 0.694395050238034, 0.7169550204035791, 0.8779365916969503, 0.8146933124568121, 0.8804062914956476, 0.8824508075630318, 0.87333899529319, 0.9765533106000321]
