training_data_sizes: [0.1, 0.2, 0.3, 0.4, 0.5, 0.6, 0.7, 0.8, 0.9]
times: [47.0, 92.0, 147.0, 191.0, 245.0, 297.0, 342.0, 395.0, 441.0]
scores: [0.9164265165421418, 0.8716186989698198, 0.9625795469921135, 0.9698579483142712, 0.9581266517388032, 0.9050950588444642, 1.0, 0.9487998702192257, 1.0]
