training_data_sizes: [0.1, 0.2, 0.3]
times: [40.0, 91.0, 140.0]
scores: [0.6888718206296218, 0.7436075487663636, 0.7012690802359756]
