training_data_sizes: [0.1, 0.2, 0.3]
times: [67.0, 136.0, 208.0]
scores: [0.6397510954530394, 0.7776348038440797, 0.7076826746177567]
