training_data_sizes: [0.1, 0.2, 0.3, 0.4, 0.5, 0.6]
times: [100.17, 204.28, 301.43, 400.21, 501.09, 606.69]
scores: [0.960977337713909, 1.0, 0.9828665752322128, 1.0, 1.0, 1.0]
