training_data_sizes: [0.1, 0.2, 0.3, 0.4]
times: [35.0, 76.0, 113.0, 151.0]
scores: [0.9398777518848718, 1.0, 1.0, 0.9334028406330543]
