training_data_sizes: [0.1, 0.2, 0.3, 0.4, 0.5, 0.6, 0.7, 0.8, 0.9]
times: [148.09, 295.83, 436.45, 579.76, 729.23, 871.39, 1021.01, 1161.94, 1301.83]
scores: [0.7017299964067105, 0.7090512496205267, 0.7023344925773747, 0.8449306595225972, 0.8597471855574097, 0.9799100227230474, 1.0, 0.9840981202606693, 1.0]
