training_data_sizes: [0.1, 0.2, 0.3, 0.4, 0.5, 0.6, 0.7, 0.8, 0.9, 1.0]
times: [18.0, 35.0, 57.0, 76.0, 92.0, 117.0, 131.0, 150.0, 173.0, 198.0]
scores: [0.7579135516532403, 0.8810661729745918, 0.8994638895569973, 0.8962061540024369, 0.8395504051237679, 0.9397745496325478, 0.9296528339370185, 0.9968566158606547, 1.0, 1.0]
