training_data_sizes: [0.1, 0.2, 0.3, 0.4, 0.5, 0.6, 0.7, 0.8, 0.9, 1.0]
times: [36.46, 71.67, 93.87, 107.15, 143.18, 154.41, 170.43, 203.88, 209.36, 227.26]
scores: [0.9925182918788366, 0.9588230213131538, 0.9166674319935939, 0.8480850056588374, 0.8359593306949531, 0.7807446013269002, 0.7489629805660338, 0.7378092370047563, 0.7072427096216971, 0.6883823505033987]
