training_data_sizes: [0.1, 0.2, 0.3, 0.4, 0.5, 0.6, 0.7, 0.8, 0.9, 1.0]
times: [80.0, 172.0, 261.0, 351.0, 441.0, 538.0, 624.0, 713.0, 806.0, 899.0]
scores: [0.7850655172402796, 0.8002098020982215, 0.9196330652040465, 0.8206036012147087, 0.9408755151486693, 0.9834030191181549, 0.9539588057965773, 0.9497265897028714, 1.0, 1.0]
