training_data_sizes: [0.1, 0.2, 0.3, 0.4, 0.5]
times: [51.0, 116.0, 176.0, 234.0, 291.0]
scores: [0.8797421232329173, 1.0, 0.8763428675354681, 1.0, 0.9168973679389363]
