training_data_sizes: [0.1, 0.2, 0.3, 0.4, 0.5, 0.6, 0.7, 0.8]
times: [103.71, 203.46, 305.34, 406.27, 508.33, 603.74, 704.32, 802.52]
scores: [0.8544906441151543, 0.8960887992547393, 0.8586889493970555, 0.9782219555856004, 1.0, 1.0, 1.0, 1.0]
