training_data_sizes: [0.1, 0.2, 0.3, 0.4, 0.5, 0.6, 0.7, 0.8, 0.9, 1.0]
times: [114.0, 230.0, 352.0, 472.0, 597.0, 715.0, 830.0, 955.0, 1071.0, 1192.0]
scores: [0.8786373387360363, 0.7743626397655167, 0.8923185733813374, 0.9063790867323731, 1.0, 0.9320651899896801, 1.0, 1.0, 1.0, 1.0]
