training_data_sizes: [0.1, 0.2, 0.3, 0.4, 0.5, 0.6, 0.7, 0.8, 0.9, 1.0]
times: [90.89, 183.68, 278.98, 360.63, 457.84, 546.42, 632.37, 723.27, 812.85, 907.72]
scores: [0.8482098422101962, 0.8479367759871813, 0.8347857446418139, 0.8969612863869583, 1.0, 1.0, 1.0, 1.0, 1.0, 1.0]
