training_data_sizes: [0.1, 0.2, 0.3, 0.4, 0.5, 0.6, 0.7]
times: [117.69, 231.04, 348.84, 465.23, 572.8, 688.46, 805.08]
scores: [0.7260269179182913, 0.9413517259717968, 0.9820925558918187, 0.9694097013143526, 1.0, 1.0, 1.0]
