training_data_sizes: [0.1, 0.2, 0.3, 0.4, 0.5, 0.6, 0.7, 0.8]
times: [131.54, 258.31, 382.88, 504.99, 634.66, 754.3, 880.5, 1005.67]
scores: [0.8269014840888549, 0.9107262128350863, 0.9537301025685518, 1.0, 0.9277389107979515, 0.9383316894754069, 1.0, 1.0]
