training_data_sizes: [0.1, 0.2]
times: [494.67, 923.71]
scores: [0.31493957593794153, 0.32022321397270703]
