training_data_sizes: [0.1, 0.2, 0.3, 0.4]
times: [40.0, 90.0, 142.0, 191.0]
scores: [0.5068376395664322, 0.5920730339389292, 0.6148438733163988, 0.49434491644072753]
