training_data_sizes: [0.1, 0.2, 0.3, 0.4, 0.5, 0.6, 0.7, 0.8, 0.9, 1.0]
times: [2.54, 26.86, 36.36, 50.85, 62.76, 81.8, 93.03, 109.04, 124.3, 135.19]
scores: [0.9738112301648104, 0.9853898634523535, 0.9896757947267738, 0.9919476814580559, 0.993369567381857, 0.9943381806967274, 0.9950507021292118, 0.9955989302017567, 0.9960303153831466, 0.996382225738018]
