training_data_sizes: [0.1, 0.2, 0.3, 0.4, 0.5, 0.6, 0.7]
times: [173.78, 352.6, 523.75, 688.06, 866.91, 1035.92, 1202.87]
scores: [0.8183064307862262, 0.9043250777288476, 0.8855760491852456, 0.9463368131854902, 0.913117977177585, 1.0, 1.0]
