training_data_sizes: [0.1, 0.2, 0.3, 0.4, 0.5]
times: [123.12, 248.07, 366.17, 482.37, 606.17]
scores: [0.8997249903030013, 0.8358250449339661, 0.917047680135832, 0.8296220008029702, 0.9373454893027351]
