training_data_sizes: [0.1, 0.2, 0.3, 0.4, 0.5]
times: [124.01, 240.19, 361.14, 482.58, 604.51]
scores: [0.7089547491175192, 0.8167250526664175, 0.8674943959663384, 0.7922679844739187, 0.8635812079344568]
