training_data_sizes: [0.1, 0.2, 0.3, 0.4]
times: [354.3, 702.42, 1051.83, 1408.29]
scores: [0.8773201271453378, 0.7638700903744311, 0.8746719396688389, 0.7783155552611698]
