training_data_sizes: [0.1, 0.2, 0.3, 0.4, 0.5, 0.6]
times: [40.09, 40.92, 40.41, 49.45, 58.33, 71.81]
scores: [0.9196237580939047, 0.8179672412146958, 0.6934741286480572, 0.6634030446407762, 0.6114487354548142, 0.5805860804182812]
