training_data_sizes: [0.1, 0.2, 0.3, 0.4, 0.5]
times: [70.0, 152.0, 232.0, 313.0, 396.0]
scores: [0.7175181273284745, 0.7881533315116807, 0.8270770685684482, 0.8452200469980484, 0.8169348556633695]
