training_data_sizes: [0.1, 0.2, 0.3, 0.4, 0.5, 0.6]
times: [226.35, 443.23, 652.43, 867.16, 1083.6, 1303.06]
scores: [0.9047813465977186, 0.9276667734233126, 0.9995318769309323, 0.9099884557999516, 0.9328406257721953, 0.919627902390055]
