training_data_sizes: [0.1, 0.2, 0.3, 0.4, 0.5, 0.6, 0.7]
times: [43.0, 97.0, 140.0, 192.0, 245.0, 297.0, 343.0]
scores: [0.7160643834041217, 0.6685977068893375, 0.6176496661272618, 0.5809678649356868, 0.5248426495639176, 0.6522271569618318, 0.5347021083683372]
