training_data_sizes: [0.1, 0.2, 0.3, 0.4, 0.5, 0.6, 0.7, 0.8]
times: [130.08, 255.79, 375.35, 501.03, 632.31, 752.39, 877.48, 1009.01]
scores: [0.8323063189622969, 0.7759048213888151, 0.8056011352802199, 0.9015221439112739, 0.8308614127704433, 0.7866675412747524, 0.8538869218623854, 0.8087993379231964]
