training_data_sizes: [0.1, 0.2, 0.3, 0.4]
times: [50.0, 110.0, 177.0, 231.0]
scores: [0.7646699049407653, 0.933525254515823, 0.9127592610774218, 0.8476069006700636]
