training_data_sizes: [0.1, 0.2]
times: [112.0, 232.0]
scores: [0.8510702325780907, 0.769484126879838]
