training_data_sizes: [0.1, 0.2, 0.3, 0.4, 0.5, 0.6, 0.7, 0.8]
times: [90.47, 179.57, 269.61, 359.9, 443.44, 534.08, 613.94, 706.52]
scores: [0.891313222089441, 0.9581890690403937, 1.0, 1.0, 1.0, 1.0, 1.0, 1.0]
