training_data_sizes: [0.1, 0.2, 0.3, 0.4, 0.5, 0.6, 0.7, 0.8, 0.9, 1.0]
times: [4.23, 0.03, 14.05, 20.0, 25.76, 30.82, 35.89, 42.74, 47.9, 54.46]
scores: [0.5248545588425333, 0.530639867274279, 0.5542093178288898, 0.5569471798685826, 0.5727344970303865, 0.565102051548421, 0.5685046981690185, 0.5707546367454435, 0.5809187081637996, 0.5836662543906389]
