training_data_sizes: [0.1, 0.2, 0.3, 0.4, 0.5, 0.6, 0.7]
times: [172.86, 349.09, 522.17, 688.11, 859.02, 1033.7, 1201.73]
scores: [0.7903324513103811, 0.7965683366234859, 0.7780131984382681, 0.7635039852536103, 0.6618103706072076, 0.691391877923985, 0.6321337367034311]
