training_data_sizes: [0.1, 0.2, 0.3, 0.4, 0.5, 0.6, 0.7, 0.8, 0.9, 1.0]
times: [88.18, 186.21, 284.31, 375.69, 475.05, 557.02, 661.92, 757.18, 859.72, 954.78]
scores: [0.6458468829869946, 0.6631530422607723, 0.6715089993197869, 0.6775997746195573, 0.6814677971189224, 0.6854140994739822, 0.6891157134807429, 0.691597912999445, 0.6940190923459054, 0.6963617289661754]
