training_data_sizes: [0.1, 0.2, 0.3, 0.4, 0.5, 0.6, 0.7, 0.8, 0.9]
times: [110.0, 230.0, 353.0, 472.0, 591.0, 715.0, 836.0, 953.0, 1071.0]
scores: [0.5479286280185602, 0.5492806918910992, 0.5850591234932317, 0.658676054403991, 0.6745375731309199, 0.8745741894266725, 0.9654787858748624, 0.869333463312586, 0.9869479052081047]
