training_data_sizes: [0.1, 0.2, 0.3]
times: [308.03, 604.21, 902.74]
scores: [0.8522049873403853, 0.9469564305906482, 0.9561117205176264]
