training_data_sizes: [0.1, 0.2, 0.3, 0.4, 0.5, 0.6, 0.7, 0.8, 0.9]
times: [113.78, 223.94, 336.82, 446.54, 561.57, 667.0, 785.89, 889.64, 1004.72]
scores: [0.9338778027948271, 0.8400433674191179, 0.9305826239879513, 0.8893978952599098, 0.8784860215945127, 0.8594460684751134, 0.8597559165356711, 1.0, 0.9700197387593397]
