training_data_sizes: [0.1, 0.2, 0.3]
times: [236.36, 471.83, 708.89]
scores: [0.7013029537382285, 0.8356425604106551, 0.8077155518286621]
