training_data_sizes: [0.1, 0.2, 0.3, 0.4, 0.5, 0.6, 0.7]
times: [104.54, 209.64, 306.27, 406.55, 503.06, 609.39, 706.65]
scores: [0.9876055270184687, 0.9838247614816891, 1.0, 0.9420329793178343, 0.9668724816393748, 1.0, 1.0]
