training_data_sizes: [0.1, 0.2, 0.3, 0.4]
times: [105.0, 217.0, 321.0, 432.0]
scores: [0.765879494602637, 0.7663402805283324, 0.8654625967316819, 0.9035150581884221]
