training_data_sizes: [0.1, 0.2, 0.3, 0.4, 0.5, 0.6, 0.7, 0.8, 0.9, 1.0]
times: [8.39, 13.73, 19.03, 21.4, 28.51, 29.39, 36.91, 36.85, 42.59, 47.75]
scores: [0.7691963799925674, 0.7689742576188964, 0.7854228553980045, 0.7797337378235564, 0.7823312216243112, 0.781725404972254, 0.7936393401445659, 0.7938620735634133, 0.7952503810886891, 0.797305158513179]
