training_data_sizes: [0.1, 0.2, 0.3, 0.4, 0.5, 0.6, 0.7, 0.8, 0.9]
times: [136.26, 272.38, 400.95, 535.64, 672.81, 802.9, 935.02, 1070.6, 1207.08]
scores: [0.6045706283724233, 0.5306469054176204, 0.6190462373830125, 0.4873101995662641, 0.5176163623432507, 0.6066463561562642, 0.4912263631507137, 0.5575811275326656, 0.5176270068557293]
