training_data_sizes: [0.1, 0.2]
times: [452.94, 907.86]
scores: [0.8750306204017941, 0.8680018255558362]
