training_data_sizes: [0.1, 0.2, 0.3, 0.4, 0.5]
times: [106.0, 213.0, 326.0, 436.0, 541.0]
scores: [0.9506164657087178, 0.9939267554490048, 0.8847896017948935, 1.0, 1.0]
