training_data_sizes: [0.1, 0.2, 0.3]
times: [116.0, 232.0, 357.0]
scores: [0.7844432681556701, 0.8832660034617841, 0.7667172175774217]
