training_data_sizes: [0.1, 0.2, 0.3, 0.4]
times: [203.15, 402.89, 609.17, 809.61]
scores: [0.7773155486258909, 0.7282951739740899, 0.7590683909884373, 0.816990970830948]
