training_data_sizes: [0.1, 0.2, 0.3]
times: [340.29, 667.9, 1007.86]
scores: [0.9351606168964532, 1.0, 0.8738741275278814]
