training_data_sizes: [0.1, 0.2, 0.3]
times: [403.81, 808.15, 1205.71]
scores: [0.5793899110855872, 0.5656208091552746, 0.4908076939096231]
