training_data_sizes: [0.1, 0.2, 0.3, 0.4, 0.5, 0.6]
times: [209.92, 405.86, 604.46, 806.41, 1005.92, 1205.59]
scores: [0.7714736341299415, 0.6249478287819749, 0.8215981194999673, 0.7102225489535381, 0.7791101211637288, 0.8575024557115332]
