training_data_sizes: [0.1, 0.2]
times: [654.46, 1304.19]
scores: [0.9371092569718318, 0.8341177236961451]
