training_data_sizes: [0.1, 0.2, 0.3, 0.4, 0.5, 0.6, 0.7]
times: [135.0, 272.0, 418.0, 554.0, 694.0, 839.0, 975.9999999999999]
scores: [0.8174104602410441, 0.7713400595898217, 0.9728556409286213, 0.9414153698305479, 0.9426496214730211, 0.9957678095946054, 0.9698849055878915]
