training_data_sizes: [0.1, 0.2, 0.3, 0.4, 0.5]
times: [289.86, 560.37, 845.61, 1122.79, 1404.87]
scores: [0.9003570220805029, 0.7717178202760047, 0.7734569288109299, 0.7918810742939815, 0.8626362121323432]
