training_data_sizes: [0.1, 0.2, 0.3, 0.4, 0.5, 0.6, 0.7, 0.8, 0.9]
times: [83.0, 172.0, 269.0, 350.0, 443.0, 530.0, 629.0, 717.0, 800.0]
scores: [0.9680437152867232, 1.0, 0.8892287683623421, 0.868725627773262, 0.954282033368415, 0.9506549777005351, 0.9427150799144219, 1.0, 1.0]
