training_data_sizes: [0.1, 0.2, 0.3, 0.4, 0.5, 0.6, 0.7, 0.8]
times: [152.32, 303.11, 450.52, 608.52, 753.06, 904.28, 1050.93, 1205.23]
scores: [0.6791188474492473, 0.7367183562577408, 0.8195484391544601, 0.730730157541714, 0.8343610292274153, 0.788333463418813, 0.9756122783784944, 0.8952313260079624]
