training_data_sizes: [0.1, 0.2, 0.3, 0.4, 0.5, 0.6, 0.7]
times: [102.0, 215.0, 326.0, 430.0, 543.0, 650.0, 761.0]
scores: [0.9212154773952828, 0.9104529544081597, 1.0, 0.9930265560995534, 1.0, 1.0, 1.0]
