training_data_sizes: [0.1, 0.2, 0.3, 0.4, 0.5, 0.6, 0.7, 0.8, 0.9, 1.0]
times: [135.12, 268.63, 391.73, 523.68, 657.69, 783.62, 910.16, 1049.99, 1173.83, 1302.33]
scores: [0.9088549754802354, 0.8808092467415669, 0.8769845867797198, 0.8971197924091905, 0.996937468168845, 1.0, 1.0, 1.0, 1.0, 1.0]
