training_data_sizes: [0.1, 0.2, 0.3, 0.4, 0.5, 0.6, 0.7, 0.8, 0.9, 1.0]
times: [117.22, 146.11, 158.1, 159.78, 171.7, 172.46, 184.32, 184.82, 196.58, 194.43]
scores: [0.22948090731212933, 0.23603474586256123, 0.23866656831327082, 0.2381956047125804, 0.23757690079526395, 0.23693947607814303, 0.23762340868686183, 0.23660404087963272, 0.23653232039189742, 0.23654935446798775]
