training_data_sizes: [0.1, 0.2, 0.3, 0.4, 0.5, 0.6, 0.7, 0.8]
times: [176.27, 355.74, 534.05, 709.95, 882.8, 1059.29, 1234.57, 1405.37]
scores: [0.8795984228025552, 0.9079960933940857, 1.0, 0.9348983586063755, 1.0, 0.9344330110409493, 0.9428466867000358, 1.0]
