training_data_sizes: [0.1, 0.2, 0.3, 0.4, 0.5, 0.6, 0.7, 0.8, 0.9, 1.0]
times: [139.0, 278.0, 416.0, 551.0, 694.0, 832.0, 970.9999999999999, 1117.0, 1255.0, 1394.0]
scores: [0.8637777885514568, 0.8152047908159967, 0.796058242773507, 0.9464189462711902, 1.0, 1.0, 1.0, 1.0, 1.0, 1.0]
