training_data_sizes: [0.1, 0.2, 0.3, 0.4, 0.5, 0.6, 0.7, 0.8, 0.9, 1.0]
times: [98.23, 180.83, 279.1, 365.49, 455.76, 542.12, 638.01, 726.43, 812.27, 905.52]
scores: [0.7786890923785402, 0.8130586743662906, 1.0, 1.0, 1.0, 1.0, 1.0, 1.0, 1.0, 1.0]
