training_data_sizes: [0.1, 0.2]
times: [653.85, 1308.4]
scores: [0.9817059803107442, 0.9821765614304458]
