training_data_sizes: [0.1, 0.2, 0.3, 0.4, 0.5, 0.6, 0.7, 0.8]
times: [180.97, 359.57, 532.56, 702.39, 879.79, 1055.59, 1229.65, 1401.47]
scores: [0.55556248505103, 0.5184275444263643, 0.6217345897206319, 0.5686423180366104, 0.6144481455507023, 0.7241530283017686, 0.7296358722622822, 0.8998192919007935]
