training_data_sizes: [0.1, 0.2, 0.3, 0.4]
times: [79.0, 153.0, 234.0, 311.0]
scores: [0.5138260040252425, 0.5623681568456106, 0.6480085999222889, 0.5959156682582216]
