training_data_sizes: [0.1, 0.2, 0.3, 0.4, 0.5]
times: [160.19, 329.83, 483.71, 643.33, 801.73]
scores: [0.7125607938979432, 0.6036720909935628, 0.539312866882351, 0.6127571167726024, 0.58067349269546]
