training_data_sizes: [0.1, 0.2, 0.3, 0.4]
times: [71.0, 152.0, 237.0, 312.0]
scores: [0.9806595413935462, 0.9332856163562859, 0.9587752453560199, 1.0]
