training_data_sizes: [0.1, 0.2, 0.3, 0.4, 0.5, 0.6, 0.7, 0.8]
times: [30.0, 70.0, 117.0, 157.0, 199.0, 230.0, 271.0, 310.0]
scores: [0.8113034348929821, 0.877543318010223, 1.0, 1.0, 0.9836837520339401, 1.0, 1.0, 1.0]
