training_data_sizes: [0.1, 0.2, 0.3, 0.4, 0.5, 0.6]
times: [117.0, 233.0, 357.0, 473.0, 594.0, 719.0]
scores: [0.967398529808124, 0.9131904698193434, 0.9936321234957378, 1.0, 0.9566965555822124, 0.9304503039499454]
