training_data_sizes: [0.1, 0.2, 0.3, 0.4, 0.5, 0.6, 0.7, 0.8, 0.9, 1.0]
times: [20.0, 36.2, 55.28, 80.25, 94.83, 116.92, 132.84, 153.3, 174.64, 187.74]
scores: [0.009769450747403097, 0.0042103310186072385, 0.1482102408885324, 0.16888876894621863, 0.1435721565092809, 0.14518144424958623, 0.1200638684941644, 0.10408089213909766, 0.005607172864684706, 0.0025201412801372225]
