training_data_sizes: [0.1, 0.2, 0.3, 0.4, 0.5, 0.6]
times: [83.0, 174.0, 263.0, 357.0, 448.0, 533.0]
scores: [0.8670380157879473, 0.8776879608805195, 0.8515134301916997, 0.950135920437711, 0.9185190806558465, 1.0]
