training_data_sizes: [0.1, 0.2, 0.3, 0.4, 0.5]
times: [120.92, 242.05, 368.5, 489.06, 607.23]
scores: [0.47081666707109693, 0.4947853774265096, 0.47135411275895306, 0.6560455224071253, 0.5529684559353205]
