training_data_sizes: [0.1, 0.2, 0.3, 0.4, 0.5, 0.6, 0.7, 0.8, 0.9]
times: [132.15, 254.03, 368.08, 495.5, 615.56, 738.65, 865.42, 980.89, 1102.6]
scores: [0.9936272435796689, 1.0, 0.9228810396214583, 1.0, 1.0, 1.0, 1.0, 1.0, 1.0]
