training_data_sizes: [0.1, 0.2, 0.3, 0.4, 0.5, 0.6]
times: [123.0, 257.0, 389.0, 513.0, 645.0, 771.0]
scores: [0.9627989262790861, 0.8610309796253875, 0.9054158912402058, 0.9876178223656196, 1.0, 1.0]
