training_data_sizes: [0.1, 0.2]
times: [88.0, 174.0]
scores: [0.5623457906494349, 0.6331884804327694]
