training_data_sizes: [0.1, 0.2, 0.3, 0.4, 0.5, 0.6]
times: [103.0, 212.0, 327.0, 436.0, 544.0, 657.0]
scores: [0.6885834814245766, 0.7011756482541525, 0.6819247538978086, 0.6411566271322261, 0.8327962476383924, 0.8736022371381621]
