training_data_sizes: [0.1, 0.2, 0.3, 0.4, 0.5]
times: [126.0, 258.0, 385.0, 514.0, 646.0]
scores: [0.7391156090637949, 0.7035394607258167, 0.8424795461651093, 0.8174102132028314, 0.8837998627587136]
