training_data_sizes: [0.1, 0.2, 0.3, 0.4, 0.5, 0.6]
times: [135.17, 271.52, 404.86, 538.12, 671.84, 802.97]
scores: [0.921608948273567, 0.9080821890775017, 0.8547944951565982, 0.8692973311353429, 0.9421527739121363, 1.0]
