training_data_sizes: [0.1, 0.2, 0.3, 0.4, 0.5, 0.6]
times: [184.31, 375.12, 550.51, 736.93, 920.55, 1105.37]
scores: [0.8988470332114347, 0.948955854197427, 0.9509872577650266, 0.7795622997805456, 0.8635762556901467, 0.8151268852214396]
