training_data_sizes: [0.1, 0.2, 0.3, 0.4, 0.5]
times: [76.0, 158.0, 236.0, 312.0, 397.0]
scores: [0.8737506730317033, 0.8794355516171332, 1.0, 0.9384224634327835, 1.0]
