training_data_sizes: [0.1, 0.2, 0.3]
times: [338.32, 667.54, 1004.07]
scores: [0.8060230920072293, 0.957063687564033, 0.9043726961431766]
