training_data_sizes: [0.1, 0.2]
times: [4.0, 15.0]
scores: [0.46302618729923595, 0.45941178476480915]
