training_data_sizes: [0.1, 0.2, 0.3, 0.4, 0.5, 0.6]
times: [136.89, 266.94, 403.7, 539.35, 667.54, 809.5]
scores: [1.0, 1.0, 1.0, 0.9230913420373982, 1.0, 0.9547379375133904]
