training_data_sizes: [0.1, 0.2, 0.3, 0.4, 0.5, 0.6, 0.7, 0.8]
times: [143.35, 284.78, 415.15, 558.04, 695.58, 832.44, 971.15, 1102.96]
scores: [0.6791281555221307, 0.7257602451428975, 0.6245814400213222, 0.7540408479254954, 0.8565906218372964, 0.823155098320959, 0.8098711631097041, 0.9778997689803308]
