training_data_sizes: [0.1, 0.2, 0.3, 0.4, 0.5, 0.6, 0.7, 0.8, 0.9, 1.0]
times: [4.2, 6.89, 9.46, 11.16, 13.12, 15.08, 18.44, 19.64, 22.36, 24.73]
scores: [0.2511353085819965, 0.27213953929203616, 0.29525253583483213, 0.3241656569178139, 0.31515831363978486, 0.3146654753333655, 0.30815936283146445, 0.31256647016295713, 0.3071915584295425, 0.30959621978679724]
