training_data_sizes: [0.1, 0.2, 0.3, 0.4, 0.5]
times: [265.66, 527.56, 787.49, 1048.88, 1303.15]
scores: [0.8466273186195413, 0.9187813651222958, 0.9873021789193154, 0.925325889079433, 1.0]
