training_data_sizes: [0.1, 0.2, 0.3, 0.4, 0.5, 0.6, 0.7, 0.8, 0.9]
times: [165.46, 314.87, 473.58, 626.92, 785.71, 936.01, 1095.54, 1246.97, 1404.32]
scores: [0.9543434290196322, 0.8174810780586597, 0.8195906626971232, 0.9566341400209912, 0.9674124520514661, 0.8931755400596815, 0.8161194970765372, 0.8745093501031072, 0.9086884124962222]
