training_data_sizes: [0.1, 0.2, 0.3, 0.4, 0.5, 0.6, 0.7]
times: [78.0, 157.0, 230.0, 312.0, 396.0, 474.0, 557.0]
scores: [0.7869240116909031, 0.8252547856872299, 0.7921399336928231, 0.8050631146413083, 0.7788001956030732, 0.9847032705883357, 0.8743093218426587]
