training_data_sizes: [0.1, 0.2, 0.3, 0.4, 0.5, 0.6, 0.7, 0.8]
times: [41.0, 99.0, 146.0, 191.0, 242.0, 296.0, 345.0, 390.0]
scores: [0.9200449683621358, 0.944579021146914, 0.9143594257280654, 0.8793752482738806, 0.8327084742851787, 0.9372974157796794, 1.0, 1.0]
