training_data_sizes: [0.1, 0.2, 0.3, 0.4, 0.5, 0.6, 0.7, 0.8, 0.9]
times: [60.0, 136.0, 203.0, 270.0, 342.0, 411.0, 485.99999999999994, 558.0, 621.0]
scores: [0.8671457536445674, 0.9316806141549137, 0.9489688493303567, 0.7725428852949563, 0.8302855831631022, 0.8596555530209207, 0.8951927843101912, 0.9066489403278843, 0.7275071180171162]
