training_data_sizes: [0.1, 0.2, 0.3, 0.4, 0.5, 0.6, 0.7, 0.8]
times: [139.48, 283.39, 416.0, 554.82, 692.43, 827.45, 966.68, 1104.3]
scores: [0.9392967421614871, 1.0, 1.0, 0.9600456790294907, 1.0, 1.0, 1.0, 1.0]
