training_data_sizes: [0.1, 0.2, 0.3, 0.4, 0.5]
times: [129.0, 252.0, 381.0, 510.0, 646.0]
scores: [0.615941803767641, 0.5504714730527314, 0.6177108575789299, 0.7569450490243981, 0.7805731524762376]
