training_data_sizes: [0.1, 0.2, 0.3, 0.4, 0.5, 0.6]
times: [5.0, 14.0, 28.0, 38.0, 45.0, 50.0]
scores: [0.9057241537173177, 0.980712604696972, 0.8509074897745562, 1.0, 0.9782605363981074, 0.9087945470856]
