training_data_sizes: [0.1, 0.2, 0.3, 0.4, 0.5, 0.6, 0.7, 0.8]
times: [108.0, 212.0, 326.0, 434.0, 547.0, 658.0, 760.0, 874.0]
scores: [0.8605215934087005, 0.9220951686631791, 0.8300190375321681, 0.9046302308002674, 0.811442269398998, 0.9671552291961212, 0.937637824048702, 0.8977388167463722]
