training_data_sizes: [0.1, 0.2, 0.3, 0.4, 0.5]
times: [105.16, 254.07, 442.75, 659.74, 930.34]
scores: [0.37001519310756925, 0.3871316437639529, 0.3990683430749131, 0.41604900684944673, 0.4225175396411123]
