training_data_sizes: [0.1, 0.2, 0.3, 0.4, 0.5, 0.6]
times: [72.0, 151.0, 235.0, 315.0, 395.0, 478.0]
scores: [0.9938020889597167, 0.8732288939128546, 0.8979895274618511, 0.9899311454714037, 1.0, 1.0]
