training_data_sizes: [0.1, 0.2, 0.3, 0.4, 0.5, 0.6, 0.7, 0.8, 0.9, 1.0]
times: [56.89, 97.79, 115.42, 125.08, 153.69, 268.36, 276.63, 363.53, 349.05, 366.81]
scores: [0.9997962437227776, 0.9998334998359978, 0.999867879525361, 0.9997058117538135, 0.9998556639626955, 0.9998742545275338, 0.9996656875960134, 0.9998616785682042, 0.9998420158705841, 0.9997506016767636]
