training_data_sizes: [0.1, 0.2, 0.3, 0.4, 0.5, 0.6, 0.7, 0.8, 0.9, 1.0]
times: [114.53, 163.03, 248.83, 319.2, 379.6, 442.87, 468.76, 578.77, 653.3, 863.57]
scores: [0.9922132154724029, 0.985898701686392, 0.9873855390557377, 0.9845433930383215, 0.9850067861579687, 0.9837762581727644, 0.982743496889654, 0.979273969340473, 0.9756133503408979, 0.9706353327745764]
