training_data_sizes: [0.1, 0.2, 0.3, 0.4]
times: [356.88, 709.5, 1050.22, 1405.12]
scores: [0.5549612620697435, 0.6857126452895347, 0.7219707692751527, 0.6181937022210169]
