training_data_sizes: [0.1, 0.2, 0.3, 0.4, 0.5, 0.6, 0.7, 0.8, 0.9, 1.0]
times: [136.2, 269.62, 392.02, 523.5, 651.72, 781.8, 919.74, 1045.86, 1177.63, 1305.06]
scores: [0.8155661537443462, 0.8986209990382528, 0.9599517919869276, 1.0, 0.9487451546113762, 1.0, 0.9520068301615604, 0.9528874860945082, 1.0, 1.0]
