training_data_sizes: [0.1, 0.2, 0.3, 0.4, 0.5, 0.6, 0.7, 0.8, 0.9, 1.0]
times: [166.41, 307.43, 382.74, 461.17, 542.56, 610.97, 694.89, 768.06, 852.71, 913.61]
scores: [1.0, 1.0, 0.9999999854319832, 0.9999994126732867, 0.9999969800713064, 0.999989498032944, 0.9999508475691328, 0.9994550274039447, 0.9989219110101137, 0.9985605612638948]
