training_data_sizes: [0.1, 0.2, 0.3, 0.4]
times: [300.94, 602.72, 900.18, 1209.91]
scores: [0.9591890955587714, 0.8676986463414277, 1.0, 0.9766839909127925]
