training_data_sizes: [0.1, 0.2, 0.3, 0.4, 0.5, 0.6, 0.7, 0.8, 0.9]
times: [125.88, 254.14, 374.9, 495.3, 617.63, 738.45, 857.92, 980.6, 1106.47]
scores: [0.8351182563395826, 0.8572953087530123, 0.8797160580164411, 0.9005694498278349, 1.0, 0.9283253853653142, 0.9513470930743546, 0.9395408184054179, 1.0]
