training_data_sizes: [0.1, 0.2, 0.3, 0.4, 0.5]
times: [142.86, 284.98, 420.28, 562.22, 709.81]
scores: [0.6620503660272219, 0.7788682767645835, 0.7683843119437572, 0.8665137003431547, 1.0]
