training_data_sizes: [0.1, 0.2, 0.3, 0.4, 0.5]
times: [264.28, 524.05, 788.5, 1042.79, 1306.17]
scores: [0.7605415899565362, 0.9077908005904868, 0.9608121711333665, 0.9101442964484172, 1.0]
