training_data_sizes: [0.1, 0.2, 0.3, 0.4]
times: [19.0, 32.0, 55.0, 79.0]
scores: [0.6800937995314706, 0.6229896399748667, 0.7035981483285743, 0.7323178628306739]
