training_data_sizes: [0.1, 0.2]
times: [23.0, 50.0]
scores: [0.6648400703217513, 0.7083824345327698]
