training_data_sizes: [0.1, 0.2, 0.3, 0.4, 0.5]
times: [165.41, 322.62, 483.6, 641.25, 807.67]
scores: [0.728676602623284, 0.8688758340345832, 0.8273284112809929, 0.8052329882473254, 0.9946291567483765]
