training_data_sizes: [0.1, 0.2, 0.3, 0.4]
times: [114.0, 239.0, 357.0, 473.0]
scores: [0.8524821111082161, 0.8828136637410463, 0.9120783772877397, 0.7282452352260795]
