training_data_sizes: [0.1, 0.2, 0.3, 0.4, 0.5, 0.6, 0.7, 0.8, 0.9, 1.0]
times: [133.02, 261.7, 391.7, 521.34, 658.25, 786.42, 915.07, 1044.45, 1176.38, 1300.74]
scores: [0.8433421397793779, 0.7549836603076696, 0.832864422691626, 0.9077757523407183, 0.9323565357909627, 0.9261049855497011, 1.0, 1.0, 1.0, 1.0]
