training_data_sizes: [0.1, 0.2, 0.3, 0.4, 0.5, 0.6, 0.7, 0.8]
times: [112.0, 235.0, 352.0, 478.0, 598.0, 719.0, 832.0, 957.0]
scores: [0.5943751334590529, 0.8138711891408263, 0.69132175878431, 0.9280441435871607, 0.874498124156663, 1.0, 1.0, 1.0]
