training_data_sizes: [0.1, 0.2, 0.3, 0.4, 0.5, 0.6, 0.7, 0.8, 0.9, 1.0]
times: [4.14, 6.23, 7.78, 9.16, 10.49, 11.75, 13.37, 14.24, 15.55, 17.18]
scores: [0.8764946944793643, 0.8393880771759463, 0.8336266234808436, 0.8233707271513413, 0.8190304085048048, 0.8033774105651823, 0.7947149696756666, 0.7831307990092911, 0.7806736426989762, 0.7719961564191342]
