training_data_sizes: [0.1, 0.2, 0.3, 0.4]
times: [277.38, 555.35, 831.24, 1102.39]
scores: [0.7267846488351658, 0.879185094720037, 0.8956577443700591, 0.8345362785175847]
