training_data_sizes: [0.1, 0.2, 0.3, 0.4, 0.5, 0.6]
times: [103.0, 213.0, 326.0, 431.0, 543.0, 653.0]
scores: [0.8392638394776647, 0.7332196652661878, 0.7383441794578215, 0.8751404324711353, 0.885113938742313, 1.0]
