training_data_sizes: [0.1, 0.2, 0.3]
times: [373.51, 743.19, 1108.91]
scores: [0.7041310281481814, 0.812416612830631, 0.931862374549792]
