training_data_sizes: [0.1, 0.2, 0.3, 0.4]
times: [177.02, 356.6, 533.52, 707.03]
scores: [0.6028962027558655, 0.5931639158738027, 0.5574653204581003, 0.5564978643182504]
