training_data_sizes: [0.1, 0.2, 0.3, 0.4, 0.5, 0.6, 0.7]
times: [95.0, 194.0, 296.0, 390.0, 492.0, 595.0, 692.0]
scores: [1.0, 0.9225782437472776, 0.9391120394452146, 0.9788941984686489, 1.0, 1.0, 1.0]
