training_data_sizes: [0.1, 0.2, 0.3, 0.4, 0.5, 0.6]
times: [7.0, 19.0, 22.0, 32.0, 43.0, 54.0]
scores: [0.941066739655378, 0.9304026371303861, 0.9229776405066561, 0.8469968907207475, 0.8224278096555342, 0.9764410026795026]
