training_data_sizes: [0.1, 0.2]
times: [29.0, 58.0]
scores: [0.6454088845904206, 0.7302814820663353]
