training_data_sizes: [0.1, 0.2, 0.3, 0.4]
times: [79.0, 155.0, 231.0, 310.0]
scores: [0.6676031495980286, 0.8258702097278696, 0.8806200076453355, 0.9725506785846385]
