training_data_sizes: [0.1, 0.2, 0.3, 0.4]
times: [51.0, 119.0, 172.0, 236.0]
scores: [0.6273965345153287, 0.7413377535092731, 0.6626149936788994, 0.655477088963448]
