training_data_sizes: [0.1, 0.2, 0.3]
times: [108.0, 213.0, 321.0]
scores: [0.9345253251151462, 0.8178578877928402, 0.9800190859192244]
