training_data_sizes: [0.1, 0.2, 0.3, 0.4, 0.5, 0.6, 0.7, 0.8, 0.9, 1.0]
times: [75.0, 156.0, 236.0, 319.0, 393.0, 474.0, 557.0, 632.0, 719.0, 791.0]
scores: [0.7390269008177814, 0.7873171714909006, 0.9908608813997735, 0.9836504019552028, 0.8946583305097108, 1.0, 1.0, 1.0, 1.0, 1.0]
