training_data_sizes: [0.1, 0.2, 0.3, 0.4, 0.5]
times: [241.62, 485.2, 727.26, 969.39, 1209.54]
scores: [0.9251759683973106, 0.8916766377761807, 0.9117546629227384, 0.8984538734200598, 0.9948776993009649]
