training_data_sizes: [0.1, 0.2, 0.3, 0.4, 0.5]
times: [267.74, 523.56, 784.68, 1040.75, 1300.44]
scores: [0.9298152957797925, 0.8397876484246484, 1.0, 0.9117872468591992, 0.950058414210419]
