training_data_sizes: [0.1, 0.2, 0.3]
times: [273.35, 540.25, 803.17]
scores: [0.8290226997568346, 0.9984310523857614, 0.9771601242244523]
