training_data_sizes: [0.1, 0.2, 0.3]
times: [335.32, 674.99, 1001.9]
scores: [0.798265994427389, 0.7855029639877282, 0.8626894399478555]
