training_data_sizes: [0.1, 0.2, 0.3, 0.4, 0.5, 0.6]
times: [137.02, 273.41, 405.07, 537.95, 673.39, 804.78]
scores: [0.8940837909412025, 1.0, 0.8971997526594173, 0.9910776867622222, 1.0, 0.9989733511539838]
