training_data_sizes: [0.1, 0.2, 0.3, 0.4, 0.5, 0.6, 0.7, 0.8, 0.9]
times: [146.48, 296.64, 436.88, 584.35, 731.78, 871.85, 1015.68, 1156.9, 1304.56]
scores: [0.9388185652713779, 0.9119753238235948, 0.8899929450409334, 0.9611935682203723, 0.9673865216089439, 1.0, 1.0, 1.0, 0.9022647958345533]
