training_data_sizes: [0.1, 0.2, 0.3, 0.4, 0.5, 0.6, 0.7, 0.8]
times: [17.0, 38.0, 53.0, 75.0, 99.0, 112.0, 136.0, 154.0]
scores: [0.46466750282005953, 0.6317620895214485, 0.5699524766300181, 0.5860094431316657, 0.7309873897873675, 0.6735498399860818, 0.8916685788013544, 0.8086061894040748]
