training_data_sizes: [0.1, 0.2, 0.3, 0.4, 0.5, 0.6, 0.7, 0.8, 0.9]
times: [20.0, 58.0, 84.0, 112.0, 144.0, 177.0, 202.0, 232.0, 267.0]
scores: [0.9196019915915086, 0.9557428269657915, 0.9808185274146304, 0.977775631119147, 1.0, 1.0, 0.9804966281975662, 1.0, 1.0]
