training_data_sizes: [0.1, 0.2, 0.3, 0.4, 0.5, 0.6, 0.7]
times: [190.29, 379.49, 558.74, 752.73, 929.46, 1119.86, 1302.74]
scores: [0.8643610586807322, 0.8143370943203363, 0.9418064148789791, 0.9142956239273832, 0.8812463674169844, 0.8296910720003277, 0.9875266429757175]
