training_data_sizes: [0.1, 0.2, 0.3, 0.4, 0.5, 0.6, 0.7]
times: [164.78, 320.55, 475.88, 630.72, 793.61, 944.6, 1100.34]
scores: [0.8591816986137717, 0.8780324712159702, 0.828616217674121, 0.8665777478992263, 0.8026253289452825, 0.95164792906274, 0.8418017462234637]
