training_data_sizes: [0.1, 0.2, 0.3, 0.4, 0.5, 0.6, 0.7]
times: [115.39, 235.88, 352.28, 463.49, 574.31, 689.22, 805.82]
scores: [0.7041685435206904, 0.6902351530507109, 0.6840765092213381, 0.7006327394714345, 0.7720481571532227, 0.8666953797099249, 0.8521959304812827]
