training_data_sizes: [0.1, 0.2, 0.3, 0.4]
times: [44.0, 95.0, 145.0, 198.0]
scores: [0.9597851190711365, 0.8799510339715577, 0.8843807124035816, 0.952322669075049]
