training_data_sizes: [0.1, 0.2, 0.3, 0.4, 0.5, 0.6, 0.7, 0.8, 0.9, 1.0]
times: [28.34, 113.98, 186.76, 239.94, 304.63, 358.81, 421.57, 473.77, 542.53, 599.92]
scores: [1.0, 1.0, 1.0, 0.9344974200734725, 0.8745560405546499, 0.7976362674221879, 0.8184792359125446, 0.7457597297682678, 0.7470701863956672, 0.7291596990890349]
