training_data_sizes: [0.1, 0.2, 0.3, 0.4]
times: [209.81, 404.1, 604.76, 804.92]
scores: [0.8478092093528091, 0.7615208872934184, 0.9382770280708201, 0.8682839499015362]
