training_data_sizes: [0.1, 0.2, 0.3, 0.4, 0.5, 0.6, 0.7, 0.8]
times: [67.0, 133.0, 202.0, 279.0, 342.0, 416.0, 482.99999999999994, 557.0]
scores: [0.6610525451626519, 0.7145213599503146, 0.8444285520164243, 0.9226054649625081, 0.9449137729101522, 0.9771268891016693, 0.9998462737579673, 1.0]
