training_data_sizes: [0.1, 0.2, 0.3, 0.4, 0.5, 0.6, 0.7]
times: [143.39, 287.78, 435.03, 573.96, 718.36, 862.63, 1008.63]
scores: [0.8328381009022631, 0.7941118881075339, 0.8154340955191818, 0.9119245758706165, 0.9742525595819588, 1.0, 1.0]
