training_data_sizes: [0.1, 0.2, 0.3]
times: [234.89, 474.56, 700.95]
scores: [0.8518025767597097, 0.7828235099582623, 0.7843243541574243]
