training_data_sizes: [0.1, 0.2, 0.3, 0.4, 0.5, 0.6]
times: [48.0, 96.0, 142.0, 194.0, 244.0, 291.0]
scores: [0.8010512601204907, 0.78067182557486, 0.8237581631468386, 0.7731736511420753, 0.772743733628535, 0.8050831430644689]
