training_data_sizes: [0.1, 0.2, 0.3, 0.4, 0.5, 0.6]
times: [51.0, 110.0, 174.0, 239.0, 298.0, 358.0]
scores: [1.0, 0.9439098816825255, 0.904356422220189, 0.9803004441418037, 0.9949462846402601, 0.9763257384556261]
