training_data_sizes: [0.1, 0.2, 0.3, 0.4, 0.5]
times: [36.0, 78.0, 117.0, 158.0, 190.0]
scores: [0.9904775649481914, 0.9220252296292992, 0.9845256654736587, 0.9578000115285864, 0.9486441451614377]
