training_data_sizes: [0.1, 0.2, 0.3, 0.4, 0.5, 0.6, 0.7, 0.8, 0.9, 1.0]
times: [101.0, 217.0, 324.0, 437.0, 542.0, 654.0, 769.0, 874.0, 981.0, 1099.0]
scores: [0.7945205457665447, 0.7575928261928394, 0.7780962514925707, 0.8929317876730851, 0.8897068823706962, 0.7678439058952629, 0.8794776651815106, 0.9749439589063182, 0.8728967615743238, 0.8432733178644283]
