training_data_sizes: [0.1, 0.2, 0.3]
times: [469.98, 942.16, 1402.34]
scores: [0.7407558864998764, 0.8602886118055284, 0.8368473898447225]
