training_data_sizes: [0.1, 0.2, 0.3, 0.4, 0.5, 0.6, 0.7, 0.8, 0.9, 1.0]
times: [139.0, 274.0, 410.0, 552.0, 690.0, 837.0, 973.9999999999999, 1114.0, 1255.0, 1397.0]
scores: [1.0, 0.9796716004248796, 1.0, 0.9341717631959023, 0.9503597821752277, 1.0, 1.0, 1.0, 1.0, 1.0]
