training_data_sizes: [0.1, 0.2]
times: [308.03, 607.81]
scores: [0.5111511966832546, 0.6555466665444729]
