training_data_sizes: [0.1, 0.2, 0.3, 0.4, 0.5, 0.6, 0.7, 0.8, 0.9, 1.0]
times: [105.54, 208.29, 304.76, 401.7, 504.92, 600.41, 702.65, 802.34, 902.66, 1006.23]
scores: [0.9387723562501012, 0.9634883106980816, 0.854295626108793, 1.0, 1.0, 1.0, 1.0, 1.0, 1.0, 1.0]
