training_data_sizes: [0.1, 0.2, 0.3, 0.4]
times: [358.09, 706.36, 1050.54, 1409.27]
scores: [0.9430019755588148, 0.7991504814528656, 0.8648024565062613, 0.938581645242605]
