training_data_sizes: [0.1, 0.2, 0.3, 0.4, 0.5, 0.6, 0.7]
times: [31.0, 79.0, 112.0, 150.0, 198.0, 232.0, 277.0]
scores: [0.89990343994934, 0.8553298672746751, 0.8844317440603857, 0.8631011668794931, 0.8628875865282375, 0.9817502232698945, 0.9511300830694972]
