training_data_sizes: [0.1, 0.2, 0.3, 0.4]
times: [157.06, 303.69, 456.79, 604.98]
scores: [0.9121977811720631, 0.9993825154810799, 1.0, 1.0]
