training_data_sizes: [0.1, 0.2, 0.3, 0.4, 0.5]
times: [203.28, 403.13, 609.88, 805.65, 1009.8]
scores: [0.9808978650141135, 1.0, 0.94731226090381, 1.0, 1.0]
