training_data_sizes: [0.1, 0.2, 0.3, 0.4, 0.5]
times: [114.0, 237.0, 358.0, 478.0, 597.0]
scores: [0.7827849297442492, 0.8174134800434104, 0.9554751069333955, 0.9162764020763767, 0.9120016738504273]
