training_data_sizes: [0.1, 0.2, 0.3, 0.4, 0.5, 0.6, 0.7, 0.8, 0.9, 1.0]
times: [106.56, 204.46, 306.88, 404.55, 505.01, 602.7, 704.26, 806.16, 904.58, 1009.66]
scores: [0.8826100129942791, 0.854499082835741, 1.0, 1.0, 1.0, 0.9231048520013317, 0.9530210674051236, 1.0, 1.0, 1.0]
