training_data_sizes: [0.1, 0.2]
times: [404.21, 801.53]
scores: [0.8425768711790071, 0.8908321903080475]
