training_data_sizes: [0.1, 0.2, 0.3, 0.4, 0.5, 0.6, 0.7, 0.8, 0.9, 1.0]
times: [4.11, 7.57, 10.59, 14.59, 18.1, 21.05, 24.62, 27.26, 31.11, 34.38]
scores: [1.0, 1.0, 1.0, 1.0, 0.9828716863563449, 0.9876824477632158, 0.9738167583696038, 0.9405535485646563, 0.9414899521340261, 0.9473067915690865]
