training_data_sizes: [0.1, 0.2, 0.3, 0.4, 0.5, 0.6, 0.7, 0.8, 0.9, 1.0]
times: [87.32, 169.35, 242.62, 324.49, 401.33, 483.02, 565.68, 641.15, 728.95, 805.18]
scores: [0.9554860358148232, 0.8237510290262642, 0.8659642061506392, 0.9448380267984073, 1.0, 0.9865457600443561, 0.9158057139627023, 0.8925308459444281, 0.9516008740603734, 0.9473349229828534]
