training_data_sizes: [0.1, 0.2, 0.3, 0.4, 0.5, 0.6, 0.7, 0.8, 0.9, 1.0]
times: [95.88, 189.3, 285.14, 385.69, 490.08, 593.89, 703.69, 807.28, 915.95, 1035.89]
scores: [0.6456515518860734, 0.6628689390786194, 0.6711678162157859, 0.6772818719286552, 0.6812946287189989, 0.6851311773889911, 0.6888542446721605, 0.6912285746746532, 0.6937132171534456, 0.6960435520404802]
