training_data_sizes: [0.1, 0.2, 0.3, 0.4]
times: [307.03, 600.27, 903.59, 1208.79]
scores: [0.7556216137973804, 0.6916218981404276, 0.5623683234352728, 0.617028273417189]
