training_data_sizes: [0.1, 0.2, 0.3, 0.4, 0.5, 0.6, 0.7]
times: [160.86, 322.43, 481.32, 630.37, 787.52, 944.54, 1100.41]
scores: [0.7147462238590551, 0.6730739577409113, 0.6712440071550736, 0.5605186165517861, 0.619730281951881, 0.5938851418682971, 0.6062078788571645]
