training_data_sizes: [0.1, 0.2, 0.3, 0.4, 0.5, 0.6, 0.7, 0.8, 0.9]
times: [72.0, 151.0, 230.0, 314.0, 395.0, 477.0, 553.0, 638.0, 715.0]
scores: [0.7659026849680468, 0.7428601356195716, 0.9312954894595098, 0.9894540220080438, 0.9260062486813377, 1.0, 1.0, 1.0, 1.0]
