training_data_sizes: [0.1, 0.2, 0.3]
times: [20.0, 53.0, 84.0]
scores: [0.6067715269093004, 0.43147274483451464, 0.46700935075987343]
