training_data_sizes: [0.1, 0.2]
times: [355.4, 704.74]
scores: [0.7556549535585924, 0.9422530282765724]
