training_data_sizes: [0.1, 0.2, 0.3, 0.4, 0.5, 0.6, 0.7, 0.8, 0.9, 1.0]
times: [55.47, 88.62, 108.29, 129.41, 148.46, 151.74, 181.95, 194.0, 209.95, 229.58]
scores: [0.8852291546207082, 0.7061255165631223, 0.6013507497625507, 0.5427570404309578, 0.5029283146208888, 0.4709439172214452, 0.45897719526697583, 0.4407758620788993, 0.43609038539432926, 0.4276482625013168]
