training_data_sizes: [0.1, 0.2, 0.3, 0.4, 0.5, 0.6, 0.7, 0.8, 0.9, 1.0]
times: [132.13, 260.9, 398.5, 520.66, 656.04, 783.06, 915.32, 1046.41, 1178.57, 1304.77]
scores: [0.9468509134008883, 0.9858053496428407, 0.912177291389032, 0.9756433637432358, 0.8711270473441515, 0.9059718794959402, 1.0, 0.9544994037635464, 1.0, 0.9582310060565237]
