training_data_sizes: [0.1, 0.2, 0.3, 0.4]
times: [125.0, 258.0, 380.0, 511.0]
scores: [0.7855477247308353, 0.8062308592381493, 0.9244056056705527, 0.911847357695226]
