training_data_sizes: [0.1, 0.2, 0.3]
times: [471.0, 936.04, 1402.76]
scores: [0.6775656336578938, 0.6795623578304695, 0.7625708544656571]
