training_data_sizes: [0.1, 0.2, 0.3, 0.4, 0.5, 0.6, 0.7, 0.8, 0.9, 1.0]
times: [39.3, 88.08, 152.25, 224.52, 330.98, 451.82, 569.96, 713.45, 941.33, 1132.61]
scores: [0.5884402355377027, 0.5974399406887873, 0.6015937686059737, 0.6115961234731518, 0.6169989337199403, 0.6208168828850347, 0.6311840462877273, 0.6374123182520355, 0.643697692696653, 0.6454093220090124]
