training_data_sizes: [0.1, 0.2, 0.3, 0.4, 0.5, 0.6, 0.7, 0.8]
times: [180.97, 354.31, 527.08, 708.67, 877.13, 1059.3, 1225.68, 1406.39]
scores: [0.6264758140733284, 0.6870751668080305, 0.7987306781725063, 0.8526922482283539, 0.9154516219315982, 0.9408688619583521, 0.9947365202501322, 0.9920751953053241]
