training_data_sizes: [0.1, 0.2, 0.3, 0.4, 0.5, 0.6, 0.7, 0.8, 0.9]
times: [4.0, 11.0, 22.0, 38.0, 41.0, 56.0, 64.0, 78.0, 82.0]
scores: [0.8286619122693487, 0.7634692589154493, 0.7434195469849985, 0.8542165383842315, 0.7605302537652425, 0.7227851158761757, 0.7364143294249885, 0.6513873238383568, 0.634789915757044]
