training_data_sizes: [0.1, 0.2]
times: [308.48, 608.35]
scores: [0.8658538065693004, 0.9379997810968121]
