training_data_sizes: [0.1, 0.2, 0.3, 0.4, 0.5, 0.6]
times: [138.65, 272.23, 408.63, 536.02, 666.83, 802.91]
scores: [0.950121023720794, 0.8542296867771724, 0.8641451755956467, 0.9848938666186242, 1.0, 1.0]
