training_data_sizes: [0.1, 0.2]
times: [100.0, 214.0]
scores: [0.7957510468307797, 0.9096519809753845]
