training_data_sizes: [0.1, 0.2, 0.3, 0.4, 0.5, 0.6, 0.7, 0.8, 0.9, 1.0]
times: [28.35, 47.69, 65.66, 91.62, 101.9, 121.32, 137.72, 160.51, 173.44, 193.13]
scores: [0.3524669894643901, 0.3114059731564848, 0.29984276654164377, 0.2865992225526542, 0.28458464069345096, 0.2787301030469664, 0.2754207362741643, 0.2803790413745239, 0.27430086895857453, 0.27744733497903623]
