training_data_sizes: [0.1, 0.2, 0.3, 0.4, 0.5, 0.6]
times: [176.41, 338.0, 506.31, 667.86, 840.68, 1001.92]
scores: [0.7167472268964282, 0.6718001124731339, 0.8562090734933372, 0.8756733403781483, 0.9027321988633783, 0.9369755394952137]
