training_data_sizes: [0.1, 0.2, 0.3, 0.4, 0.5, 0.6, 0.7, 0.8, 0.9, 1.0]
times: [49.0, 98.0, 146.0, 195.0, 241.0, 290.0, 343.0, 399.0, 448.0, 498.0]
scores: [0.7169379816273005, 0.8881637839900562, 0.9844674909175177, 0.8728025390298286, 1.0, 1.0, 1.0, 1.0, 1.0, 1.0]
