training_data_sizes: [0.1, 0.2, 0.3, 0.4, 0.5, 0.6, 0.7, 0.8]
times: [165.97, 332.25, 491.27, 654.13, 814.28, 977.7, 1140.83, 1307.97]
scores: [0.8672837043628399, 0.8375337436873121, 0.9340522326434559, 0.9342435459706935, 0.824714136765792, 1.0, 0.9559319808067832, 0.8983122518488534]
