training_data_sizes: [0.1, 0.2, 0.3, 0.4, 0.5, 0.6, 0.7, 0.8]
times: [52.0, 115.0, 172.0, 236.0, 298.0, 356.0, 419.0, 470.0]
scores: [0.9144398301981734, 0.9542459722706493, 1.0, 1.0, 1.0, 1.0, 1.0, 1.0]
