training_data_sizes: [0.1, 0.2, 0.3, 0.4, 0.5, 0.6]
times: [207.6, 400.91, 604.63, 808.1, 1002.87, 1209.51]
scores: [0.6439381375409343, 0.5550891098276298, 0.6142723567102328, 0.5413032218729874, 0.6343386336984109, 0.538002881555281]
