training_data_sizes: [0.1, 0.2, 0.3, 0.4]
times: [158.83, 305.22, 452.56, 605.31]
scores: [0.7933314210058122, 0.6748916671912739, 0.7097613515770095, 0.7027751529930852]
