training_data_sizes: [0.1, 0.2]
times: [76.0, 150.0]
scores: [0.8877648786668129, 0.8216552983013907]
