training_data_sizes: [0.1, 0.2]
times: [400.2, 805.79]
scores: [0.6204520792355173, 0.7968430588360704]
