training_data_sizes: [0.1, 0.2, 0.3, 0.4, 0.5, 0.6, 0.7, 0.8, 0.9]
times: [7.0, 19.0, 21.0, 32.0, 48.0, 51.0, 64.0, 72.0, 89.0]
scores: [0.9810140525168343, 0.8424765852286411, 0.8883007415418751, 0.8759116106594442, 1.0, 1.0, 1.0, 1.0, 1.0]
