training_data_sizes: [0.1, 0.2, 0.3, 0.4, 0.5, 0.6, 0.7, 0.8, 0.9]
times: [82.61, 161.29, 242.66, 311.22, 389.92, 467.83, 550.51, 624.43, 706.72]
scores: [0.8705474471603882, 0.8960959975055485, 0.9497419519474739, 0.9568364104467255, 0.8415322409784833, 0.9263362368890591, 0.860357959344466, 0.9158594894382663, 0.8810811956619369]
