training_data_sizes: [0.1, 0.2]
times: [82.0, 178.0]
scores: [0.7399138813071464, 0.853652287688222]
