training_data_sizes: [0.1, 0.2, 0.3, 0.4, 0.5, 0.6, 0.7, 0.8]
times: [184.23, 357.59, 534.52, 709.28, 875.65, 1056.66, 1230.48, 1402.7]
scores: [0.8391423351408296, 0.7891329723529668, 0.7973661475579749, 0.864276930422528, 0.8692234750010693, 1.0, 0.9507762732742181, 1.0]
