training_data_sizes: [0.1, 0.2, 0.3, 0.4, 0.5, 0.6, 0.7]
times: [207.06, 408.05, 605.73, 808.58, 1001.22, 1209.25, 1403.52]
scores: [0.9462218212190996, 0.8542972519063741, 0.7859640438035207, 0.7900848192139894, 0.9842255246586428, 0.9734874183208085, 0.903047510539182]
