training_data_sizes: [0.1, 0.2, 0.3, 0.4, 0.5, 0.6, 0.7]
times: [162.15, 318.28, 473.56, 633.72, 788.87, 947.86, 1109.02]
scores: [0.9738876346154097, 0.9580429422866071, 0.8734202046795054, 0.9110479996407232, 0.9834541968275676, 0.8966652575377582, 0.9614882168561566]
