training_data_sizes: [0.1, 0.2, 0.3, 0.4, 0.5]
times: [281.53, 563.86, 847.45, 1120.71, 1402.86]
scores: [0.8153451400853675, 0.8783559949236686, 0.8589982924128059, 0.9222994441658818, 0.8554505985799674]
