training_data_sizes: [0.1, 0.2, 0.3, 0.4, 0.5]
times: [206.06, 400.98, 602.77, 802.1, 1001.01]
scores: [0.9776018658520297, 1.0, 1.0, 1.0, 0.9783330409561837]
