training_data_sizes: [0.1, 0.2, 0.3, 0.4, 0.5, 0.6, 0.7, 0.8, 0.9, 1.0]
times: [75.47, 142.91, 212.59, 281.81, 352.15, 428.21, 497.94, 568.33, 631.25, 705.77]
scores: [0.8344345777886535, 0.6923072255955052, 0.6795487626702378, 0.7485297350006268, 0.6542609891070121, 0.7117558196391816, 0.6945526037474038, 0.7406570373079775, 0.6082844752309812, 0.7697966152538991]
