training_data_sizes: [0.1, 0.2, 0.3, 0.4]
times: [17.0, 36.0, 52.0, 76.0]
scores: [1.0, 1.0, 0.8765363704500492, 0.9882463076094758]
