training_data_sizes: [0.1, 0.2, 0.3, 0.4, 0.5, 0.6]
times: [18.0, 37.0, 57.0, 79.0, 94.0, 114.0]
scores: [0.7936973685330928, 0.6985004400119056, 0.8170800164456831, 0.8252585824429222, 0.8686649863560325, 0.777915115668798]
