training_data_sizes: [0.1, 0.2]
times: [25.0, 59.0]
scores: [0.8600202717500969, 0.7318560263095263]
