training_data_sizes: [0.1, 0.2, 0.3, 0.4, 0.5, 0.6, 0.7, 0.8, 0.9]
times: [104.12, 208.46, 306.36, 405.09, 509.94, 607.8, 703.29, 804.21, 904.3]
scores: [0.8704025596243881, 0.8102267268567082, 0.871768219160991, 0.7686953079029147, 0.9112710908493968, 0.8685993937933637, 0.8117633283068164, 0.9492586631806401, 0.906025891585905]
