training_data_sizes: [0.1, 0.2]
times: [604.93, 1203.43]
scores: [0.46647220983118537, 0.44096439035963353]
