training_data_sizes: [0.1, 0.2, 0.3, 0.4, 0.5, 0.6, 0.7, 0.8, 0.9, 1.0]
times: [13.92, 26.33, 39.6, 52.39, 64.7, 76.88, 90.08, 103.49, 115.03, 129.19]
scores: [0.8350362404110876, 0.8118340798171968, 0.8150294368745183, 0.7986094520423479, 0.799565854654603, 0.80136574893712, 0.7969694297494054, 0.7956980224661112, 0.794594959192257, 0.8003728961307792]
