training_data_sizes: [0.1, 0.2, 0.3, 0.4, 0.5]
times: [189.76, 361.64, 540.6, 721.05, 909.12]
scores: [0.7420262140932321, 0.7973576376827365, 0.8616778246134431, 0.7405568849415279, 0.8965621980903518]
