training_data_sizes: [0.1, 0.2, 0.3]
times: [121.0, 257.0, 382.0]
scores: [0.6734272768182994, 0.5950005626628065, 0.6423319429240308]
