training_data_sizes: [0.1, 0.2, 0.3, 0.4, 0.5, 0.6]
times: [158.51, 303.43, 457.86, 607.0, 757.4, 902.2]
scores: [0.5411390214317757, 0.5702695724620057, 0.5935046303873702, 0.6165085651723013, 0.6317521521385449, 0.6063554359373132]
