training_data_sizes: [0.1, 0.2, 0.3, 0.4, 0.5, 0.6, 0.7, 0.8, 0.9]
times: [26.0, 51.0, 85.0, 117.0, 147.0, 178.0, 204.0, 232.0, 260.0]
scores: [1.0, 0.9791878357778157, 1.0, 1.0, 0.9483637852671803, 1.0, 1.0, 1.0, 1.0]
