training_data_sizes: [0.1, 0.2, 0.3, 0.4, 0.5, 0.6]
times: [117.1, 240.0, 354.66, 473.63, 588.12, 702.58]
scores: [0.7258656844809805, 0.86890307531141, 0.8571391763025653, 0.9098233132964271, 0.8614730723915078, 1.0]
