training_data_sizes: [0.1, 0.2, 0.3, 0.4, 0.5, 0.6, 0.7]
times: [87.0, 173.0, 266.0, 352.0, 445.0, 533.0, 622.0]
scores: [0.8715603379593196, 0.8284222634351177, 0.9716396329944551, 0.918826293242994, 1.0, 1.0, 1.0]
