training_data_sizes: [0.1, 0.2, 0.3, 0.4, 0.5, 0.6, 0.7, 0.8, 0.9]
times: [84.0, 177.0, 263.0, 358.0, 448.0, 536.0, 621.0, 719.0, 801.0]
scores: [0.8905138587215375, 0.8111292877305369, 0.9049838120743208, 0.8994815208752448, 0.8377530965206572, 0.8565270590724214, 0.8859066953604959, 0.9524314629153445, 0.9373994738658855]
