training_data_sizes: [0.1, 0.2, 0.3, 0.4, 0.5, 0.6, 0.7, 0.8, 0.9]
times: [80.0, 177.0, 266.0, 358.0, 442.0, 534.0, 621.0, 712.0, 802.0]
scores: [0.8741098090552194, 0.918117494169475, 0.9623558999583615, 1.0, 1.0, 1.0, 1.0, 1.0, 1.0]
