training_data_sizes: [0.1, 0.2, 0.3, 0.4]
times: [263.63, 525.77, 768.62, 1010.28]
scores: [0.5337465634828165, 0.4129275185149941, 0.3767649692431452, 0.3577986626717602]
