training_data_sizes: [0.1, 0.2, 0.3]
times: [71.0, 156.0, 236.0]
scores: [0.7450709048545752, 0.7412152106275185, 0.7720431297984162]
