training_data_sizes: [0.1, 0.2, 0.3, 0.4, 0.5, 0.6, 0.7, 0.8]
times: [123.0, 254.0, 380.0, 514.0, 641.0, 776.0, 902.9999999999999, 1039.0]
scores: [0.9194734948452563, 1.0, 0.9956921947746615, 1.0, 1.0, 1.0, 1.0, 1.0]
