training_data_sizes: [0.1, 0.2, 0.3, 0.4, 0.5, 0.6, 0.7, 0.8]
times: [47.0, 97.0, 148.0, 190.0, 242.0, 292.0, 347.0, 394.0]
scores: [0.8982779804815576, 0.7612863420265155, 0.9121294556141161, 0.7715139129619757, 0.8968566101415365, 0.9396985881115532, 0.8876794310038774, 1.0]
