training_data_sizes: [0.1, 0.2, 0.3, 0.4, 0.5]
times: [36.0, 75.0, 110.0, 152.0, 192.0]
scores: [0.71910950992764, 0.7241309584133313, 0.7644921330720016, 0.8448744993271092, 0.7152224245658576]
