training_data_sizes: [0.1, 0.2, 0.3, 0.4, 0.5, 0.6, 0.7, 0.8, 0.9]
times: [40.0, 91.0, 144.0, 194.0, 249.0, 291.0, 341.0, 397.0, 446.0]
scores: [0.9276441034512926, 0.7993997535468171, 0.8811620723836422, 1.0, 1.0, 1.0, 1.0, 1.0, 1.0]
