training_data_sizes: [0.1, 0.2, 0.3, 0.4, 0.5, 0.6]
times: [205.92, 403.25, 608.17, 805.09, 1006.76, 1204.95]
scores: [0.8948871325834657, 0.8144379714869534, 0.8881988907278053, 0.8772228565328282, 0.8566519445788756, 0.8790221311175717]
