training_data_sizes: [0.1, 0.2]
times: [601.77, 1203.16]
scores: [0.9268671478119628, 0.9175124733721727]
