training_data_sizes: [0.1, 0.2, 0.3, 0.4, 0.5, 0.6, 0.7, 0.8, 0.9, 1.0]
times: [22.0, 57.0, 89.0, 112.0, 146.0, 171.0, 207.0, 230.0, 264.0, 290.0]
scores: [0.8482543916328122, 0.9287285824113988, 0.9124832596332018, 0.8771351895976042, 0.9474152775475426, 0.8022971498174079, 0.83188229544585, 0.8429915078524242, 0.9736907273146477, 0.8433451894389428]
