training_data_sizes: [0.1, 0.2, 0.3]
times: [380.04, 734.2, 1062.21]
scores: [0.30348631626160283, 0.32024372009075963, 0.31361550454505627]
