training_data_sizes: [0.1, 0.2, 0.3, 0.4, 0.5, 0.6]
times: [153.19, 302.09, 454.01, 607.56, 756.03, 903.8]
scores: [0.8546418708706529, 0.7606839451817504, 0.7741781279837976, 0.8213653649104007, 0.9461370698555361, 0.9164807782439337]
