training_data_sizes: [0.1, 0.2, 0.3, 0.4, 0.5, 0.6, 0.7, 0.8, 0.9, 1.0]
times: [138.22, 264.37, 397.22, 529.34, 654.12, 786.97, 914.81, 1046.51, 1170.62, 1301.33]
scores: [0.8934673353088385, 0.9638195542238863, 0.8488932972969743, 0.9837015492313619, 0.9651336452347921, 0.9029034477219122, 0.9326374054460118, 0.9924146370688959, 1.0, 1.0]
