training_data_sizes: [0.1, 0.2, 0.3, 0.4, 0.5, 0.6, 0.7, 0.8, 0.9, 1.0]
times: [94.49, 182.73, 271.19, 364.46, 453.14, 547.86, 636.11, 726.09, 814.73, 908.26]
scores: [0.8372932607561829, 0.8084149483064772, 0.8568373574371668, 0.8944384190614998, 0.929553374977826, 0.8727072953465105, 0.9121485729621579, 0.9086502395127924, 0.8792282373066549, 1.0]
