training_data_sizes: [0.1, 0.2, 0.3]
times: [269.89, 534.0, 801.9]
scores: [0.5541483056293323, 0.6523245994952325, 0.619337463563218]
