training_data_sizes: [0.1, 0.2, 0.3, 0.4, 0.5, 0.6, 0.7]
times: [12.0, 31.0, 58.0, 74.0, 95.0, 112.0, 135.0]
scores: [0.7690919431779437, 0.9654899096717043, 0.8167763620333096, 0.9545279740219388, 0.9765510955059045, 0.9433203537342765, 1.0]
