training_data_sizes: [0.1, 0.2, 0.3, 0.4, 0.5, 0.6, 0.7, 0.8, 0.9, 1.0]
times: [30.15, 50.01, 61.17, 75.24, 91.48, 102.0, 122.19, 129.25, 137.15, 144.85]
scores: [0.9697152825940746, 0.8638469565583113, 0.7553114849579292, 0.6808876054582783, 0.6426391559577217, 0.6094982181336206, 0.592881061806894, 0.5720381147795043, 0.5509838750702848, 0.5412423416492063]
