training_data_sizes: [0.1, 0.2, 0.3, 0.4, 0.5, 0.6, 0.7, 0.8, 0.9, 1.0]
times: [109.75, 202.76, 302.31, 408.03, 503.69, 602.81, 701.67, 803.73, 908.96, 1009.15]
scores: [0.6614555077959475, 0.626609513657479, 0.6003116537007288, 0.5380133398350869, 0.5270315778383298, 0.6155665580272993, 0.5975774093053225, 0.552193904835599, 0.6103951691656919, 0.5943965698072268]
