training_data_sizes: [0.1, 0.2, 0.3, 0.4, 0.5, 0.6, 0.7]
times: [28.0, 53.0, 81.0, 110.0, 142.0, 173.0, 207.0]
scores: [0.849741569439627, 0.9967987513562488, 0.9326244200006104, 0.9348729746390905, 1.0, 0.9732739507298265, 0.9264981669190495]
