training_data_sizes: [0.1, 0.2, 0.3, 0.4]
times: [19.0, 37.0, 58.0, 73.0]
scores: [0.8611391123261347, 0.9087198824967577, 1.0, 0.9192044196124565]
