training_data_sizes: [0.1, 0.2, 0.3]
times: [67.0, 131.0, 203.0]
scores: [0.9991586939683509, 0.8922500185464315, 1.0]
