training_data_sizes: [0.1, 0.2, 0.3, 0.4, 0.5, 0.6]
times: [135.85, 275.69, 408.25, 541.01, 670.95, 804.99]
scores: [1.0, 0.8981774373682727, 1.0, 0.9928439582861023, 1.0, 1.0]
