training_data_sizes: [0.1, 0.2, 0.3, 0.4, 0.5, 0.6, 0.7]
times: [174.33, 348.69, 524.0, 694.79, 863.05, 1037.8, 1209.21]
scores: [0.9028780904359661, 0.7742461173022706, 0.8178671427145986, 0.9403872820026378, 0.9040583288753676, 0.8758529150851446, 0.9350190937573457]
