training_data_sizes: [0.1, 0.2, 0.3, 0.4, 0.5, 0.6, 0.7, 0.8, 0.9, 1.0]
times: [3.22, 6.23, 9.21, 12.76, 16.09, 19.3, 22.9, 25.78, 29.25, 32.29]
scores: [0.08996148380730347, 0.10367329501436653, 0.11103507690731343, 0.11524692908882979, 0.11802472436395825, 0.11858663162423601, 0.11863742486021028, 0.11891100497502972, 0.1196263972710849, 0.12070826962100892]
