training_data_sizes: [0.1, 0.2, 0.3, 0.4, 0.5, 0.6, 0.7]
times: [150.22, 290.97, 431.3, 574.19, 715.24, 865.62, 1001.74]
scores: [1.0, 0.9661378593057561, 0.8878807413185084, 0.9424440874044688, 1.0, 1.0, 0.998836267948149]
