training_data_sizes: [0.1, 0.2]
times: [659.16, 1302.0]
scores: [0.7308201773056874, 0.7607314639442574]
