training_data_sizes: [0.1, 0.2, 0.3, 0.4, 0.5, 0.6, 0.7, 0.8, 0.9]
times: [137.0, 278.0, 417.0, 559.0, 691.0, 836.0, 973.9999999999999, 1117.0, 1255.0]
scores: [0.9220194756936646, 0.9985467120956373, 0.927383197308894, 0.9926819589953988, 1.0, 1.0, 1.0, 1.0, 1.0]
