training_data_sizes: [0.1, 0.2, 0.3, 0.4, 0.5, 0.6, 0.7]
times: [158.01, 315.73, 477.11, 637.87, 787.92, 952.81, 1107.48]
scores: [0.6427307841948775, 0.6090033484409837, 0.6315656249953274, 0.626575228933269, 0.8651449695834178, 0.7965509711598893, 0.9880839012173368]
