training_data_sizes: [0.1, 0.2, 0.3, 0.4, 0.5, 0.6, 0.7]
times: [95.36, 172.82, 264.28, 350.9, 435.06, 519.99, 600.32]
scores: [0.7679697715079121, 0.8266449644091873, 0.8776525720561621, 0.8786700861630912, 0.7769259469077281, 0.8779545559111261, 0.8952184686136885]
