training_data_sizes: [0.1, 0.2, 0.3]
times: [84.0, 174.0, 264.0]
scores: [0.7899486782638496, 0.8193171645742963, 0.7210772082593095]
