training_data_sizes: [0.1, 0.2, 0.3, 0.4, 0.5, 0.6, 0.7, 0.8, 0.9]
times: [74.28, 134.34, 204.45, 274.83, 334.71, 401.05, 469.54, 536.74, 601.89]
scores: [0.7633360945244585, 0.8534142309791612, 0.9502258193930032, 0.8970104221103834, 1.0, 0.9772964225650123, 0.9680814200087801, 1.0, 0.9305231047765858]
