training_data_sizes: [0.1, 0.2, 0.3, 0.4]
times: [104.0, 214.0, 322.0, 437.0]
scores: [0.7768356209901233, 0.7281970503244466, 0.7937555924094688, 0.8440507008697996]
