training_data_sizes: [0.1, 0.2, 0.3, 0.4, 0.5, 0.6, 0.7, 0.8, 0.9]
times: [64.0, 133.0, 203.0, 273.0, 344.0, 414.0, 481.99999999999994, 555.0, 627.0]
scores: [0.8480943529445243, 0.9200095769477749, 0.9441823822218122, 0.8984238311255828, 0.7937247429362939, 0.8103532846181105, 0.8210905298433259, 0.9889347851171584, 0.9918308067026971]
