training_data_sizes: [0.1, 0.2, 0.3, 0.4]
times: [304.1, 603.76, 903.57, 1207.31]
scores: [0.6513457677813304, 0.5428882986365449, 0.614099562489596, 0.591718607261022]
