training_data_sizes: [0.1, 0.2, 0.3, 0.4, 0.5, 0.6, 0.7, 0.8, 0.9]
times: [127.0, 257.0, 384.0, 512.0, 640.0, 771.0, 900.9999999999999, 1035.0, 1162.0]
scores: [0.9582030379514276, 1.0, 1.0, 1.0, 1.0, 1.0, 1.0, 1.0, 1.0]
