training_data_sizes: [0.1, 0.2, 0.3, 0.4, 0.5, 0.6, 0.7, 0.8, 0.9]
times: [33.0, 74.0, 113.0, 158.0, 191.0, 236.0, 275.0, 319.0, 359.0]
scores: [0.7859879116656181, 0.8269681444782291, 0.8424796652976425, 0.7501550975961071, 0.7716268923192388, 0.8111189610092648, 0.8375038750663616, 0.9464803276482561, 1.0]
