training_data_sizes: [0.1, 0.2, 0.3, 0.4, 0.5, 0.6, 0.7, 0.8, 0.9]
times: [43.0, 99.0, 147.0, 195.0, 241.0, 299.0, 347.0, 391.0, 447.0]
scores: [0.8078504022532663, 0.6577962861825594, 0.7874609103717469, 0.7131759187246884, 0.8208921027154038, 0.6911422713275606, 0.6970373321102802, 0.7436461325499445, 0.6593830308732854]
