training_data_sizes: [0.1, 0.2, 0.3, 0.4, 0.5, 0.6, 0.7, 0.8]
times: [143.7, 282.93, 422.03, 552.52, 690.17, 832.08, 968.54, 1102.12]
scores: [0.7744956630029237, 0.7518481221105993, 0.825090094780417, 0.9029747655018241, 0.99914282902843, 0.9873021428154897, 1.0, 1.0]
