training_data_sizes: [0.1, 0.2, 0.3, 0.4]
times: [302.75, 603.21, 904.77, 1200.16]
scores: [0.8577588937880818, 0.8516733140442853, 1.0, 0.8764177172392397]
