training_data_sizes: [0.1, 0.2, 0.3, 0.4, 0.5]
times: [245.77, 483.68, 727.74, 969.38, 1200.6]
scores: [0.8911706122667349, 0.9039825735923548, 0.8557550784059125, 0.9671507329610758, 0.8728536303664848]
