training_data_sizes: [0.1, 0.2, 0.3, 0.4, 0.5, 0.6, 0.7, 0.8, 0.9]
times: [59.0, 111.0, 175.0, 234.0, 291.0, 354.0, 410.0, 478.0, 530.0]
scores: [0.6211998237158578, 0.5489279710638364, 0.6751779724556621, 0.5247778873196172, 0.614209974270428, 0.5020185527802006, 0.6269742044568403, 0.5898475382445392, 0.49499609272768197]
