training_data_sizes: [0.1, 0.2, 0.3, 0.4, 0.5, 0.6]
times: [207.27, 406.73, 601.43, 806.32, 1005.59, 1205.58]
scores: [0.8291101097662248, 0.8808501211932769, 0.9679478230042344, 0.9588162153266974, 0.9104682123301995, 0.9958100797628802]
