training_data_sizes: [0.1, 0.2, 0.3, 0.4, 0.5]
times: [40.0, 97.0, 143.0, 199.0, 245.0]
scores: [0.7556782913731528, 0.8580751343202635, 0.7573867417354052, 0.8457565895648318, 0.9964587372622822]
