training_data_sizes: [0.1, 0.2, 0.3, 0.4]
times: [105.0, 214.0, 321.0, 437.0]
scores: [0.9178395197838491, 0.8402100902310399, 0.8434792221448069, 0.8998025496533391]
