training_data_sizes: [0.1, 0.2, 0.3, 0.4, 0.5, 0.6, 0.7, 0.8, 0.9, 1.0]
times: [65.03, 121.9, 180.62, 240.47, 304.76, 367.04, 429.92, 487.75, 549.59, 605.7]
scores: [0.8590574244162827, 0.8219555328045509, 0.912110677622215, 0.9198197768967215, 0.9987929945997669, 0.9255325359854002, 1.0, 1.0, 0.986484102399723, 1.0]
