training_data_sizes: [0.1, 0.2, 0.3, 0.4, 0.5]
times: [183.3, 366.67, 546.84, 729.02, 908.69]
scores: [0.8370569475101115, 0.8134051354636485, 0.8633930459039791, 0.8050835656452986, 0.9005671189896456]
