training_data_sizes: [0.1, 0.2, 0.3, 0.4]
times: [183.6, 359.94, 530.29, 706.16]
scores: [0.8826501047956297, 0.869030224344705, 0.7960198573110931, 0.9854665259944091]
