training_data_sizes: [0.1, 0.2, 0.3, 0.4]
times: [69.0, 138.0, 209.0, 278.0]
scores: [0.8049339528235486, 1.0, 0.9485363094925496, 1.0]
