training_data_sizes: [0.1, 0.2, 0.3, 0.4, 0.5, 0.6, 0.7, 0.8, 0.9, 1.0]
times: [130.63, 267.46, 395.44, 527.28, 652.02, 788.34, 919.13, 1046.08, 1175.09, 1306.03]
scores: [0.6850367596648579, 0.8502379801903878, 0.9503853454290373, 0.8547086662121199, 1.0, 0.9785807030973637, 1.0, 0.9956383534770799, 1.0, 1.0]
