training_data_sizes: [0.1, 0.2, 0.3, 0.4, 0.5, 0.6, 0.7, 0.8, 0.9, 1.0]
times: [78.0, 150.0, 239.0, 316.0, 393.0, 475.0, 557.0, 637.0, 712.0, 796.0]
scores: [0.709602572311422, 0.9105121708564089, 0.821227100368787, 0.8269629066460853, 0.9984460746541983, 0.955989952002266, 0.9202639643000863, 1.0, 1.0, 1.0]
