training_data_sizes: [0.1, 0.2, 0.3, 0.4]
times: [258.21, 509.46, 759.47, 1009.47]
scores: [0.8187635080430955, 0.874265941800946, 0.9467745853456255, 1.0]
