training_data_sizes: [0.1, 0.2, 0.3, 0.4, 0.5, 0.6, 0.7]
times: [93.95, 171.95, 258.83, 346.84, 432.58, 523.11, 604.35]
scores: [0.8382448350735684, 0.9193378485962453, 0.913309997047016, 0.9554632865265152, 0.965448874441078, 0.7811241668864175, 0.924107790644784]
