training_data_sizes: [0.1, 0.2, 0.3, 0.4, 0.5, 0.6, 0.7, 0.8, 0.9, 1.0]
times: [104.06, 205.98, 306.56, 409.85, 503.84, 602.53, 706.56, 808.36, 906.89, 1002.31]
scores: [0.7541291503230005, 0.8883277856395471, 0.9219017469186284, 0.7982126001215284, 0.8346593008054515, 0.8970702657156076, 0.8472653830744865, 0.9366774121161542, 0.8935763749321812, 0.9361637983912641]
