training_data_sizes: [0.1, 0.2, 0.3]
times: [10.0, 31.0, 51.0]
scores: [0.7785623747986197, 0.8795359684483237, 0.8836475139111164]
