training_data_sizes: [0.1, 0.2, 0.3, 0.4, 0.5, 0.6, 0.7, 0.8, 0.9, 1.0]
times: [70.73, 147.95, 216.03, 280.44, 353.17, 425.19, 494.31, 565.35, 630.86, 703.14]
scores: [0.8503016984919449, 0.8686586521495445, 0.9646484900438074, 0.9291503138646753, 0.9580966625370959, 0.8981986538390635, 0.8846074604211944, 0.9379960097202876, 1.0, 1.0]
