training_data_sizes: [0.1, 0.2, 0.3, 0.4, 0.5, 0.6, 0.7, 0.8, 0.9]
times: [136.66, 275.88, 401.94, 541.15, 673.85, 801.32, 939.1, 1076.02, 1208.97]
scores: [0.8266815583005773, 0.771363804582535, 0.9523252912536677, 0.965636173153178, 0.9258201914750178, 1.0, 1.0, 1.0, 1.0]
