training_data_sizes: [0.1, 0.2, 0.3, 0.4, 0.5, 0.6]
times: [58.0, 113.0, 174.0, 237.0, 299.0, 357.0]
scores: [0.7279282145008734, 0.6697898408879899, 0.8477356184106786, 0.8416295155676168, 0.8061657141303051, 1.0]
