training_data_sizes: [0.1, 0.2, 0.3, 0.4]
times: [156.64, 308.14, 452.04, 602.35]
scores: [0.8902566393240752, 0.9145373253477831, 0.9416834516488064, 0.803339416351198]
