training_data_sizes: [0.1, 0.2, 0.3]
times: [238.5, 468.73, 700.55]
scores: [0.7699024991817189, 0.7932930950090482, 0.8574496880954598]
