training_data_sizes: [0.1, 0.2]
times: [47.0, 97.0]
scores: [0.9500320755509268, 0.9518045426571615]
