training_data_sizes: [0.1, 0.2, 0.3, 0.4, 0.5, 0.6, 0.7, 0.8, 0.9, 1.0]
times: [0.01, 0.02, 0.02, 0.03, 0.04, 0.05, 0.06, 0.07, 0.07, 0.08]
scores: [0.0, 0.3835251455291535, 0.41531308751545537, 0.45141065830721017, 0.489678155427379, 0.5467260997663312, 0.5646368837425748, 0.5879295329544096, 0.5985126215886416, 0.6108508977361438]
