training_data_sizes: [0.1, 0.2]
times: [51.0, 119.0]
scores: [0.5013714657701308, 0.6566477466968714]
