training_data_sizes: [0.1, 0.2, 0.3]
times: [270.65, 535.71, 808.07]
scores: [0.775895255237576, 0.7856480382556391, 0.7230622670555589]
