training_data_sizes: [0.1, 0.2, 0.3, 0.4, 0.5, 0.6]
times: [30.0, 78.0, 116.0, 159.0, 194.0, 238.0]
scores: [0.973775867724189, 0.9071987869226605, 0.9605606634966115, 0.9636362238136595, 0.8340708812572393, 0.9675517568346281]
