training_data_sizes: [0.1, 0.2, 0.3, 0.4, 0.5]
times: [221.95, 442.01, 662.12, 887.01, 1106.64]
scores: [0.7061839582151941, 0.7710896402452464, 0.8241345824237971, 0.8194449856449533, 0.9429290970497257]
