training_data_sizes: [0.1, 0.2, 0.3, 0.4, 0.5, 0.6, 0.7, 0.8, 0.9, 1.0]
times: [68.43, 127.42, 181.37, 246.05, 303.49, 365.9, 426.67, 489.06, 546.09, 609.23]
scores: [0.6982180617742297, 0.9142619959021442, 0.8619424570840133, 0.9019402377651049, 0.9517917297707601, 0.8742256096551777, 1.0, 0.910398434831714, 0.9350392115992237, 1.0]
