training_data_sizes: [0.1, 0.2, 0.3, 0.4, 0.5, 0.6, 0.7, 0.8, 0.9, 1.0]
times: [86.29, 166.8, 244.17, 325.56, 403.92, 486.18, 562.25, 643.49, 725.22, 803.1]
scores: [0.6853681295007665, 0.6654074541912842, 0.891530082810938, 0.9434917382342356, 0.9297459446677336, 0.9732587099429963, 1.0, 1.0, 1.0, 1.0]
