training_data_sizes: [0.1, 0.2, 0.3, 0.4, 0.5, 0.6, 0.7, 0.8, 0.9, 1.0]
times: [2.98, 5.91, 8.9, 13.44, 18.89, 25.84, 30.84, 38.78, 47.64, 57.22]
scores: [0.9833903667355373, 0.9821769922597223, 0.9845919824947873, 0.9853905950331707, 0.9863655642755196, 0.9864764746478301, 0.9869099011279765, 0.9861101033449773, 0.9861598302765924, 0.9861429607327421]
