training_data_sizes: [0.1, 0.2, 0.3, 0.4, 0.5, 0.6, 0.7, 0.8, 0.9]
times: [96.0, 191.0, 299.0, 390.0, 494.0, 596.0, 690.0, 797.0, 890.0]
scores: [0.7389438855071224, 0.8488411461452254, 0.9690079561204193, 0.9931350602810942, 1.0, 0.9674249574917277, 1.0, 1.0, 1.0]
