training_data_sizes: [0.1, 0.2, 0.3, 0.4, 0.5]
times: [44.0, 94.0, 147.0, 192.0, 244.0]
scores: [0.7673272526813044, 0.885028879004748, 0.8794493333523087, 1.0, 1.0]
