training_data_sizes: [0.1, 0.2, 0.3, 0.4, 0.5, 0.6, 0.7]
times: [192.01, 379.61, 563.22, 748.78, 931.29, 1122.77, 1301.64]
scores: [0.7743177724482391, 0.8882825694399658, 0.9610612628681775, 0.9032074112125569, 0.9992874478884648, 0.9353841968775115, 0.9392330894025687]
