training_data_sizes: [0.1, 0.2, 0.3, 0.4, 0.5, 0.6, 0.7]
times: [79.0, 151.0, 239.0, 316.0, 392.0, 476.0, 555.0]
scores: [0.8952836200278229, 0.7071125541368233, 0.8014710740971862, 0.7741072629752868, 0.7567781030541534, 0.6971813300037261, 0.8571595443867852]
