training_data_sizes: [0.1, 0.2, 0.3, 0.4, 0.5, 0.6, 0.7, 0.8]
times: [150.85, 304.58, 452.6, 608.24, 755.95, 906.0, 1056.39, 1206.85]
scores: [0.8975660963226308, 0.8117323534849976, 0.9022499972802308, 0.849127878245871, 0.9763883297656367, 0.9360481329449202, 0.9286444412633441, 1.0]
