training_data_sizes: [0.1, 0.2]
times: [27.0, 58.0]
scores: [0.7947897785332607, 0.8344889041901332]
