training_data_sizes: [0.1, 0.2]
times: [89.0, 173.0]
scores: [0.8718287118200281, 0.8631479454203204]
