training_data_sizes: [0.1, 0.2, 0.3, 0.4, 0.5, 0.6, 0.7, 0.8, 0.9]
times: [8.0, 12.0, 28.0, 39.0, 45.0, 58.0, 66.0, 72.0, 89.0]
scores: [0.7306307522101062, 0.908174700098462, 0.8274189652621218, 0.8463781585547409, 1.0, 0.9460053713100706, 1.0, 1.0, 1.0]
