training_data_sizes: [0.1, 0.2, 0.3, 0.4, 0.5, 0.6, 0.7, 0.8]
times: [130.0, 277.0, 410.0, 556.0, 693.0, 835.0, 973.9999999999999, 1118.0]
scores: [0.7925484104496333, 0.9218754641308291, 0.9681882117489133, 0.9056283805389111, 0.9810868002345076, 1.0, 0.9426358969422137, 1.0]
