training_data_sizes: [0.1, 0.2, 0.3, 0.4, 0.5, 0.6, 0.7, 0.8, 0.9]
times: [87.0, 176.0, 269.0, 353.0, 440.0, 533.0, 627.0, 711.0, 804.0]
scores: [0.97380350872457, 1.0, 0.8807778856774737, 0.969949920938596, 1.0, 1.0, 1.0, 0.9597906645355702, 1.0]
