training_data_sizes: [0.1, 0.2, 0.3]
times: [82.0, 175.0, 269.0]
scores: [0.8974409515222057, 1.0, 0.9925243906318505]
