training_data_sizes: [0.1, 0.2, 0.3, 0.4, 0.5, 0.6, 0.7]
times: [45.0, 95.0, 149.0, 193.0, 247.0, 298.0, 349.0]
scores: [0.6593058074063004, 0.7230462171641677, 0.6537677882917181, 0.7384692498020232, 0.6749296127367542, 0.6698359088942819, 0.7433999104671156]
