training_data_sizes: [0.1, 0.2, 0.3]
times: [51.0, 118.0, 171.0]
scores: [0.8268553187488461, 0.977316568940842, 0.9499128261777601]
