training_data_sizes: [0.1, 0.2, 0.3, 0.4]
times: [359.48, 707.25, 1053.72, 1408.14]
scores: [0.7932896647154071, 0.779913403955708, 0.7244932120101448, 0.8015253061764269]
