training_data_sizes: [0.1, 0.2, 0.3, 0.4, 0.5, 0.6, 0.7]
times: [15.0, 30.0, 54.0, 76.0, 99.0, 114.0, 134.0]
scores: [0.8460359038709444, 0.8974181758669701, 0.7870517842748478, 0.8166776966349162, 0.9166894987753977, 0.9247260137907052, 0.9526616096645497]
