training_data_sizes: [0.1, 0.2, 0.3, 0.4, 0.5, 0.6, 0.7, 0.8, 0.9]
times: [57.0, 112.0, 172.0, 236.0, 299.0, 357.0, 416.0, 476.0, 530.0]
scores: [0.8023627075837696, 0.7763347659927337, 0.8101357623785224, 0.9351222935914715, 0.7981654465133179, 0.830192806514179, 0.8443431427420671, 0.9606767314317752, 1.0]
