training_data_sizes: [0.1, 0.2, 0.3, 0.4, 0.5, 0.6, 0.7, 0.8, 0.9, 1.0]
times: [1.49, 2.69, 3.91, 5.56, 7.02, 8.96, 11.3, 13.99, 17.25, 21.04]
scores: [0.390694657388843, 0.42710539942569303, 0.40652370055573717, 0.4246247863172421, 0.4353666161250973, 0.45402665004306186, 0.45260906127471623, 0.45708476841788337, 0.44382989446287757, 0.44615912208504804]
