training_data_sizes: [0.1, 0.2]
times: [105.0, 217.0]
scores: [0.9319376137701239, 0.864796290256857]
