training_data_sizes: [0.1, 0.2]
times: [606.16, 1205.98]
scores: [0.7751929537349657, 0.897066281186488]
