training_data_sizes: [0.1, 0.2, 0.3, 0.4, 0.5, 0.6]
times: [82.0, 172.0, 265.0, 351.0, 443.0, 532.0]
scores: [0.7953086948102751, 0.902957815217529, 0.847652620124322, 0.8610622825664156, 0.9262022770022544, 1.0]
