training_data_sizes: [0.1, 0.2]
times: [409.71, 807.79]
scores: [0.7956773083397983, 0.9292214587038263]
