training_data_sizes: [0.1, 0.2, 0.3]
times: [24.0, 55.0, 85.0]
scores: [0.9317959987090203, 0.9924020424854612, 0.8535974350564514]
