training_data_sizes: [0.1, 0.2, 0.3, 0.4, 0.5, 0.6]
times: [79.0, 151.0, 230.0, 314.0, 391.0, 470.0]
scores: [0.8558387054466146, 0.8900932318471607, 0.7872168943769894, 0.9521605822114771, 0.8892393068100736, 0.8441383965044473]
