training_data_sizes: [0.1, 0.2, 0.3, 0.4, 0.5, 0.6]
times: [221.22, 442.79, 650.11, 876.38, 1086.34, 1302.3]
scores: [0.9867799303041218, 0.9791333485200493, 0.8967325890300114, 1.0, 0.9870087002766237, 0.9076859777744322]
