training_data_sizes: [0.1, 0.2, 0.3, 0.4, 0.5, 0.6]
times: [114.0, 234.0, 350.0, 478.0, 594.0, 711.0]
scores: [0.7915284885262512, 0.8038218331143455, 0.9644253980188228, 0.9420364422460392, 1.0, 0.9804970105440365]
