training_data_sizes: [0.1, 0.2]
times: [307.44, 609.44]
scores: [0.9830797703061188, 0.943232241309061]
