training_data_sizes: [0.1, 0.2, 0.3, 0.4, 0.5, 0.6, 0.7, 0.8, 0.9, 1.0]
times: [55.75, 109.86, 164.42, 216.94, 275.6, 332.95, 401.92, 547.6, 712.99, 706.88]
scores: [0.46859460402706077, 0.3430020089102718, 0.31390465334132356, 0.2971300980826849, 0.28814400209189095, 0.28484140524508994, 0.28127445915581917, 0.27941740556661726, 0.28166717795911805, 0.27558754475676295]
