training_data_sizes: [0.1, 0.2, 0.3, 0.4]
times: [89.54, 234.8, 558.62, 879.12]
scores: [1.0, 1.0, 0.9999999854319832, 0.9999999857943969]
