training_data_sizes: [0.1, 0.2, 0.3, 0.4, 0.5, 0.6, 0.7, 0.8, 0.9]
times: [109.59, 204.48, 304.48, 405.15, 504.65, 605.56, 706.04, 806.61, 909.91]
scores: [0.810069913815113, 0.7295896470652627, 0.8542988587302331, 0.8854470463227717, 0.791588518419779, 0.784153245872071, 0.9067208621537222, 0.886723716689179, 0.8485744380328218]
