training_data_sizes: [0.1, 0.2]
times: [122.0, 258.0]
scores: [0.9351661997829701, 0.9846269385414187]
