training_data_sizes: [0.1, 0.2, 0.3, 0.4]
times: [17.0, 34.0, 58.0, 74.0]
scores: [0.8226779098476971, 0.8248128645515997, 1.0, 0.9498145860371319]
