training_data_sizes: [0.1, 0.2, 0.3, 0.4, 0.5, 0.6]
times: [45.0, 99.0, 147.0, 191.0, 241.0, 290.0]
scores: [0.8497837744868826, 0.981696891134908, 0.9787963672399916, 1.0, 1.0, 1.0]
