training_data_sizes: [0.1, 0.2, 0.3, 0.4, 0.5, 0.6, 0.7]
times: [123.0, 254.0, 387.0, 519.0, 647.0, 776.0, 899.9999999999999]
scores: [0.8780574811829343, 0.9679675983804212, 0.8577019043871836, 1.0, 0.9192714465229601, 1.0, 1.0]
