training_data_sizes: [0.1, 0.2, 0.3, 0.4]
times: [150.48, 304.72, 454.88, 603.3]
scores: [0.9039515422797099, 0.769154955817467, 0.9192190695333319, 0.8942765087081557]
