training_data_sizes: [0.1, 0.2, 0.3, 0.4, 0.5, 0.6, 0.7, 0.8]
times: [100.27, 204.41, 302.73, 404.49, 508.02, 606.38, 708.15, 802.11]
scores: [0.8881690641827013, 0.9854720536849866, 0.9952003404804952, 0.9556895238084047, 0.9412244362755412, 0.9386584991712835, 0.9774649558497063, 0.9989536201725503]
