training_data_sizes: [0.1, 0.2, 0.3, 0.4, 0.5]
times: [65.0, 134.0, 207.0, 276.0, 343.0]
scores: [0.7808207450846111, 0.750382284510895, 0.8718120624748009, 0.7675596294365248, 0.7738228522011342]
