training_data_sizes: [0.1, 0.2]
times: [70.0, 151.0]
scores: [0.7297563135622807, 0.8517630800581588]
