training_data_sizes: [0.1, 0.2, 0.3, 0.4, 0.5, 0.6, 0.7, 0.8, 0.9, 1.0]
times: [134.25, 260.78, 391.35, 524.18, 653.77, 789.14, 912.96, 1042.39, 1178.82, 1301.1]
scores: [0.761565861049026, 0.7162878115432934, 0.7135677442483617, 0.9029488314239604, 0.9056963246095908, 0.9171812961121559, 0.9141547580172064, 1.0, 1.0, 1.0]
