training_data_sizes: [0.1, 0.2, 0.3, 0.4, 0.5, 0.6, 0.7, 0.8, 0.9]
times: [126.99, 249.97, 368.17, 497.88, 615.72, 740.74, 860.24, 981.85, 1100.38]
scores: [0.9036251177505357, 0.9592525128853642, 0.9281800241396896, 1.0, 1.0, 1.0, 1.0, 1.0, 1.0]
