training_data_sizes: [0.1, 0.2, 0.3, 0.4, 0.5, 0.6]
times: [185.37, 367.54, 554.43, 734.32, 924.97, 1108.36]
scores: [1.0, 0.8995582928623559, 0.9262653802507141, 1.0, 1.0, 1.0]
