training_data_sizes: [0.1, 0.2, 0.3, 0.4, 0.5, 0.6, 0.7, 0.8, 0.9, 1.0]
times: [2.21, 4.34, 7.04, 9.08, 11.82, 15.95, 16.51, 18.57, 20.81, 23.28]
scores: [0.09002421352136705, 0.10383495047058443, 0.11116163593640772, 0.11532868200188647, 0.1180178409516302, 0.11871499678216726, 0.11872078827311519, 0.11922733560343521, 0.11966806330843627, 0.12107341914319823]
