training_data_sizes: [0.1, 0.2]
times: [358.84, 709.5]
scores: [0.9539295839957789, 0.7899572401546279]
