training_data_sizes: [0.1, 0.2, 0.3]
times: [240.66, 476.14, 700.14]
scores: [0.8073698427963203, 0.6549668275551467, 0.665970196068237]
