training_data_sizes: [0.1, 0.2, 0.3]
times: [74.0, 153.0, 239.0]
scores: [0.9466048619917227, 0.9781709019137012, 0.9262818011765683]
