training_data_sizes: [0.1, 0.2, 0.3, 0.4, 0.5, 0.6, 0.7, 0.8, 0.9]
times: [116.0, 231.0, 359.0, 477.0, 593.0, 713.0, 830.0, 956.0, 1074.0]
scores: [0.879083994190507, 0.8460609165316275, 1.0, 0.9393799456468707, 0.9016389127801776, 0.9446919997500649, 1.0, 1.0, 1.0]
