training_data_sizes: [0.1, 0.2, 0.3, 0.4, 0.5, 0.6, 0.7, 0.8]
times: [180.3, 354.89, 529.78, 702.09, 884.06, 1053.58, 1233.41, 1408.88]
scores: [0.5897312153434795, 0.6226858479041139, 0.6753412779619963, 0.7177441165851859, 0.6571131784215891, 0.8168726862644693, 0.823106624493125, 1.0]
