training_data_sizes: [0.1, 0.2, 0.3, 0.4, 0.5, 0.6, 0.7, 0.8, 0.9, 1.0]
times: [37.52, 70.15, 101.9, 127.56, 150.64, 175.02, 199.32, 221.63, 243.99, 266.82]
scores: [0.30582270398310785, 0.3001379878272106, 0.30829131610619176, 0.30534579183862154, 0.30441269948592775, 0.3036047231042345, 0.0, 0.0, 0.0, 0.0]
