training_data_sizes: [0.1, 0.2, 0.3, 0.4, 0.5, 0.6, 0.7]
times: [137.77, 265.97, 394.21, 514.98, 646.92, 777.48, 906.08]
scores: [0.8641756182345157, 0.8614948747206, 0.9423442178348502, 0.9229329209126125, 0.9795066334517194, 0.9601475179082397, 1.0]
