training_data_sizes: [0.1, 0.2, 0.3, 0.4, 0.5, 0.6, 0.7, 0.8]
times: [132.74, 257.42, 376.52, 507.49, 632.39, 758.85, 881.92, 1002.69]
scores: [0.820688326927332, 0.8688610026868144, 0.9960744434818158, 0.9613062838967609, 1.0, 0.955156950855265, 1.0, 1.0]
