training_data_sizes: [0.1, 0.2, 0.3, 0.4, 0.5, 0.6, 0.7, 0.8, 0.9, 1.0]
times: [71.0, 159.0, 230.0, 310.0, 398.0, 477.0, 557.0, 639.0, 712.0, 799.0]
scores: [0.8934825680697438, 0.841294720358588, 0.9162828988747989, 0.9612439677958105, 1.0, 1.0, 1.0, 0.9992034102335088, 1.0, 0.9557546589264818]
