training_data_sizes: [0.1, 0.2, 0.3, 0.4, 0.5]
times: [167.54, 329.36, 487.29, 646.85, 807.74]
scores: [0.8501952367407453, 0.8658284292642082, 0.7725851980820585, 0.931036046988622, 0.9065515851781367]
