training_data_sizes: [0.1, 0.2, 0.3, 0.4, 0.5, 0.6]
times: [79.0, 151.0, 233.0, 318.0, 395.0, 479.0]
scores: [0.6818701267644721, 0.7956541404300642, 0.6672242217377558, 0.7342232935295872, 0.6743347892362076, 0.7629338282255386]
