training_data_sizes: [0.1, 0.2, 0.3, 0.4]
times: [56.0, 112.0, 170.0, 237.0]
scores: [0.807394646331496, 0.7200372568406215, 0.8256949408701053, 0.8826820376359047]
