training_data_sizes: [0.1, 0.2, 0.3, 0.4]
times: [182.16, 357.89, 526.56, 708.12]
scores: [0.5861231225428114, 0.6093064945727242, 0.6020949761466857, 0.5336977233322489]
