training_data_sizes: [0.1, 0.2, 0.3, 0.4, 0.5]
times: [89.0, 178.0, 269.0, 355.0, 445.0]
scores: [0.7246635922760847, 0.8213791102999746, 0.8986773740269184, 0.8096463284565092, 0.8574493696418465]
