training_data_sizes: [0.1, 0.2, 0.3, 0.4]
times: [50.0, 119.0, 174.0, 238.0]
scores: [0.8225838907370906, 0.8540860060575928, 0.911496117142418, 0.9210064647302316]
