training_data_sizes: [0.1, 0.2, 0.3, 0.4]
times: [3.0, 11.0, 21.0, 36.0]
scores: [0.724434364038714, 0.8726995194128582, 0.8323818926234078, 0.934632488767789]
