training_data_sizes: [0.1, 0.2, 0.3, 0.4, 0.5]
times: [262.73, 529.29, 784.45, 1042.58, 1305.56]
scores: [0.8039601867121153, 0.8607187058780776, 0.7809002354340322, 0.9078517569367741, 0.901551225966334]
