training_data_sizes: [0.1, 0.2]
times: [113.0, 239.0]
scores: [0.8670603790131097, 0.7882389709112061]
