training_data_sizes: [0.1, 0.2]
times: [504.18, 1002.25]
scores: [0.7004594942928197, 0.764687324567114]
