training_data_sizes: [0.1, 0.2, 0.3, 0.4, 0.5, 0.6, 0.7, 0.8, 0.9, 1.0]
times: [122.0, 255.0, 389.0, 511.0, 644.0, 770.0, 899.9999999999999, 1034.0, 1168.0, 1294.0]
scores: [0.6037487109306596, 0.5581648980706998, 0.6176353502000769, 0.5130283259783482, 0.5287777969892639, 0.5460795125445643, 0.6409711299241921, 0.7412538719393197, 0.7525230115249635, 0.7223947296171063]
