training_data_sizes: [0.1, 0.2, 0.3, 0.4]
times: [258.5, 508.0, 755.09, 1005.65]
scores: [0.8298006404046874, 0.8233549584617025, 0.9526223083358145, 0.9081886552833264]
