training_data_sizes: [0.1, 0.2, 0.3, 0.4]
times: [51.0, 114.0, 175.0, 235.0]
scores: [0.7347887600019486, 0.6988309965220094, 0.7234612530343648, 0.7377948423288418]
