training_data_sizes: [0.1, 0.2, 0.3, 0.4, 0.5]
times: [207.68, 408.47, 605.19, 807.3, 1007.19]
scores: [0.8258609650085357, 0.8302419511342338, 1.0, 1.0, 1.0]
