training_data_sizes: [0.1, 0.2, 0.3, 0.4]
times: [127.0, 252.0, 385.0, 514.0]
scores: [0.6318793212800295, 0.7334560053673431, 0.6873761827588989, 0.826295322667489]
