training_data_sizes: [0.1, 0.2, 0.3, 0.4, 0.5, 0.6]
times: [81.0, 170.0, 269.0, 358.0, 446.0, 537.0]
scores: [0.918914463087132, 0.8679984719855574, 0.9747438190524208, 1.0, 1.0, 1.0]
