training_data_sizes: [0.1, 0.2, 0.3, 0.4, 0.5, 0.6, 0.7, 0.8, 0.9, 1.0]
times: [73.78, 148.65, 215.24, 286.08, 351.19, 427.34, 492.99, 561.1, 636.27, 701.01]
scores: [0.8550311435692142, 0.8216304171791169, 0.8552525107188622, 0.9824302922778982, 1.0, 1.0, 1.0, 1.0, 1.0, 1.0]
