training_data_sizes: [0.1, 0.2, 0.3, 0.4, 0.5, 0.6, 0.7, 0.8, 0.9]
times: [51.0, 113.0, 174.0, 231.0, 293.0, 356.0, 411.0, 473.0, 539.0]
scores: [0.7124586812903482, 0.7338091966326785, 0.7323216997851051, 0.6163248302689768, 0.5601607860412408, 0.6401552448262628, 0.6173513528678793, 0.5996915543277151, 0.630051198243541]
