training_data_sizes: [0.1, 0.2, 0.3, 0.4, 0.5, 0.6]
times: [23.0, 51.0, 86.0, 119.0, 146.0, 174.0]
scores: [0.8558672044036331, 0.7643297833398621, 0.916677486925715, 0.8100691402414764, 0.8424315617149121, 0.8595638456810262]
