training_data_sizes: [0.1, 0.2, 0.3, 0.4]
times: [51.0, 115.0, 179.0, 237.0]
scores: [0.7643850617957928, 0.8435204823581726, 0.8273820802819696, 0.8966654211401357]
