training_data_sizes: [0.1, 0.2, 0.3, 0.4, 0.5, 0.6, 0.7, 0.8, 0.9, 1.0]
times: [23.0, 59.0, 80.0, 111.0, 142.0, 172.0, 203.0, 236.0, 260.0, 295.0]
scores: [0.8902858097898232, 0.8227148949714446, 0.9530843061653783, 0.9798876494727392, 0.8406658429024977, 1.0, 0.9061872829461697, 0.9340829800892192, 0.8969966617620522, 1.0]
