training_data_sizes: [0.1, 0.2]
times: [22.0, 58.0]
scores: [0.7973467967193827, 0.8394230731454524]
