training_data_sizes: [0.1, 0.2, 0.3, 0.4, 0.5, 0.6, 0.7, 0.8, 0.9]
times: [146.07, 291.62, 441.6, 581.13, 730.8, 872.25, 1015.51, 1160.8, 1305.9]
scores: [0.761695321687581, 0.8127453703919589, 0.7282599866234223, 0.6848746993449853, 0.6881183866204894, 0.6638397051686772, 0.7463453246728227, 0.6841587331710166, 0.5500851696878302]
