training_data_sizes: [0.1, 0.2, 0.3, 0.4, 0.5, 0.6]
times: [4.0, 15.0, 23.0, 39.0, 41.0, 56.0]
scores: [0.8565142813136604, 0.8533098529512477, 0.7831390874238198, 0.826214334480611, 0.9427048184038379, 0.9479034861210236]
