training_data_sizes: [0.1, 0.2, 0.3, 0.4, 0.5, 0.6, 0.7, 0.8, 0.9, 1.0]
times: [189.32, 292.16, 386.3, 525.33, 662.19, 765.6, 871.81, 987.14, 1092.33, 1182.87]
scores: [0.9999998765061617, 0.9999995020871282, 0.999997008675855, 0.9999936809013497, 0.9999960918996589, 0.999998303936402, 0.9999947456050018, 0.9999797757535447, 0.9999596782485414, 0.9998807448120304]
