training_data_sizes: [0.1, 0.2, 0.3, 0.4, 0.5, 0.6, 0.7, 0.8, 0.9, 1.0]
times: [2.02, 3.49, 5.38, 7.21, 9.65, 11.63, 13.62, 8.82, 10.02, 10.79]
scores: [0.9142817639524632, 0.9522515560641129, 0.9666291758621379, 0.9738326808691492, 0.9785834035528584, 0.9817092056362147, 0.9839395410067654, 0.20062280940829252, 0.2254473809926478, 0.23048176191700664]
