training_data_sizes: [0.1, 0.2]
times: [93.0, 197.0]
scores: [0.8580702573032817, 0.8302513767044096]
