training_data_sizes: [0.1, 0.2, 0.3, 0.4, 0.5, 0.6, 0.7, 0.8]
times: [29.0, 51.0, 86.0, 111.0, 149.0, 177.0, 209.0, 238.0]
scores: [0.7881933246131352, 0.7515085460335189, 0.8608682544796395, 0.8201013579472713, 0.9587434032169204, 0.998387595058527, 1.0, 1.0]
