training_data_sizes: [0.1, 0.2, 0.3, 0.4]
times: [76.0, 152.0, 236.0, 319.0]
scores: [0.6930145767347065, 0.7597296861209196, 0.8217493930363344, 0.832076669508406]
