training_data_sizes: [0.1, 0.2]
times: [601.92, 1201.65]
scores: [0.9422259958725334, 0.8660707957964757]
