training_data_sizes: [0.1, 0.2, 0.3, 0.4, 0.5, 0.6, 0.7]
times: [47.0, 94.0, 145.0, 196.0, 248.0, 299.0, 345.0]
scores: [0.648567363639509, 0.8539154697444981, 0.8921750047278354, 0.896459808304195, 0.8804951174389173, 1.0, 1.0]
