training_data_sizes: [0.1, 0.2, 0.3, 0.4, 0.5, 0.6, 0.7, 0.8]
times: [138.62, 279.94, 413.68, 550.83, 690.21, 830.04, 966.54, 1104.39]
scores: [0.8573102514688108, 0.7920647523543041, 0.8964371103921456, 1.0, 0.9555003583579103, 1.0, 1.0, 1.0]
