training_data_sizes: [0.1, 0.2, 0.3, 0.4, 0.5, 0.6, 0.7, 0.8, 0.9, 1.0]
times: [27.94, 64.08, 89.13, 85.11, 107.4, 120.07, 133.61, 152.01, 163.93, 164.58]
scores: [1.0, 1.0, 1.0, 0.9139922359736601, 0.8725998675789008, 0.7650963597430407, 0.7780366538746548, 0.6528221512247072, 0.6306664502867034, 0.7025927664465423]
