training_data_sizes: [0.1, 0.2, 0.3, 0.4, 0.5, 0.6, 0.7, 0.8, 0.9]
times: [98.0, 198.0, 296.0, 394.0, 493.0, 591.0, 699.0, 797.0, 895.0]
scores: [0.6485731100294005, 0.6391266677296846, 0.6659360663081061, 0.7976343771369065, 0.6270237912802454, 0.6753592002387201, 0.6492053559715377, 0.6866601018808273, 0.7287638726924374]
