training_data_sizes: [0.1, 0.2, 0.3, 0.4, 0.5, 0.6, 0.7]
times: [98.0, 199.0, 294.0, 395.0, 496.0, 597.0, 698.0]
scores: [0.7050702791214656, 0.745768848978587, 0.7963416641655807, 0.8914125954451355, 0.8851795943355711, 0.9270424615045005, 0.9843506231793884]
