training_data_sizes: [0.1, 0.2, 0.3, 0.4, 0.5, 0.6, 0.7, 0.8]
times: [6.0, 11.0, 29.0, 32.0, 44.0, 59.0, 69.0, 73.0]
scores: [0.8877826652925336, 0.8643753698522438, 0.9151627335258324, 0.8808934241322137, 0.8318767557715356, 0.92222585546332, 0.7672189099645536, 0.9241379509738324]
