training_data_sizes: [0.1, 0.2, 0.3, 0.4, 0.5, 0.6, 0.7, 0.8, 0.9]
times: [129.09, 249.44, 373.96, 493.54, 618.67, 741.34, 857.08, 986.28, 1109.12]
scores: [1.0, 0.9583674331892766, 0.9238369429176145, 1.0, 1.0, 1.0, 1.0, 1.0, 1.0]
