training_data_sizes: [0.1, 0.2, 0.3]
times: [240.29, 473.23, 704.58]
scores: [0.7193988158521117, 0.7750620049362287, 0.9250152164094222]
