training_data_sizes: [0.1, 0.2, 0.3, 0.4, 0.5, 0.6, 0.7, 0.8, 0.9, 1.0]
times: [12.82, 18.84, 27.91, 31.88, 39.77, 40.97, 49.75, 54.1, 58.72, 64.87]
scores: [0.938102099719011, 0.9277490427465271, 0.9153191986369504, 0.9114213085442914, 0.9087888784025309, 0.9108781257707524, 0.9084294373423549, 0.9067467548313396, 0.9066547947049562, 0.90679239777688]
