training_data_sizes: [0.1, 0.2, 0.3, 0.4, 0.5, 0.6, 0.7, 0.8, 0.9]
times: [97.1, 179.91, 271.96, 356.34, 451.95, 542.77, 623.17, 712.23, 807.08]
scores: [0.9248563698688339, 0.9077830877676827, 0.9333722261629762, 0.8531828936721015, 0.9730624590456616, 0.917399145294964, 0.8650007037205723, 0.8319677094070724, 0.9029152732019889]
