training_data_sizes: [0.1, 0.2, 0.3, 0.4, 0.5, 0.6]
times: [44.0, 92.0, 142.0, 193.0, 243.0, 297.0]
scores: [0.7857326838247987, 0.7269436589080327, 0.8475452482754358, 0.9091499833773052, 0.9265097551045942, 0.9422071105522358]
