training_data_sizes: [0.1, 0.2, 0.3, 0.4, 0.5]
times: [94.0, 191.0, 299.0, 394.0, 493.0]
scores: [0.8528460614454587, 0.9403914011514576, 0.9302086645038049, 1.0, 0.9833884576247138]
