training_data_sizes: [0.1, 0.2, 0.3, 0.4]
times: [334.13, 653.63, 976.01, 1308.83]
scores: [0.8267196061899258, 0.7876415626875651, 0.7793707492175748, 0.816890572889101]
