training_data_sizes: [0.1, 0.2, 0.3, 0.4, 0.5, 0.6, 0.7, 0.8]
times: [93.0, 195.0, 298.0, 391.0, 492.0, 597.0, 691.0, 798.0]
scores: [0.9048161449897095, 0.8944073636752878, 0.8953829956812219, 1.0, 1.0, 0.9447047467179909, 0.9874390234189476, 1.0]
