training_data_sizes: [0.1, 0.2, 0.3, 0.4, 0.5]
times: [76.0, 159.0, 236.0, 318.0, 398.0]
scores: [0.6144916471693675, 0.7205332821720847, 0.6810750071924481, 0.7638756283469246, 0.789108939190156]
