training_data_sizes: [0.1, 0.2, 0.3, 0.4, 0.5, 0.6, 0.7, 0.8, 0.9, 1.0]
times: [1.32, 2.14, 2.55, 3.74, 4.71, 6.16, 7.41, 10.3, 13.87, 16.93]
scores: [0.8500186607232207, 0.80724986974991, 0.8035379439814616, 0.7964791714430117, 0.7855285865996628, 0.7852360544664805, 0.7653262160609406, 0.7633737158947813, 0.7654765441878335, 0.7668998407579086]
