training_data_sizes: [0.1, 0.2, 0.3, 0.4, 0.5, 0.6]
times: [21.0, 52.0, 80.0, 118.0, 143.0, 172.0]
scores: [0.9287662526171319, 0.8598704655534614, 0.9386024930277831, 0.9526687453852158, 0.9866676010462689, 1.0]
