training_data_sizes: [0.1, 0.2, 0.3, 0.4, 0.5]
times: [20.0, 53.0, 81.0, 117.0, 144.0]
scores: [0.8981311496858162, 0.965592978449712, 0.9732807879106429, 0.9582675249009209, 0.8368407101261739]
