training_data_sizes: [0.1, 0.2, 0.3]
times: [309.65, 606.74, 903.34]
scores: [0.9078075889006141, 0.8284815302638261, 0.786241737277781]
