training_data_sizes: [0.1, 0.2, 0.3, 0.4, 0.5, 0.6, 0.7, 0.8, 0.9, 1.0]
times: [142.61, 283.02, 425.35, 565.42, 703.46, 846.95, 988.59, 1129.35, 1266.65, 1401.72]
scores: [0.9192803272845409, 0.9406020760832735, 0.9898407849911826, 1.0, 1.0, 0.9616674027920966, 1.0, 0.9649346316743137, 1.0, 0.9970965903544472]
