training_data_sizes: [0.1, 0.2, 0.3, 0.4, 0.5]
times: [182.31, 287.83, 529.07, 986.43, 1090.57]
scores: [0.9999982369696188, 1.0, 0.999999997307986, 0.9999906437999675, 0.9999999914161444]
