training_data_sizes: [0.1, 0.2, 0.3, 0.4, 0.5, 0.6, 0.7, 0.8]
times: [47.0, 96.0, 148.0, 193.0, 241.0, 296.0, 345.0, 399.0]
scores: [0.7720192777494825, 0.8985816694487243, 0.9237888831568826, 0.8509439241524123, 0.9650357011809905, 1.0, 1.0, 0.9379394250400309]
