training_data_sizes: [0.1, 0.2]
times: [20.0, 50.0]
scores: [0.7354700645536922, 0.6137887961937198]
