training_data_sizes: [0.1, 0.2, 0.3, 0.4, 0.5, 0.6, 0.7, 0.8]
times: [88.46, 181.79, 272.37, 355.63, 441.01, 530.71, 619.76, 708.9]
scores: [0.7978570192402812, 0.913719735120754, 0.9572867990542621, 0.9752474149594199, 0.8482866750451625, 1.0, 0.8995976121973612, 0.8655128249867242]
