training_data_sizes: [0.1, 0.2, 0.3, 0.4, 0.5]
times: [45.0, 90.0, 141.0, 199.0, 245.0]
scores: [0.6834932493146839, 0.7405781926020859, 0.70486360780015, 0.7739072739097819, 0.6893962432023923]
