training_data_sizes: [0.1, 0.2, 0.3, 0.4, 0.5, 0.6, 0.7, 0.8]
times: [21.0, 59.0, 83.0, 116.0, 145.0, 179.0, 201.0, 232.0]
scores: [1.0, 0.972280494963546, 0.9519556894399537, 1.0, 1.0, 1.0, 1.0, 1.0]
