training_data_sizes: [0.1, 0.2]
times: [659.09, 1305.68]
scores: [0.7089628869643189, 0.807488019420971]
