training_data_sizes: [0.1, 0.2]
times: [41.0, 93.0]
scores: [0.7751671001045282, 0.7505991695784179]
