training_data_sizes: [0.1, 0.2, 0.3, 0.4, 0.5, 0.6, 0.7, 0.8, 0.9, 1.0]
times: [0.64, 0.87, 1.24, 1.85, 2.44, 3.13, 4.21, 4.95, 5.13, 7.7]
scores: [0.1617531588870213, 0.24795087513300823, 0.2939959493711631, 0.3138098598276434, 0.3279453771022139, 0.33246535266046495, 0.3385645675416422, 0.34844232339822007, 0.3530831241080528, 0.35967302093587]
