training_data_sizes: [0.1, 0.2, 0.3]
times: [58.0, 110.0, 171.0]
scores: [0.8734422879554091, 0.8634118079949261, 0.9903001186297816]
