training_data_sizes: [0.1, 0.2]
times: [114.0, 231.0]
scores: [0.8596978618793654, 0.8583620155283779]
