training_data_sizes: [0.1, 0.2, 0.3, 0.4, 0.5, 0.6, 0.7, 0.8, 0.9, 1.0]
times: [42.0, 95.0, 144.0, 193.0, 240.0, 295.0, 340.0, 396.0, 441.0, 498.0]
scores: [0.6658599296307192, 0.8361749482193177, 0.8180663236230818, 0.9873987393825934, 0.9811152729511005, 0.9803144186080719, 0.9773688611183009, 1.0, 1.0, 1.0]
