training_data_sizes: [0.1, 0.2, 0.3]
times: [241.15, 468.4, 702.96]
scores: [0.8527873279235662, 0.9353200112279327, 0.8004940505004519]
