training_data_sizes: [0.1, 0.2]
times: [102.0, 217.0]
scores: [0.9004101603701011, 0.8032125577067015]
