training_data_sizes: [0.1, 0.2, 0.3, 0.4]
times: [277.61, 554.51, 826.81, 1109.59]
scores: [0.5995423832933648, 0.642923384873854, 0.6861483539134396, 0.6304205522159427]
