training_data_sizes: [0.1, 0.2, 0.3, 0.4, 0.5, 0.6]
times: [176.65, 340.67, 506.19, 667.31, 836.63, 1005.51]
scores: [0.7904789293219108, 0.7811315160034185, 0.8774140340434242, 0.7130080622541682, 0.8818481113018398, 0.7164609761725482]
