training_data_sizes: [0.1, 0.2, 0.3, 0.4, 0.5, 0.6, 0.7, 0.8]
times: [114.0, 235.0, 356.0, 474.0, 592.0, 713.0, 832.0, 951.0]
scores: [0.8810450169413859, 0.8798331511793733, 0.895094810755996, 1.0, 1.0, 1.0, 1.0, 1.0]
