training_data_sizes: [0.1, 0.2, 0.3, 0.4, 0.5, 0.6]
times: [62.0, 131.0, 208.0, 278.0, 347.0, 412.0]
scores: [1.0, 0.9646441978055231, 0.982596168463181, 1.0, 1.0, 0.9664758486308478]
