training_data_sizes: [0.1, 0.2]
times: [103.0, 210.0]
scores: [0.7673287264595484, 0.9058269627414052]
