training_data_sizes: [0.1, 0.2, 0.3]
times: [37.0, 74.0, 113.0]
scores: [0.8269943232328866, 0.9886594896887735, 0.8612058911578103]
