training_data_sizes: [0.1, 0.2, 0.3, 0.4, 0.5]
times: [289.36, 560.38, 842.22, 1124.31, 1405.85]
scores: [0.5913696949911275, 0.6446720638549681, 0.6603521552754674, 0.6716700131494883, 0.6489314511241214]
