training_data_sizes: [0.1, 0.2, 0.3, 0.4, 0.5, 0.6, 0.7, 0.8, 0.9, 1.0]
times: [18.0, 36.0, 55.0, 72.0, 99.0, 113.0, 139.0, 158.0, 172.0, 193.0]
scores: [0.6652503008200283, 0.6539794710789726, 0.6698452707368494, 0.5418293700297332, 0.633958417542028, 0.6343510154696782, 0.5172220253781922, 0.569407103387045, 0.5833762780536713, 0.5152835435453793]
