training_data_sizes: [0.1, 0.2, 0.3, 0.4, 0.5, 0.6]
times: [17.0, 30.0, 59.0, 73.0, 94.0, 111.0]
scores: [0.5803577339991317, 0.5898213987145349, 0.6254869743370147, 0.684580464111455, 0.6900900804575789, 0.6822622065003338]
