training_data_sizes: [0.1, 0.2, 0.3, 0.4, 0.5]
times: [121.0, 253.0, 386.0, 514.0, 645.0]
scores: [0.6245316426170264, 0.7454622437444463, 0.8035735543811214, 0.8814344169157031, 0.8682882301188082]
