training_data_sizes: [0.1, 0.2, 0.3, 0.4, 0.5, 0.6, 0.7]
times: [152.2, 287.29, 430.67, 579.69, 715.03, 866.48, 1004.18]
scores: [0.5406438677063778, 0.5807005854404801, 0.7727482360601963, 0.7805376434344677, 0.8115518517073003, 0.8269111193018704, 0.9898309909072154]
