training_data_sizes: [0.1, 0.2, 0.3, 0.4, 0.5]
times: [208.7, 405.33, 603.01, 807.19, 1001.52]
scores: [0.8144704908510398, 0.7706001401721025, 0.8615393580033393, 0.9668116434722724, 0.8495187353793968]
