training_data_sizes: [0.1, 0.2, 0.3, 0.4]
times: [69.0, 134.0, 204.0, 279.0]
scores: [0.8186361693104968, 0.8794430287171069, 0.9212333009592152, 0.8718136630390196]
