training_data_sizes: [0.1, 0.2, 0.3, 0.4]
times: [255.6, 502.05, 750.31, 1008.03]
scores: [0.5822956885923866, 0.7503510129282955, 0.7926829915523627, 0.8527140122631071]
