training_data_sizes: [0.1, 0.2, 0.3, 0.4]
times: [121.0, 258.0, 383.0, 514.0]
scores: [0.8643668395946646, 0.9064610553402571, 0.9178268116896933, 0.8820291337960979]
