training_data_sizes: [0.1, 0.2, 0.3, 0.4, 0.5, 0.6]
times: [219.02, 437.92, 659.33, 871.29, 1085.9, 1301.83]
scores: [0.9459185773113779, 1.0, 0.9190406792487844, 1.0, 1.0, 1.0]
