training_data_sizes: [0.1, 0.2, 0.3]
times: [79.0, 152.0, 236.0]
scores: [0.7620819962913314, 0.8310020274494017, 0.7335544896285837]
