training_data_sizes: [0.1, 0.2, 0.3, 0.4, 0.5, 0.6, 0.7]
times: [164.96, 316.86, 472.17, 634.15, 787.88, 944.97, 1106.75]
scores: [0.8032862381469139, 0.8126521361084449, 0.962967538414996, 0.9832532900206334, 0.8814093363344497, 0.8825415393412446, 0.9441082363871411]
