training_data_sizes: [0.1, 0.2]
times: [67.0, 132.0]
scores: [0.7953706104730194, 0.8603021377190037]
