training_data_sizes: [0.1, 0.2, 0.3, 0.4, 0.5, 0.6, 0.7]
times: [31.0, 75.0, 113.0, 150.0, 190.0, 236.0, 278.0]
scores: [0.6847901489496503, 0.6069928007714039, 0.7202035945320006, 0.6545813084128747, 0.7182745107021745, 0.8795348244347179, 0.7709794378216028]
