training_data_sizes: [0.1, 0.2, 0.3, 0.4, 0.5, 0.6, 0.7]
times: [108.33, 207.68, 308.5, 407.21, 502.0, 607.53, 707.45]
scores: [0.8184556184991639, 0.7102716008235974, 0.8232997226718154, 0.8308741939706908, 0.8661372365368538, 0.779105627139275, 0.7606278833154827]
