training_data_sizes: [0.1, 0.2, 0.3]
times: [475.85, 935.54, 1406.11]
scores: [0.8908105728213509, 0.9267453296706973, 0.9587401917314802]
