training_data_sizes: [0.1, 0.2, 0.3, 0.4, 0.5, 0.6, 0.7]
times: [144.65, 287.51, 432.69, 576.67, 720.18, 860.94, 1008.07]
scores: [0.8724094845573589, 1.0, 0.8850610606048976, 1.0, 0.9380196435744403, 0.9156024244223291, 1.0]
