training_data_sizes: [0.1, 0.2, 0.3, 0.4, 0.5, 0.6, 0.7, 0.8, 0.9, 1.0]
times: [11.18, 19.31, 28.13, 38.95, 51.16, 59.3, 69.09, 78.88, 96.98, 100.37]
scores: [0.46100015725083243, 0.35641741112817216, 0.32069581907250644, 0.3195504261379075, 0.2878064440781992, 0.2750550811548318, 0.2702672529926994, 0.25367212222882973, 0.2723302584966657, 0.27450895050493185]
