training_data_sizes: [0.1, 0.2, 0.3, 0.4, 0.5]
times: [58.0, 117.0, 177.0, 234.0, 298.0]
scores: [0.8751365977803149, 0.8642856736361969, 0.8056409605594035, 0.8914795863870972, 0.8764475439097748]
