training_data_sizes: [0.1, 0.2, 0.3]
times: [116.0, 239.0, 356.0]
scores: [0.8652447030848249, 0.8951199536353469, 0.8233874491866857]
