training_data_sizes: [0.1, 0.2, 0.3, 0.4]
times: [358.33, 708.99, 1054.27, 1408.96]
scores: [0.7478790822046215, 0.8079545502755519, 0.9286244607848695, 0.8893729367445523]
