training_data_sizes: [0.1, 0.2, 0.3, 0.4, 0.5, 0.6, 0.7, 0.8, 0.9, 1.0]
times: [0.61, 1.0, 1.36, 1.8, 2.35, 2.95, 3.32, 3.46, 4.52, 4.95]
scores: [0.9985863628753389, 0.9990092165822114, 0.9990405942309569, 0.999259706375493, 0.9992511440755972, 0.9994555473718855, 0.9994493867569378, 0.9994991821678696, 0.9994706251689325, 0.9993552267021866]
