training_data_sizes: [0.1, 0.2, 0.3, 0.4, 0.5, 0.6]
times: [200.52, 400.15, 609.25, 804.01, 1009.54, 1204.42]
scores: [0.8205644814313249, 0.8268205688407673, 0.9341019111093127, 1.0, 0.9320803845864529, 1.0]
