training_data_sizes: [0.1, 0.2]
times: [508.9, 1004.5]
scores: [0.8168443481857478, 0.9066384521378545]
