training_data_sizes: [0.1, 0.2]
times: [75.0, 150.0]
scores: [0.810652704796554, 0.7083886105441682]
