training_data_sizes: [0.1, 0.2, 0.3, 0.4, 0.5, 0.6, 0.7, 0.8, 0.9, 1.0]
times: [55.0, 117.0, 179.0, 233.0, 293.0, 358.0, 419.0, 475.0, 532.0, 598.0]
scores: [0.8433883909382147, 0.8476404365937444, 0.8622970429949676, 0.9508608186778023, 0.9630112492604517, 0.8894087303295222, 0.9755202320754032, 0.948219090798496, 0.8604137080604467, 0.8835269086349371]
