training_data_sizes: [0.1, 0.2, 0.3, 0.4, 0.5, 0.6, 0.7, 0.8]
times: [11.0, 35.0, 56.0, 70.0, 98.0, 119.0, 138.0, 150.0]
scores: [0.9137049494662471, 0.9779294832483179, 0.9377134032811434, 0.8704007854235374, 1.0, 0.8662345285189951, 1.0, 0.9867556943976865]
