training_data_sizes: [0.1, 0.2, 0.3, 0.4, 0.5, 0.6, 0.7, 0.8, 0.9, 1.0]
times: [102.34, 204.35, 308.26, 402.71, 501.43, 606.92, 704.99, 803.32, 906.49, 1003.71]
scores: [0.935027078482413, 1.0, 0.9601880879034548, 1.0, 1.0, 1.0, 1.0, 1.0, 1.0, 1.0]
