training_data_sizes: [0.1, 0.2, 0.3]
times: [238.62, 470.79, 709.17]
scores: [0.9839861774224508, 0.8871081125837993, 0.8805874071246602]
