training_data_sizes: [0.1, 0.2, 0.3]
times: [72.0, 155.0, 231.0]
scores: [0.9685956566876475, 0.9472412379960213, 0.9163574309006147]
