training_data_sizes: [0.1, 0.2, 0.3, 0.4, 0.5, 0.6, 0.7]
times: [129.64, 262.31, 387.19, 514.86, 645.3, 771.55, 906.36]
scores: [0.5292692106051178, 0.5231924812714611, 0.5392194338122869, 0.5443731705463599, 0.6144407331765358, 0.5982450724328259, 0.7264695122708196]
