training_data_sizes: [0.1, 0.2]
times: [308.54, 601.4]
scores: [0.6718915483231047, 0.6176188247942029]
