training_data_sizes: [0.1, 0.2, 0.3]
times: [339.87, 672.56, 1000.73]
scores: [0.9793327973739272, 0.9553793514262165, 0.9527336195025651]
