training_data_sizes: [0.1, 0.2, 0.3, 0.4, 0.5, 0.6]
times: [15.0, 37.0, 58.0, 77.0, 98.0, 113.0]
scores: [0.835692769876045, 0.826809491079939, 0.8027521802697419, 1.0, 1.0, 0.9591249210668414]
