training_data_sizes: [0.1, 0.2, 0.3, 0.4, 0.5, 0.6, 0.7, 0.8]
times: [120.6, 231.82, 337.66, 459.24, 569.66, 677.86, 792.94, 907.47]
scores: [0.6844188337741484, 0.7016855916538466, 0.741428948723895, 0.6496429132947791, 0.8540987824919373, 0.8309033967411154, 0.8584802249012589, 0.8379708146041083]
