training_data_sizes: [0.1, 0.2, 0.3, 0.4, 0.5, 0.6, 0.7, 0.8, 0.9, 1.0]
times: [31.0, 71.0, 111.0, 151.0, 199.0, 233.0, 271.0, 315.0, 350.0, 391.0]
scores: [0.7014116092572104, 0.7467749319699452, 0.8726804211589592, 0.9737674674971226, 0.8636649227037059, 0.9334475761089667, 1.0, 1.0, 1.0, 1.0]
