training_data_sizes: [0.1, 0.2, 0.3]
times: [6.0, 16.0, 28.0]
scores: [0.7968461613838982, 0.7919149831081793, 0.8961305647608921]
