training_data_sizes: [0.1, 0.2, 0.3, 0.4, 0.5, 0.6, 0.7]
times: [119.65, 236.99, 346.95, 459.01, 576.51, 691.91, 802.51]
scores: [0.948579444218917, 0.8513614949080097, 0.9497776258990794, 0.9430259079858139, 0.9483996694813412, 1.0, 1.0]
