training_data_sizes: [0.1, 0.2, 0.3, 0.4, 0.5, 0.6, 0.7, 0.8, 0.9, 1.0]
times: [84.26, 160.13, 241.95, 327.07, 400.37, 483.76, 564.9, 646.89, 726.02, 809.74]
scores: [0.9329030023599545, 0.9748856022277173, 1.0, 1.0, 1.0, 1.0, 1.0, 1.0, 1.0, 1.0]
