training_data_sizes: [0.1, 0.2, 0.3, 0.4, 0.5, 0.6, 0.7, 0.8, 0.9, 1.0]
times: [3.07, 5.05, 7.47, 8.41, 11.28, 11.22, 13.59, 17.51, 14.84, 15.47]
scores: [0.24653702003713174, 0.25047218406341, 0.2527898811819591, 0.2530744540784883, 0.25302464684716797, 0.253751626611293, 0.2531232449170735, 0.2526709528505914, 0.2516163579032302, 0.2514944543014649]
