training_data_sizes: [0.1, 0.2]
times: [56.0, 110.0]
scores: [0.7119072950449977, 0.79915124166633]
