training_data_sizes: [0.1, 0.2, 0.3, 0.4, 0.5, 0.6, 0.7, 0.8, 0.9, 1.0]
times: [138.08, 265.09, 398.0, 525.36, 658.98, 781.03, 912.49, 1049.73, 1170.29, 1309.48]
scores: [0.7488422116479254, 0.8535905693775514, 0.8763355893940704, 0.8288181812119376, 0.9124884458395224, 0.9230766242613925, 1.0, 1.0, 0.9835154098981453, 1.0]
