training_data_sizes: [0.1, 0.2, 0.3, 0.4, 0.5, 0.6, 0.7, 0.8]
times: [43.0, 97.0, 145.0, 192.0, 244.0, 292.0, 345.0, 393.0]
scores: [0.7575893330950054, 0.7992894237570148, 0.8288061787692194, 0.7960677322410068, 0.8731852321255493, 0.7926617919492762, 0.9370495004867205, 0.9650843818041501]
