training_data_sizes: [0.1, 0.2, 0.3]
times: [112.0, 234.0, 353.0]
scores: [0.640439412404507, 0.7058656127053952, 0.6608724639115471]
