training_data_sizes: [0.1, 0.2, 0.3, 0.4, 0.5, 0.6, 0.7]
times: [132.01, 262.82, 388.52, 522.36, 649.08, 779.51, 908.41]
scores: [1.0, 0.8941913158009994, 0.9014222608768288, 0.8519425898429398, 0.9080104518893022, 0.9259030965000221, 1.0]
