training_data_sizes: [0.1, 0.2, 0.3, 0.4, 0.5, 0.6]
times: [37.0, 75.0, 119.0, 156.0, 190.0, 236.0]
scores: [0.9398342158442383, 0.8482103333665663, 0.9268380039908234, 0.9273007672545656, 0.7997302475771284, 0.8400384495411366]
