training_data_sizes: [0.1, 0.2, 0.3, 0.4]
times: [108.0, 213.0, 326.0, 436.0]
scores: [0.9192932363901856, 0.9535799161685767, 0.9629629587197628, 0.8832338253301915]
