training_data_sizes: [0.1, 0.2, 0.3, 0.4, 0.5, 0.6, 0.7, 0.8]
times: [83.0, 175.0, 268.0, 354.0, 442.0, 539.0, 625.0, 711.0]
scores: [1.0, 0.9474408976092489, 0.8915347481505975, 0.9815928101480607, 0.9374866752832465, 1.0, 0.9861993734543151, 1.0]
