training_data_sizes: [0.1, 0.2, 0.3, 0.4, 0.5, 0.6, 0.7, 0.8]
times: [55.0, 118.0, 178.0, 239.0, 298.0, 357.0, 417.0, 477.0]
scores: [0.9017325078137033, 0.9422335344130003, 0.9430560330794475, 1.0, 1.0, 0.9366079290226414, 0.9129739217308558, 0.9963947831544049]
