training_data_sizes: [0.1, 0.2, 0.3, 0.4]
times: [258.08, 507.38, 757.89, 1007.24]
scores: [0.8129637603175258, 0.8353469072551754, 0.9837697134259397, 0.917428731000097]
