training_data_sizes: [0.1, 0.2, 0.3, 0.4, 0.5, 0.6, 0.7]
times: [97.0, 197.0, 295.0, 391.0, 496.0, 592.0, 692.0]
scores: [0.7860325428867954, 0.886334344868926, 0.9723713863932308, 0.8938193701072835, 0.8817743973056666, 1.0, 1.0]
