training_data_sizes: [0.1, 0.2, 0.3]
times: [21.0, 55.0, 88.0]
scores: [0.8071809889427644, 0.8401781491733378, 0.8193757396113582]
