training_data_sizes: [0.1, 0.2, 0.3, 0.4]
times: [231.84, 457.82, 675.15, 902.75]
scores: [0.7300919775991819, 0.767655971422641, 0.7902068661834185, 0.7668715028063512]
