training_data_sizes: [0.1, 0.2, 0.3, 0.4, 0.5, 0.6, 0.7, 0.8]
times: [96.79, 180.47, 264.35, 359.47, 442.41, 528.78, 613.86, 703.49]
scores: [0.8319101930153052, 1.0, 0.9834788266609176, 0.9156414430809248, 1.0, 1.0, 1.0, 1.0]
