training_data_sizes: [0.1, 0.2, 0.3, 0.4, 0.5, 0.6, 0.7, 0.8, 0.9, 1.0]
times: [0.69, 0.94, 1.41, 1.75, 2.19, 2.7, 3.02, 4.11, 4.3, 5.38]
scores: [0.9303853378143181, 0.9319395182156294, 0.9254742392063575, 0.9226711767442557, 0.9221746849604651, 0.9186723143668611, 0.9179757261466812, 0.9191859644473988, 0.9187371857501518, 0.9151171655911337]
