training_data_sizes: [0.1, 0.2, 0.3, 0.4, 0.5, 0.6, 0.7, 0.8, 0.9]
times: [76.26, 135.0, 204.44, 268.37, 340.81, 403.57, 471.17, 533.51, 602.43]
scores: [0.596062970125089, 0.6683251580660197, 0.786222768478392, 0.7345285689218704, 0.7935933143556372, 1.0, 0.9569429189448401, 1.0, 1.0]
