training_data_sizes: [0.1, 0.2, 0.3, 0.4, 0.5, 0.6, 0.7, 0.8, 0.9, 1.0]
times: [82.0, 170.0, 260.0, 355.0, 440.0, 531.0, 621.0, 715.0, 800.0, 895.0]
scores: [0.7925508063765494, 0.8614334973332975, 1.0, 1.0, 0.9840983213486879, 1.0, 1.0, 1.0, 1.0, 1.0]
