training_data_sizes: [0.1, 0.2]
times: [105.0, 210.0]
scores: [0.8951050049997911, 0.7981756018232193]
