training_data_sizes: [0.1, 0.2, 0.3, 0.4, 0.5, 0.6, 0.7]
times: [151.63, 290.62, 432.7, 574.82, 720.32, 861.77, 1002.58]
scores: [0.8821464672688439, 0.9398594133398459, 0.977464165216972, 0.8351532014054054, 0.9146274353469441, 1.0, 0.9125341489230011]
