training_data_sizes: [0.1, 0.2, 0.3, 0.4, 0.5, 0.6, 0.7]
times: [38.0, 73.0, 113.0, 159.0, 199.0, 237.0, 272.0]
scores: [0.7659692091776242, 0.8891578062164616, 0.8938497078875877, 0.8431856219897167, 0.8271464310165542, 0.886078519135048, 0.7251672498400644]
