training_data_sizes: [0.1, 0.2, 0.3, 0.4, 0.5, 0.6, 0.7]
times: [208.5, 405.06, 600.49, 800.95, 1005.56, 1202.64, 1406.94]
scores: [0.583086374351483, 0.49684737869055917, 0.5889971606737339, 0.6490045912370064, 0.7495276099168982, 0.812533929738179, 0.8312990152047853]
