training_data_sizes: [0.1, 0.2]
times: [11.0, 38.0]
scores: [0.8099895712577707, 0.7289334637333771]
