training_data_sizes: [0.1, 0.2, 0.3]
times: [75.0, 155.0, 234.0]
scores: [0.9484664762794977, 0.9496049764199301, 0.7996134580230885]
