training_data_sizes: [0.1, 0.2, 0.3, 0.4, 0.5, 0.6, 0.7, 0.8, 0.9, 1.0]
times: [139.62, 264.63, 398.93, 521.03, 652.32, 789.59, 915.96, 1043.46, 1171.5, 1305.16]
scores: [0.733247874642382, 0.7165720855896691, 0.8412699374463513, 0.8558367831918812, 0.7245329383371417, 0.677575677024458, 0.6821568395674665, 0.8339870502105386, 0.716742882665799, 0.63878964808968]
