training_data_sizes: [0.1, 0.2, 0.3, 0.4, 0.5, 0.6, 0.7]
times: [120.05, 231.44, 348.67, 458.23, 579.52, 695.32, 805.07]
scores: [0.733541079883708, 0.774447780681944, 0.8329507906181766, 0.8879235610115201, 0.7612507758015821, 0.7141476090972427, 0.7959841457384079]
