training_data_sizes: [0.1, 0.2, 0.3, 0.4]
times: [177.16, 357.55, 533.26, 701.64]
scores: [0.8309971417226273, 0.838334667091051, 0.8228718564254591, 0.8962754846827478]
