training_data_sizes: [0.1, 0.2, 0.3, 0.4, 0.5, 0.6]
times: [174.73, 342.96, 508.45, 670.18, 841.44, 1009.89]
scores: [0.9186879896657522, 0.8557227544958376, 0.955592928834765, 0.9561982975930741, 0.9732292145470359, 1.0]
