training_data_sizes: [0.1, 0.2, 0.3, 0.4, 0.5, 0.6, 0.7, 0.8, 0.9, 1.0]
times: [128.59, 247.68, 366.17, 480.94, 602.79, 724.09, 844.05, 967.95, 1080.36, 1206.97]
scores: [0.7583747337886657, 0.7686910452856291, 0.5770747927595393, 0.6991666673496055, 0.7248944827139181, 0.5456012940793611, 0.566192548993761, 0.5483380919440783, 0.5375278657767998, 0.5481601004797296]
