training_data_sizes: [0.1, 0.2, 0.3, 0.4, 0.5, 0.6, 0.7, 0.8, 0.9, 1.0]
times: [22.0, 54.0, 81.0, 117.0, 140.0, 176.0, 209.0, 234.0, 264.0, 295.0]
scores: [0.8101360190342883, 0.8974824617475825, 0.9068421865178586, 1.0, 0.9420254553515162, 1.0, 1.0, 0.9446619544558199, 1.0, 1.0]
