training_data_sizes: [0.1, 0.2, 0.3, 0.4, 0.5, 0.6, 0.7, 0.8]
times: [32.0, 75.0, 110.0, 150.0, 191.0, 237.0, 274.0, 315.0]
scores: [0.7529555715633716, 0.7993243727217687, 0.8283640117277733, 0.8554497516063758, 0.9690960970895994, 0.8713254129194086, 0.9456695527210386, 0.978879936577253]
