training_data_sizes: [0.1, 0.2, 0.3, 0.4, 0.5]
times: [148.27, 281.38, 423.16, 565.19, 702.18]
scores: [0.6041825559946417, 0.7655076654349993, 0.7189466181014299, 0.7600888893503626, 0.9109361666193767]
