training_data_sizes: [0.1, 0.2, 0.3, 0.4, 0.5, 0.6, 0.7, 0.8, 0.9, 1.0]
times: [57.0, 116.0, 179.0, 235.0, 292.0, 356.0, 410.0, 471.0, 539.0, 591.0]
scores: [0.9238558324668493, 0.9093313075272949, 1.0, 1.0, 1.0, 1.0, 1.0, 1.0, 1.0, 0.9699953323363714]
