training_data_sizes: [0.1, 0.2, 0.3, 0.4, 0.5, 0.6]
times: [225.25, 442.97, 654.03, 872.5, 1087.3, 1307.65]
scores: [0.866643034157742, 0.9166539649565086, 0.8926020644442313, 0.8979837886471347, 1.0, 0.9018691546687774]
