training_data_sizes: [0.1, 0.2, 0.3, 0.4, 0.5, 0.6]
times: [111.0, 239.0, 358.0, 475.0, 593.0, 713.0]
scores: [0.8137598707448641, 0.7743318043529652, 0.94483856410495, 0.8958224560086353, 0.8371034044002725, 0.7769730930520198]
