training_data_sizes: [0.1, 0.2, 0.3, 0.4, 0.5]
times: [228.13, 440.13, 667.49, 885.35, 1109.06]
scores: [0.7569709724918496, 0.8431175812545575, 0.8581272257886594, 0.7652321719183264, 0.9552841149138122]
