training_data_sizes: [0.1, 0.2, 0.3, 0.4, 0.5]
times: [105.0, 213.0, 325.0, 434.0, 543.0]
scores: [0.8052280348030562, 0.6752099880953635, 0.8227712825152711, 0.8172986740784223, 0.6932465792360855]
