training_data_sizes: [0.1, 0.2, 0.3, 0.4, 0.5]
times: [119.0, 230.0, 352.0, 474.0, 596.0]
scores: [0.8222481270735023, 0.8137973256699542, 0.8508311887433796, 0.8263381762051804, 0.8144808871718754]
