training_data_sizes: [0.1, 0.2, 0.3, 0.4, 0.5, 0.6]
times: [16.0, 32.0, 53.0, 72.0, 98.0, 111.0]
scores: [0.7732596319274945, 0.8236736398147646, 0.8703355087372253, 0.8441984143484509, 0.9231733864505794, 0.8821509878244214]
