training_data_sizes: [0.1, 0.2, 0.3, 0.4, 0.5, 0.6, 0.7, 0.8, 0.9, 1.0]
times: [0.12, 0.19, 0.29, 0.33, 0.44, 0.53, 0.6, 0.68, 0.8, 0.86]
scores: [0.9744318181818181, 0.898391228729905, 0.8497547208547478, 0.7828953708305069, 0.7758989154812539, 0.7694331959837075, 0.7491286317819299, 0.7440334386930487, 0.7327812931233229, 0.7196547605864732]
