training_data_sizes: [0.1, 0.2, 0.3, 0.4, 0.5, 0.6]
times: [204.55, 409.5, 601.29, 808.94, 1006.96, 1207.55]
scores: [0.6055413204777766, 0.4618455855807513, 0.5135300910123048, 0.5283520489387196, 0.6467982487792916, 0.6649886605056377]
