training_data_sizes: [0.1, 0.2, 0.3, 0.4, 0.5, 0.6, 0.7]
times: [201.78, 408.6, 604.06, 806.98, 1006.2, 1204.7, 1406.49]
scores: [0.6765377001887949, 0.7058680309257105, 0.8093248835398542, 0.8547390888825732, 0.96804454749353, 1.0, 1.0]
