training_data_sizes: [0.1, 0.2, 0.3, 0.4, 0.5]
times: [209.68, 408.29, 608.68, 803.07, 1009.22]
scores: [0.756347057245621, 0.9206216809761663, 0.7833838671247592, 0.8806091887309243, 0.8830792243032739]
