training_data_sizes: [0.1, 0.2]
times: [358.15, 701.53]
scores: [0.8490635116543384, 0.9155545346960889]
