training_data_sizes: [0.1, 0.2, 0.3, 0.4]
times: [350.52, 700.94, 1055.32, 1406.99]
scores: [0.8262430779859441, 0.8002887131934338, 0.916957985241788, 0.9776743453020024]
