training_data_sizes: [0.1, 0.2, 0.3, 0.4, 0.5, 0.6, 0.7, 0.8]
times: [91.0, 197.0, 291.0, 391.0, 499.0, 594.0, 697.0, 796.0]
scores: [0.6597190371071913, 0.7884314151300271, 0.6981319874466794, 0.7740848346079585, 0.8371102988145341, 0.8976912248115028, 0.861575636394522, 0.9183155947446207]
