training_data_sizes: [0.1, 0.2, 0.3]
times: [29.0, 55.0, 80.0]
scores: [0.7791794695455536, 0.6949854059862793, 0.872092377435215]
