training_data_sizes: [0.1, 0.2, 0.3, 0.4, 0.5, 0.6, 0.7]
times: [20.0, 54.0, 89.0, 110.0, 140.0, 175.0, 204.0]
scores: [0.6240456599653752, 0.48597395331808224, 0.5073845168261579, 0.443980921163245, 0.5969160398791913, 0.45309550485554057, 0.46092352466451336]
