training_data_sizes: [0.1, 0.2, 0.3, 0.4, 0.5, 0.6, 0.7, 0.8, 0.9]
times: [105.0, 214.0, 329.0, 433.0, 547.0, 656.0, 769.0, 875.0, 989.0]
scores: [0.7437463539053586, 0.8458125052338664, 0.892524813649316, 0.9232233722983749, 1.0, 1.0, 1.0, 1.0, 1.0]
