training_data_sizes: [0.1, 0.2, 0.3, 0.4, 0.5, 0.6, 0.7, 0.8, 0.9, 1.0]
times: [134.65, 266.09, 395.24, 523.55, 651.33, 785.29, 917.5, 1048.57, 1177.77, 1305.0]
scores: [0.7224981956125667, 0.6067133588285583, 0.7059841863647323, 0.8869519997894085, 0.8138747948523122, 1.0, 0.8884269812744385, 0.9036348889907311, 1.0, 1.0]
