training_data_sizes: [0.1, 0.2, 0.3, 0.4, 0.5, 0.6]
times: [23.0, 50.0, 85.0, 115.0, 143.0, 177.0]
scores: [0.7746265283873023, 0.7539735637844353, 0.73883243667569, 0.7640876094067977, 0.9246543635735649, 1.0]
