training_data_sizes: [0.1, 0.2, 0.3, 0.4, 0.5, 0.6, 0.7, 0.8, 0.9]
times: [88.0, 171.0, 265.0, 353.0, 447.0, 538.0, 624.0, 719.0, 806.0]
scores: [0.7447670880807917, 0.9284737975917129, 0.884591737588043, 0.8428575946642716, 0.9163679084451612, 0.9444602217788625, 0.9766026316402554, 1.0, 1.0]
