training_data_sizes: [0.1, 0.2, 0.3, 0.4, 0.5]
times: [90.0, 196.0, 295.0, 393.0, 491.0]
scores: [0.8315429483273307, 0.8458387445474527, 0.7672988486780046, 0.7987744944924677, 0.9025498379979728]
