training_data_sizes: [0.1, 0.2, 0.3, 0.4, 0.5, 0.6, 0.7, 0.8]
times: [140.65, 275.15, 420.23, 556.24, 693.52, 826.4, 971.87, 1100.23]
scores: [0.5337056345100243, 0.6462390456907622, 0.6770865688677306, 0.6834872145088582, 0.7241655506088054, 0.9562349972381101, 0.9116923751276895, 0.9612415935959062]
