training_data_sizes: [0.1, 0.2]
times: [555.0, 1109.66]
scores: [0.9917383428399036, 0.9263388808863636]
