training_data_sizes: [0.1, 0.2, 0.3, 0.4, 0.5, 0.6]
times: [237.85, 288.72, 645.7, 937.71, 1107.67, 1070.23]
scores: [1.0, 1.0, 0.999999990187928, 0.9999991682901832, 0.9999992012888339, 1.0]
