training_data_sizes: [0.1, 0.2, 0.3, 0.4, 0.5, 0.6, 0.7, 0.8, 0.9, 1.0]
times: [0.48, 0.9, 1.3, 1.75, 2.13, 2.73, 3.54, 4.26, 4.82, 5.4]
scores: [0.29769609743607645, 0.2975879396629279, 0.3132447790266137, 0.3105052489703697, 0.3149175182417932, 0.3237203036641206, 0.32608010451009656, 0.3282707247831455, 0.330328542415631, 0.33255227098144635]
