training_data_sizes: [0.1, 0.2]
times: [25.0, 59.0]
scores: [0.7952975501880111, 0.891922466056406]
