training_data_sizes: [0.1, 0.2, 0.3, 0.4, 0.5, 0.6, 0.7, 0.8, 0.9, 1.0]
times: [22.67, 42.39, 65.06, 86.87, 116.32, 136.58, 156.26, 177.41, 198.28, 244.37]
scores: [0.6024835955690395, 0.4899122240109046, 0.44582019051206, 0.41966274260260894, 0.405556289017559, 0.3996496545751571, 0.3926794862276337, 0.3857234863480319, 0.38173534436830603, 0.37706390573106874]
