training_data_sizes: [0.1, 0.2, 0.3, 0.4]
times: [130.0, 277.0, 415.0, 553.0]
scores: [0.676644802109998, 0.7650011788246938, 0.6916794941136979, 0.8840988280486025]
