training_data_sizes: [0.1, 0.2, 0.3, 0.4, 0.5, 0.6, 0.7]
times: [30.0, 74.0, 110.0, 151.0, 191.0, 230.0, 276.0]
scores: [0.9092585932747657, 0.9966402321858132, 1.0, 1.0, 1.0, 1.0, 1.0]
