training_data_sizes: [0.1, 0.2, 0.3, 0.4]
times: [276.18, 556.56, 834.22, 1103.79]
scores: [0.8640911754165367, 0.7484012025820461, 0.9877161850772163, 1.0]
