training_data_sizes: [0.1, 0.2, 0.3, 0.4, 0.5, 0.6, 0.7, 0.8, 0.9]
times: [150.34, 293.45, 435.64, 581.84, 724.66, 869.51, 1011.79, 1159.25, 1304.27]
scores: [0.907362118401664, 1.0, 0.880538533757554, 0.9910011898335017, 0.9542258343122212, 0.9688713257038586, 0.9410157170911966, 1.0, 1.0]
