training_data_sizes: [0.1, 0.2, 0.3, 0.4, 0.5, 0.6, 0.7]
times: [50.0, 118.0, 177.0, 231.0, 292.0, 359.0, 417.0]
scores: [0.7712154796303026, 0.7916508174851757, 0.841851120091882, 0.9395228387156355, 0.9029649834196194, 0.9347306627347367, 0.8919386096776565]
