training_data_sizes: [0.1, 0.2, 0.3, 0.4, 0.5, 0.6, 0.7, 0.8, 0.9, 1.0]
times: [27.0, 57.0, 84.0, 111.0, 142.0, 177.0, 202.0, 234.0, 262.0, 297.0]
scores: [0.7613597126987762, 0.6061535122368993, 0.6254239402994833, 0.5720093374554245, 0.5462441808052092, 0.5386147925624851, 0.6413722472413198, 0.5487578843631737, 0.5579614497449532, 0.5274767877162757]
