training_data_sizes: [0.1, 0.2, 0.3, 0.4, 0.5]
times: [97.0, 197.0, 291.0, 398.0, 497.0]
scores: [0.6483172629007242, 0.5808429949305929, 0.5543898824497371, 0.6346965277720003, 0.637174662877625]
