training_data_sizes: [0.1, 0.2]
times: [75.0, 153.0]
scores: [0.8961624183706313, 0.8269106341518315]
