training_data_sizes: [0.1, 0.2]
times: [506.74, 1007.73]
scores: [0.9089813814887098, 0.8060031484019559]
