training_data_sizes: [0.1, 0.2, 0.3, 0.4, 0.5, 0.6, 0.7, 0.8, 0.9]
times: [155.72, 315.25, 473.38, 623.67, 782.37, 933.91, 1093.78, 1248.81, 1409.3]
scores: [0.9218556500481081, 0.9055759938790233, 1.0, 0.9206503865840142, 1.0, 1.0, 1.0, 1.0, 1.0]
