training_data_sizes: [0.1, 0.2, 0.3, 0.4, 0.5, 0.6, 0.7]
times: [100.0, 212.0, 328.0, 431.0, 544.0, 652.0, 766.0]
scores: [0.6871455644978974, 0.8355086308591754, 0.8596848275663715, 0.8089703086939282, 0.8973842783673889, 0.9328226148620682, 1.0]
