training_data_sizes: [0.1, 0.2, 0.3]
times: [271.87, 537.65, 807.3]
scores: [0.5441467537929601, 0.7204373680973826, 0.6014832609186496]
