training_data_sizes: [0.1, 0.2, 0.3, 0.4, 0.5]
times: [224.61, 448.31, 662.41, 880.61, 1106.94]
scores: [0.7056093318638748, 0.7160195441156956, 0.7526134100644059, 0.9163768742961467, 0.9420006246813937]
