training_data_sizes: [0.1, 0.2, 0.3, 0.4, 0.5, 0.6, 0.7, 0.8, 0.9]
times: [19.0, 33.0, 58.0, 72.0, 90.0, 112.0, 133.0, 159.0, 179.0]
scores: [0.8839245130912539, 0.8584507226717304, 0.9244592843691847, 1.0, 1.0, 0.98172178327831, 1.0, 1.0, 1.0]
