training_data_sizes: [0.1, 0.2, 0.3]
times: [402.1, 809.58, 1202.78]
scores: [0.9260502888490709, 0.8582648877038589, 0.8812094414115986]
