training_data_sizes: [0.1, 0.2, 0.3, 0.4, 0.5, 0.6, 0.7]
times: [114.0, 236.0, 355.0, 470.0, 594.0, 719.0, 837.0]
scores: [0.9056068595999605, 0.8641247451681202, 0.8583810692261544, 0.8659343501450207, 0.8932220556686754, 0.7949471924347487, 0.8653902016037487]
