training_data_sizes: [0.1, 0.2, 0.3, 0.4, 0.5, 0.6, 0.7, 0.8, 0.9, 1.0]
times: [144.65, 285.95, 424.26, 569.19, 704.26, 846.63, 988.69, 1126.27, 1269.25, 1404.08]
scores: [0.9472260992925787, 1.0, 0.986512779810576, 1.0, 0.944798255435047, 1.0, 1.0, 1.0, 1.0, 1.0]
