training_data_sizes: [0.1, 0.2]
times: [42.0, 94.0]
scores: [0.72600142266308, 0.7639310022111062]
