training_data_sizes: [0.1, 0.2]
times: [656.13, 1300.11]
scores: [0.8240104132723949, 0.7638597180921658]
