training_data_sizes: [0.1, 0.2, 0.3, 0.4, 0.5, 0.6, 0.7, 0.8, 0.9]
times: [30.0, 79.0, 110.0, 151.0, 192.0, 236.0, 275.0, 311.0, 351.0]
scores: [0.8973550392004193, 0.9601721391984531, 0.9124713117412675, 1.0, 1.0, 0.971604034087943, 1.0, 1.0, 1.0]
