training_data_sizes: [0.1, 0.2, 0.3, 0.4, 0.5]
times: [263.32, 522.22, 781.11, 1043.2, 1302.18]
scores: [0.8926607167722442, 1.0, 1.0, 0.9463752223952134, 0.9916224878398125]
