training_data_sizes: [0.1, 0.2, 0.3, 0.4, 0.5, 0.6, 0.7, 0.8, 0.9]
times: [26.0, 59.0, 82.0, 117.0, 149.0, 177.0, 204.0, 232.0, 268.0]
scores: [0.7994982750437403, 0.757662287868728, 0.8995619255994322, 0.8895416810306879, 0.8442164024521783, 0.9626148702631998, 0.917200890387253, 0.8425078064053821, 0.9232105480908743]
