training_data_sizes: [0.1, 0.2, 0.3, 0.4, 0.5, 0.6]
times: [159.54, 303.17, 458.68, 605.68, 750.86, 907.96]
scores: [0.865324563719897, 0.8153900533215215, 0.779935847026261, 0.702220318670765, 0.7808786822553915, 0.7101237357998567]
