training_data_sizes: [0.1, 0.2]
times: [36.0, 74.0]
scores: [0.8173535264677473, 0.8911463530573316]
