training_data_sizes: [0.1, 0.2, 0.3, 0.4, 0.5, 0.6, 0.7, 0.8, 0.9, 1.0]
times: [135.0, 271.0, 416.0, 553.0, 695.0, 833.0, 978.9999999999999, 1117.0, 1259.0, 1395.0]
scores: [0.9065186243866954, 0.8514580879410616, 0.9073381447638038, 1.0, 1.0, 0.9634622930235442, 1.0, 1.0, 1.0, 0.9523614224896761]
