training_data_sizes: [0.1, 0.2, 0.3, 0.4, 0.5, 0.6, 0.7, 0.8, 0.9, 1.0]
times: [68.0, 138.0, 207.0, 277.0, 344.0, 414.0, 481.99999999999994, 552.0, 622.0, 694.0]
scores: [0.9488100892430873, 0.8377583346750124, 0.8157005492025143, 0.8332915638071927, 0.8667102937749771, 0.9471415860081458, 0.9689794563042576, 1.0, 1.0, 0.9650242938236354]
