training_data_sizes: [0.1, 0.2, 0.3, 0.4, 0.5, 0.6, 0.7, 0.8]
times: [123.0, 257.0, 385.0, 514.0, 640.0, 777.0, 907.9999999999999, 1030.0]
scores: [0.7025590200455858, 0.6227279331968678, 0.7585830437501634, 0.549594196818174, 0.6807963541713102, 0.6703177174559649, 0.6032620454495858, 0.5507561785635815]
