training_data_sizes: [0.1, 0.2, 0.3, 0.4, 0.5, 0.6]
times: [238.41, 470.28, 703.63, 937.17, 1173.12, 1401.59]
scores: [0.4846407362314164, 0.5973475740885403, 0.6142885849290913, 0.6137131820787578, 0.48442813946212354, 0.6321559716915799]
