training_data_sizes: [0.1, 0.2, 0.3, 0.4, 0.5]
times: [46.0, 92.0, 143.0, 192.0, 240.0]
scores: [1.0, 0.9397679773668003, 0.9271046822668276, 1.0, 1.0]
