training_data_sizes: [0.1, 0.2]
times: [4.0, 14.0]
scores: [0.9149991944952993, 0.8773563426018256]
