training_data_sizes: [0.1, 0.2, 0.3, 0.4, 0.5, 0.6, 0.7, 0.8, 0.9, 1.0]
times: [86.65, 166.69, 249.0, 324.14, 405.91, 482.6, 565.02, 642.58, 728.28, 803.93]
scores: [0.7291777644016781, 0.7322674559536078, 0.7892852707033087, 0.9023827455726661, 0.7888216581861855, 0.8982439931092682, 0.7281856942992107, 0.8900617915872235, 0.7761154670126922, 0.8036018320866575]
