training_data_sizes: [0.1, 0.2, 0.3, 0.4, 0.5, 0.6, 0.7, 0.8]
times: [62.0, 135.0, 201.0, 271.0, 344.0, 418.0, 483.99999999999994, 559.0]
scores: [0.8631505541507024, 0.8554192421226716, 0.8190985794450152, 0.9423849963940581, 1.0, 1.0, 1.0, 1.0]
