training_data_sizes: [0.1, 0.2, 0.3, 0.4, 0.5, 0.6]
times: [134.5, 276.56, 401.02, 533.9, 667.96, 806.44]
scores: [0.7572874588966185, 0.7904826621820322, 0.731336217030257, 0.8498069478637504, 0.7599268277452086, 0.8339327550708873]
