training_data_sizes: [0.1, 0.2, 0.3, 0.4, 0.5, 0.6, 0.7]
times: [74.0, 153.0, 238.0, 313.0, 391.0, 472.0, 552.0]
scores: [0.731248906283402, 0.7767422025935992, 0.9361094558313129, 0.8178781123488831, 1.0, 0.9497493015445446, 0.9130829741106393]
