training_data_sizes: [0.1, 0.2]
times: [150.02, 471.69]
scores: [0.041524814960436474, 0.05217446561277772]
