training_data_sizes: [0.1, 0.2, 0.3, 0.4, 0.5, 0.6, 0.7, 0.8]
times: [125.38, 250.33, 384.48, 503.36, 630.71, 755.16, 880.56, 1002.34]
scores: [0.9134595388211848, 0.8574154441544928, 0.8536471754113422, 0.9209847924706754, 1.0, 0.9509611231360904, 1.0, 1.0]
