training_data_sizes: [0.1, 0.2, 0.3, 0.4, 0.5, 0.6]
times: [56.04, 165.26, 319.9, 521.39, 800.16, 1101.66]
scores: [0.9729080369928885, 0.984339282302789, 0.988438939784588, 0.9908959635425209, 0.9923282053787613, 0.9935442955497925]
