training_data_sizes: [0.1, 0.2]
times: [133.0, 271.0]
scores: [0.7843786392494194, 0.7803063136453221]
