training_data_sizes: [0.1, 0.2, 0.3, 0.4, 0.5, 0.6, 0.7, 0.8]
times: [113.0, 238.0, 350.0, 475.0, 595.0, 719.0, 831.0, 956.0]
scores: [0.8688670983310169, 0.8454080130508814, 0.9202729249427022, 0.8487337827156951, 0.9888006356871806, 0.9707167241178813, 0.8960357865223103, 0.9840263274086647]
