training_data_sizes: [0.1, 0.2, 0.3]
times: [13.0, 39.0, 53.0]
scores: [0.9667072494535174, 0.9437442461295489, 1.0]
