training_data_sizes: [0.1, 0.2, 0.3, 0.4, 0.5, 0.6]
times: [124.0, 254.0, 384.0, 513.0, 640.0, 772.0]
scores: [0.7834533886306865, 0.7869575426393681, 0.8114969459820354, 0.6140439244628293, 0.6501164500468262, 0.788466718390871]
