training_data_sizes: [0.1, 0.2, 0.3, 0.4, 0.5, 0.6, 0.7, 0.8, 0.9, 1.0]
times: [106.64, 203.74, 305.7, 407.71, 507.64, 608.51, 707.4, 800.7, 901.48, 1001.26]
scores: [0.5615646097640631, 0.5583507193427345, 0.6556422098658585, 0.5965183705110579, 0.7808392181736552, 0.8182827430350774, 0.8748102400008482, 0.8954205131696351, 1.0, 1.0]
