training_data_sizes: [0.1, 0.2, 0.3, 0.4, 0.5, 0.6]
times: [190.84, 370.43, 553.79, 738.29, 918.28, 1108.86]
scores: [0.731195640733656, 0.8267327892808144, 0.6855457608224085, 0.7063032859351466, 0.8383504901475874, 0.7364020513821059]
