training_data_sizes: [0.1, 0.2, 0.3]
times: [300.37, 605.97, 905.84]
scores: [0.7344622014024956, 0.6549441846631068, 0.8943175772283147]
