training_data_sizes: [0.1, 0.2, 0.3, 0.4, 0.5, 0.6, 0.7, 0.8, 0.9, 1.0]
times: [94.8, 189.65, 275.11, 361.56, 459.38, 548.73, 637.1, 726.11, 814.29, 901.76]
scores: [0.7520389017946303, 0.8127783368964687, 0.8934666151191071, 0.9874831969765024, 0.9530169283622102, 1.0, 1.0, 1.0, 1.0, 1.0]
