training_data_sizes: [0.1, 0.2, 0.3, 0.4]
times: [283.06, 553.7, 830.29, 1101.68]
scores: [0.9610990231509784, 0.9647164564604409, 0.8880898173366263, 0.9621489793071962]
