training_data_sizes: [0.1, 0.2, 0.3, 0.4, 0.5, 0.6, 0.7]
times: [94.32, 171.78, 264.85, 346.67, 429.15, 517.34, 603.64]
scores: [0.7761396428021007, 0.9372945428328525, 0.7885572289003813, 0.906213148354694, 0.9077840909365951, 0.8602588650576013, 0.8337271707129678]
