training_data_sizes: [0.1, 0.2, 0.3, 0.4, 0.5, 0.6, 0.7, 0.8]
times: [182.93, 352.63, 533.57, 702.83, 884.75, 1050.37, 1227.12, 1404.3]
scores: [0.9000876791983546, 0.8573625551666829, 0.935551744983783, 0.8384943528111417, 0.9486459426992975, 0.8564402430324292, 0.7629366081008784, 0.7556490527613706]
