training_data_sizes: [0.1, 0.2, 0.3, 0.4, 0.5, 0.6, 0.7]
times: [179.95, 344.04, 518.69, 688.09, 867.13, 1032.48, 1203.46]
scores: [0.47311815636688254, 0.6063436492062786, 0.5883463527909947, 0.5532511296299056, 0.552196244137364, 0.5353044443903879, 0.5900283232359625]
