training_data_sizes: [0.1, 0.2, 0.3, 0.4]
times: [358.77, 700.94, 1050.29, 1404.12]
scores: [0.771837528440317, 0.8905647110906585, 0.820910463408125, 1.0]
