training_data_sizes: [0.1, 0.2, 0.3, 0.4, 0.5, 0.6]
times: [209.64, 408.25, 600.61, 804.61, 1002.09, 1203.34]
scores: [0.8733516207425459, 0.8743619373083911, 0.7896569681611596, 0.8474083504820742, 0.8162010724360438, 0.9531037042242749]
