training_data_sizes: [0.1, 0.2, 0.3, 0.4]
times: [50.0, 113.0, 175.0, 237.0]
scores: [0.7205715190419478, 0.7849991730713379, 0.7973587096341648, 0.8869350421730826]
