training_data_sizes: [0.1, 0.2]
times: [705.65, 1409.08]
scores: [0.9383581023160779, 0.7872296015671612]
