training_data_sizes: [0.1, 0.2, 0.3, 0.4]
times: [174.72, 351.79, 619.97, 947.45]
scores: [0.9989957045721183, 0.9984682038986197, 0.997939448599936, 0.9975342655844576]
