training_data_sizes: [0.1, 0.2, 0.3, 0.4, 0.5, 0.6, 0.7]
times: [78.0, 154.0, 230.0, 316.0, 393.0, 479.0, 550.0]
scores: [0.8091986748449926, 0.9356073426966058, 0.8805728236005756, 1.0, 0.8872987911983684, 0.9286989003545185, 1.0]
