training_data_sizes: [0.1, 0.2, 0.3]
times: [400.56, 807.96, 1204.55]
scores: [0.705329227649399, 0.7067110096667402, 0.733270438464313]
