training_data_sizes: [0.1, 0.2, 0.3, 0.4, 0.5]
times: [20.0, 55.0, 80.0, 118.0, 146.0]
scores: [0.6633564329801593, 0.678569345780142, 0.6986715302839837, 0.7774859304228614, 0.8041722762547701]
