training_data_sizes: [0.1, 0.2, 0.3]
times: [82.0, 177.0, 260.0]
scores: [0.867001893335608, 0.986691161537719, 1.0]
