training_data_sizes: [0.1, 0.2, 0.3, 0.4, 0.5, 0.6, 0.7, 0.8]
times: [75.0, 155.0, 231.0, 313.0, 394.0, 474.0, 555.0, 637.0]
scores: [0.7783329774233734, 0.6433127373878726, 0.7107349922827715, 0.7616205971776584, 0.8326256998917481, 0.8553350215077277, 0.8561915744584545, 0.965916778344815]
