training_data_sizes: [0.1, 0.2, 0.3, 0.4]
times: [351.59, 708.14, 1057.23, 1402.96]
scores: [0.988419471687256, 0.9277313504789896, 0.8494577884225545, 1.0]
