training_data_sizes: [0.1, 0.2, 0.3, 0.4, 0.5]
times: [141.63, 288.46, 429.83, 568.9, 705.69]
scores: [0.6903858486015612, 0.7241591153435422, 0.7790512048934335, 0.9410365368106028, 0.9034812374353751]
