training_data_sizes: [0.1, 0.2, 0.3, 0.4, 0.5, 0.6, 0.7, 0.8, 0.9, 1.0]
times: [0.89, 2.1, 3.24, 5.22, 6.82, 9.63, 11.16, 14.3, 17.41, 19.99]
scores: [0.8978414694930761, 0.8837604419356067, 0.8597031457609505, 0.8643955991798415, 0.8446449073701383, 0.8521416946857734, 0.8521176709306211, 0.844876971746368, 0.8467624293199618, 0.8455404350976974]
