training_data_sizes: [0.1, 0.2, 0.3, 0.4, 0.5]
times: [39.0, 78.0, 111.0, 154.0, 192.0]
scores: [0.9340227748944838, 0.9189986457450772, 0.8865113678441865, 0.7670764706267693, 0.8947015119641579]
