training_data_sizes: [0.1, 0.2, 0.3, 0.4]
times: [277.27, 556.59, 834.8, 1108.18]
scores: [0.8437603022336707, 0.8802073327453315, 0.8354021077007199, 0.7892025089127439]
