training_data_sizes: [0.1, 0.2, 0.3, 0.4, 0.5, 0.6, 0.7]
times: [15.0, 31.0, 50.0, 71.0, 97.0, 112.0, 137.0]
scores: [0.8736665392975689, 0.8475418358543142, 0.7822122333235496, 0.967716802042518, 0.9724647956120771, 0.8139758763456568, 0.8670109188219352]
