training_data_sizes: [0.1, 0.2, 0.3, 0.4, 0.5, 0.6, 0.7, 0.8]
times: [114.78, 225.68, 344.67, 456.2, 572.18, 675.92, 796.86, 909.84]
scores: [0.7130147168763664, 0.8382729406378684, 0.8966208289722372, 0.8295455040663591, 0.9041959529369018, 0.9231461609778808, 0.9445190338662626, 0.7625280432331922]
