training_data_sizes: [0.1, 0.2, 0.3, 0.4]
times: [73.0, 150.0, 233.0, 312.0]
scores: [1.0, 0.907545702684815, 0.9072370213956708, 1.0]
