training_data_sizes: [0.1, 0.2, 0.3, 0.4, 0.5, 0.6]
times: [118.0, 236.0, 352.0, 476.0, 591.0, 714.0]
scores: [0.8272499010269174, 0.8225789094632627, 0.8386657901160218, 0.8483679832575441, 0.9662415062368983, 0.8612896061020872]
