training_data_sizes: [0.1, 0.2, 0.3, 0.4, 0.5, 0.6, 0.7, 0.8, 0.9]
times: [39.0, 71.0, 116.0, 153.0, 199.0, 232.0, 275.0, 316.0, 356.0]
scores: [0.6511698609296149, 0.711623256814474, 0.834939606248408, 0.9970470042191999, 1.0, 1.0, 1.0, 1.0, 1.0]
