training_data_sizes: [0.1, 0.2, 0.3, 0.4, 0.5, 0.6, 0.7, 0.8]
times: [80.0, 172.0, 263.0, 351.0, 443.0, 532.0, 629.0, 710.0]
scores: [0.9328584585187, 0.9142377694870089, 0.9080189270439334, 1.0, 1.0, 1.0, 1.0, 1.0]
