training_data_sizes: [0.1, 0.2, 0.3, 0.4, 0.5]
times: [61.0, 139.0, 205.0, 271.0, 347.0]
scores: [0.6728884423721437, 0.898074255044921, 0.957867931867162, 0.9657244479921674, 0.9825968040185198]
