training_data_sizes: [0.1, 0.2, 0.3, 0.4, 0.5, 0.6, 0.7, 0.8, 0.9, 1.0]
times: [1.77, 3.49, 5.54, 7.39, 8.68, 11.12, 12.41, 15.14, 16.73, 17.48]
scores: [0.29723428877264196, 0.2974916725873336, 0.3146954934474035, 0.3134516170309958, 0.3159728081394464, 0.32569999064292005, 0.3275089300539553, 0.3314812714785953, 0.33160782637020647, 0.3326939521710747]
