training_data_sizes: [0.1, 0.2, 0.3, 0.4, 0.5, 0.6, 0.7, 0.8]
times: [167.72, 329.68, 490.31, 652.17, 819.63, 983.31, 1145.29, 1300.61]
scores: [0.6286310936207895, 0.7211672295778169, 0.8665073322917471, 0.7398271590584176, 0.8990524564671327, 0.9687920406114271, 0.8739583396488154, 0.9459481460025958]
