training_data_sizes: [0.1, 0.2, 0.3, 0.4, 0.5, 0.6, 0.7]
times: [102.13, 206.03, 302.8, 402.41, 504.48, 603.9, 704.39]
scores: [0.7942531418619372, 0.8355048015633595, 0.9059590293528739, 0.9096828261556308, 0.8301388546196782, 0.8422032007551967, 0.9593019056014911]
