training_data_sizes: [0.1, 0.2, 0.3, 0.4, 0.5, 0.6, 0.7]
times: [48.0, 98.0, 145.0, 194.0, 242.0, 290.0, 347.0]
scores: [0.5574910679802627, 0.6527317005799335, 0.7151947586240199, 0.7240711734604244, 0.6882773006669785, 0.7732416610522791, 0.8885304925950128]
