training_data_sizes: [0.1, 0.2, 0.3, 0.4, 0.5, 0.6, 0.7, 0.8]
times: [125.0, 252.0, 387.0, 513.0, 649.0, 773.0, 899.9999999999999, 1039.0]
scores: [0.8386802282040716, 0.8964593463620916, 0.982858969356956, 1.0, 0.995016468625614, 0.9696200812796048, 1.0, 1.0]
