training_data_sizes: [0.1, 0.2, 0.3]
times: [209.4, 400.87, 601.83]
scores: [0.8711623088037965, 0.8640602937458186, 1.0]
