training_data_sizes: [0.1, 0.2]
times: [455.29, 901.87]
scores: [0.8664768591204757, 0.8437107431898241]
