training_data_sizes: [0.1, 0.2, 0.3, 0.4, 0.5, 0.6, 0.7, 0.8, 0.9]
times: [118.0, 238.0, 358.0, 477.0, 594.0, 717.0, 835.0, 951.0, 1072.0]
scores: [0.8491895108694585, 0.857279706773336, 0.8788581175384809, 1.0, 1.0, 1.0, 1.0, 0.9077472824504292, 0.9738784771794186]
