training_data_sizes: [0.1, 0.2, 0.3, 0.4, 0.5, 0.6, 0.7, 0.8, 0.9, 1.0]
times: [89.0, 179.0, 265.0, 359.0, 444.0, 531.0, 626.0, 711.0, 806.0, 894.0]
scores: [0.6608490072008799, 0.6674122711993351, 0.7159279800319952, 0.850833089101241, 0.8158037470708963, 0.9813598920879165, 0.8902414088062871, 0.9000577987512015, 1.0, 1.0]
