training_data_sizes: [0.1, 0.2, 0.3, 0.4, 0.5, 0.6]
times: [95.0, 193.0, 292.0, 391.0, 492.0, 592.0]
scores: [0.868481656846342, 0.8557299614066262, 0.8683577569819223, 0.8678666385071983, 0.914030056179271, 0.9692094283318389]
