training_data_sizes: [0.1, 0.2, 0.3, 0.4, 0.5]
times: [163.91, 327.54, 482.55, 647.73, 803.56]
scores: [0.6738449284354919, 0.7654430841472282, 0.8829397075890374, 0.7819319754467897, 0.9970213190139914]
