training_data_sizes: [0.1, 0.2, 0.3, 0.4, 0.5, 0.6, 0.7]
times: [45.0, 95.0, 147.0, 199.0, 241.0, 292.0, 343.0]
scores: [0.9284037058264019, 0.9559956405863991, 1.0, 0.9392848396397742, 0.9047615802795852, 0.9688198421703837, 0.9260696140669066]
