training_data_sizes: [0.1, 0.2, 0.3, 0.4, 0.5, 0.6, 0.7, 0.8, 0.9]
times: [128.89, 250.06, 372.7, 495.97, 616.1, 733.86, 860.28, 978.07, 1103.01]
scores: [0.702864252281689, 0.7837409873063506, 0.7186746858744497, 0.7811303298519818, 0.9548325139436957, 0.903432007068355, 1.0, 0.9200797742328051, 0.9806790146319067]
