training_data_sizes: [0.1, 0.2, 0.3, 0.4, 0.5, 0.6, 0.7, 0.8, 0.9, 1.0]
times: [1.0, 2.11, 3.37, 4.39, 5.6, 6.82, 7.95, 9.22, 10.54, 11.58]
scores: [0.29706409293913777, 0.29780817934954734, 0.313476952728642, 0.3127188836774459, 0.31608168935912145, 0.3262758137889275, 0.3278332953886674, 0.33123541102035176, 0.33143291566586325, 0.3321553977299255]
