training_data_sizes: [0.1, 0.2, 0.3, 0.4, 0.5, 0.6, 0.7]
times: [118.0, 238.0, 358.0, 471.0, 593.0, 719.0, 830.0]
scores: [0.7628708389405432, 0.9365046914885706, 0.827823138089655, 0.8422325424623421, 0.9375303099122807, 0.9692338422629491, 0.9903669320975632]
