training_data_sizes: [0.1, 0.2, 0.3, 0.4, 0.5]
times: [262.64, 526.93, 783.1, 1041.29, 1305.05]
scores: [0.8605880573897794, 0.9567153864527236, 0.8628976269085231, 0.8453338847593825, 0.9278425766826836]
