training_data_sizes: [0.1, 0.2, 0.3, 0.4, 0.5, 0.6, 0.7]
times: [121.0, 252.0, 385.0, 518.0, 649.0, 775.0, 902.9999999999999]
scores: [0.4645393177361456, 0.6070327499755118, 0.5193132785346583, 0.6032891920759461, 0.6390689952331068, 0.7329911505553721, 0.7562490643662538]
