training_data_sizes: [0.1, 0.2, 0.3, 0.4, 0.5, 0.6]
times: [170.13, 337.46, 507.95, 667.81, 838.04, 1004.39]
scores: [0.9896883674306545, 0.9451661933639526, 0.9238698220470889, 1.0, 0.9428389846012065, 0.9688563320091621]
