training_data_sizes: [0.1, 0.2, 0.3, 0.4, 0.5, 0.6, 0.7, 0.8, 0.9, 1.0]
times: [91.0, 197.0, 296.0, 397.0, 490.0, 593.0, 696.0, 791.0, 896.0, 999.0]
scores: [0.9414905136037324, 0.9552016000181806, 1.0, 0.9078627135151005, 0.9181185385249722, 0.9293124460238108, 0.9764864894113274, 0.9326592904277511, 1.0, 1.0]
