training_data_sizes: [0.1, 0.2, 0.3, 0.4, 0.5, 0.6, 0.7, 0.8, 0.9]
times: [142.86, 273.03, 404.6, 537.82, 675.54, 808.29, 934.93, 1066.93, 1203.03]
scores: [0.8835325737300588, 0.8721793042860664, 0.8713974538699361, 1.0, 0.9811742631101564, 0.9698926526347539, 0.8736313695690608, 0.9040945767038471, 0.8986646253316534]
