training_data_sizes: [0.1, 0.2, 0.3]
times: [203.02, 409.7, 600.72]
scores: [0.5907790861116, 0.6695272506460418, 0.7271791268941357]
