training_data_sizes: [0.1, 0.2, 0.3, 0.4, 0.5]
times: [16.0, 33.0, 52.0, 75.0, 97.0]
scores: [0.8849238453469026, 0.8630498568516944, 0.9499692678812853, 1.0, 1.0]
