training_data_sizes: [0.1, 0.2, 0.3, 0.4, 0.5, 0.6, 0.7, 0.8]
times: [78.0, 157.0, 235.0, 310.0, 393.0, 478.0, 553.0, 636.0]
scores: [0.7588232764356365, 0.6943382101464708, 0.7793516841734596, 0.8682556026222292, 0.775333656708101, 0.8640527816313743, 0.8938012614955884, 0.8439615175587181]
