training_data_sizes: [0.1, 0.2, 0.3, 0.4, 0.5, 0.6, 0.7, 0.8, 0.9, 1.0]
times: [132.39, 268.59, 390.45, 525.69, 654.22, 785.67, 914.75, 1043.88, 1175.0, 1305.97]
scores: [0.5789058259577311, 0.5341922888073082, 0.5510723575068338, 0.4811621460778136, 0.6427002598448774, 0.5525172076406788, 0.6296557453489384, 0.6712842784598484, 0.8095613499192262, 0.903201086680586]
