training_data_sizes: [0.1, 0.2, 0.3, 0.4, 0.5, 0.6, 0.7]
times: [59.0, 110.0, 178.0, 239.0, 296.0, 351.0, 410.0]
scores: [0.7954593563593766, 0.8699900114600475, 0.8407083442553394, 0.981309359191044, 0.9879581324106033, 0.8350008134368468, 0.8860865919716189]
