training_data_sizes: [0.1, 0.2, 0.3, 0.4, 0.5]
times: [116.0, 232.0, 351.0, 474.0, 590.0]
scores: [0.6052374538537308, 0.7934278731881754, 0.7446841638795355, 0.8788940118617486, 0.7622495965180462]
