training_data_sizes: [0.1, 0.2, 0.3, 0.4, 0.5, 0.6, 0.7]
times: [52.0, 119.0, 173.0, 237.0, 296.0, 358.0, 412.0]
scores: [0.7931474572900782, 0.8561727138068238, 0.9131960964333042, 0.901762456363302, 0.8464078716566978, 0.8470147392182479, 0.7410762933648622]
