training_data_sizes: [0.1, 0.2, 0.3, 0.4, 0.5, 0.6, 0.7, 0.8]
times: [121.0, 259.0, 386.0, 516.0, 649.0, 774.0, 905.9999999999999, 1035.0]
scores: [0.7808403306120835, 0.7593638260577296, 0.8239611360516093, 0.8723061949412544, 0.8637226102096169, 0.803583891795818, 0.7701093326331627, 0.8656766445432631]
