training_data_sizes: [0.1, 0.2, 0.3, 0.4, 0.5, 0.6, 0.7, 0.8, 0.9]
times: [27.0, 55.0, 88.0, 116.0, 147.0, 172.0, 201.0, 232.0, 262.0]
scores: [0.7634641642195549, 0.7861462715587262, 0.7675171882353291, 0.9567937764385324, 1.0, 0.9672647191114332, 1.0, 0.9947589047435377, 1.0]
