training_data_sizes: [0.1, 0.2, 0.3, 0.4, 0.5, 0.6]
times: [184.28, 367.92, 554.24, 738.83, 918.24, 1104.37]
scores: [0.708992773250629, 0.7895415939937006, 0.6351939043140387, 0.7309234065961472, 0.6582340781416665, 0.7403631121052555]
