training_data_sizes: [0.1, 0.2, 0.3, 0.4, 0.5, 0.6, 0.7, 0.8, 0.9, 1.0]
times: [60.0, 131.0, 200.0, 275.0, 342.0, 418.0, 485.99999999999994, 551.0, 625.0, 694.0]
scores: [0.9078422514498943, 0.8025219104431235, 0.8679021397303177, 0.9834302037270222, 0.927070317700719, 0.967339833390175, 0.9041957753619462, 0.9985268755244697, 0.9033745907607972, 1.0]
