training_data_sizes: [0.1, 0.2, 0.3, 0.4, 0.5, 0.6, 0.7]
times: [100.11, 206.59, 307.39, 405.0, 505.18, 600.99, 708.72]
scores: [0.9753093244883847, 0.9749930058078382, 0.891047811370768, 0.9028733620984817, 0.9922325668030223, 1.0, 0.9945166023472565]
