training_data_sizes: [0.1, 0.2, 0.3, 0.4]
times: [60.0, 135.0, 202.0, 276.0]
scores: [0.7210393431704328, 0.7426329777126914, 0.7407558375038235, 0.774272100463752]
