training_data_sizes: [0.1, 0.2, 0.3, 0.4, 0.5, 0.6, 0.7, 0.8, 0.9, 1.0]
times: [23.0, 57.0, 85.0, 112.0, 147.0, 176.0, 205.0, 236.0, 268.0, 292.0]
scores: [0.8050233693554509, 0.8399474551063314, 0.8712861603180332, 0.9317936724720234, 0.9342648011180786, 0.8841723831575898, 0.9461756391334308, 1.0, 0.9508914581280163, 1.0]
