training_data_sizes: [0.1, 0.2, 0.3, 0.4, 0.5, 0.6]
times: [113.0, 231.0, 350.0, 473.0, 595.0, 711.0]
scores: [0.8057285244668417, 0.7768341778530409, 0.7384433157509569, 0.7821926782686308, 0.7960535162256268, 0.8312977863190785]
