training_data_sizes: [0.1, 0.2, 0.3, 0.4, 0.5, 0.6, 0.7, 0.8, 0.9, 1.0]
times: [112.47, 227.44, 333.76, 447.97, 554.71, 667.39, 774.22, 889.31, 993.84, 1104.28]
scores: [0.8983228898175305, 0.803915355411611, 0.9826153624109153, 0.9145354899024278, 0.8829527493213948, 0.9936189820695766, 0.972918711235432, 1.0, 1.0, 1.0]
