training_data_sizes: [0.1, 0.2, 0.3, 0.4, 0.5]
times: [265.58, 521.83, 780.43, 1046.62, 1300.19]
scores: [0.8817837961540549, 0.9557104610455023, 0.916080271083692, 0.9029211855829924, 0.8760430950372329]
