training_data_sizes: [0.1, 0.2, 0.3, 0.4, 0.5]
times: [79.0, 156.0, 239.0, 310.0, 390.0]
scores: [0.8399943086593689, 0.8760663721176094, 0.8273020076536082, 0.9551781046189733, 0.8605190150414801]
