training_data_sizes: [0.1, 0.2, 0.3, 0.4, 0.5]
times: [5.0, 11.0, 28.0, 35.0, 44.0]
scores: [0.8832101940852466, 0.8777179322544804, 0.8911332313199599, 1.0, 0.9025146157787092]
