training_data_sizes: [0.1, 0.2, 0.3]
times: [437.47, 876.62, 1303.62]
scores: [0.796574246214186, 0.7953978934926034, 0.921719758528082]
