training_data_sizes: [0.1, 0.2, 0.3, 0.4, 0.5, 0.6, 0.7, 0.8, 0.9, 1.0]
times: [11.0, 30.0, 53.0, 70.0, 94.0, 111.0, 135.0, 151.0, 170.0, 196.0]
scores: [0.715315086339618, 0.928124489502414, 0.8092899126477139, 0.883529252511909, 1.0, 0.9193815934834613, 1.0, 1.0, 1.0, 1.0]
