training_data_sizes: [0.1, 0.2, 0.3, 0.4]
times: [29.0, 52.0, 84.0, 112.0]
scores: [0.8678499867252307, 0.891026663764863, 0.8753182837027189, 0.8805049915913357]
