training_data_sizes: [0.1, 0.2, 0.3, 0.4, 0.5, 0.6, 0.7, 0.8, 0.9, 1.0]
times: [73.1, 75.62, 84.87, 86.97, 91.72, 97.53, 102.98, 108.95, 128.98, 139.39]
scores: [0.22966699024112291, 0.23546232439608417, 0.23870059755130058, 0.23823495339283463, 0.23760759682619859, 0.2369688155217663, 0.23764085376563882, 0.23662412451162407, 0.23654332573689674, 0.23656307852221237]
