training_data_sizes: [0.1, 0.2]
times: [609.75, 1204.85]
scores: [0.8165382488014767, 0.7196082701328718]
