training_data_sizes: [0.1, 0.2, 0.3, 0.4, 0.5, 0.6, 0.7]
times: [161.79, 314.46, 481.11, 634.02, 787.78, 944.96, 1106.3]
scores: [0.7957540001360147, 0.9137194287791166, 0.8934092177634585, 1.0, 1.0, 1.0, 1.0]
