training_data_sizes: [0.1, 0.2, 0.3, 0.4]
times: [207.02, 406.41, 604.33, 806.72]
scores: [0.596800282916228, 0.5350424730398492, 0.4733337791935517, 0.593620568581929]
