training_data_sizes: [0.1, 0.2, 0.3, 0.4]
times: [20.0, 59.0, 86.0, 118.0]
scores: [0.8569067046667772, 0.8955789358323918, 1.0, 1.0]
