training_data_sizes: [0.1, 0.2, 0.3, 0.4, 0.5, 0.6, 0.7, 0.8]
times: [128.95, 257.82, 383.99, 502.02, 626.47, 755.98, 880.86, 1000.42]
scores: [0.9466353186689123, 0.9457528056912841, 0.8492800556978765, 0.8133729756484627, 0.894319046201413, 0.8090076150072278, 0.8578854740408715, 0.8029176897431979]
