training_data_sizes: [0.1, 0.2, 0.3, 0.4, 0.5, 0.6, 0.7]
times: [102.45, 202.99, 303.37, 402.08, 506.09, 600.87, 704.2]
scores: [0.7731114830122681, 0.9037828230925676, 0.8505004477991627, 0.950359986583455, 1.0, 0.9118831702809596, 0.993537812433303]
