training_data_sizes: [0.1, 0.2, 0.3]
times: [1.0, 10.0, 23.0]
scores: [0.6071917064265099, 0.6347909842534404, 0.5571685084468411]
