training_data_sizes: [0.1, 0.2, 0.3]
times: [306.84, 600.45, 905.47]
scores: [0.8547951039774891, 0.7256553657054361, 0.8848804209135988]
