training_data_sizes: [0.1, 0.2, 0.3, 0.4, 0.5]
times: [289.78, 567.36, 843.66, 1121.2, 1402.45]
scores: [0.981221821258598, 1.0, 0.9992243336336548, 0.9336892609643468, 0.9703347902620006]
