training_data_sizes: [0.1, 0.2, 0.3, 0.4, 0.5]
times: [191.58, 284.48, 420.06, 801.57, 728.89]
scores: [0.9922526829770254, 0.9840935401542121, 0.9805909346165809, 0.9917859732116361, 0.9842361526768779]
