training_data_sizes: [0.1, 0.2, 0.3, 0.4, 0.5, 0.6, 0.7, 0.8, 0.9]
times: [114.34, 230.77, 341.76, 454.39, 561.28, 670.97, 781.4, 890.08, 1001.88]
scores: [0.911859027470852, 0.7839522617552248, 0.8127690233744307, 0.8979353287349257, 0.9674403524398794, 0.9790660649035374, 0.9671841136546656, 0.8631798162309143, 0.8855751437566775]
