training_data_sizes: [0.1, 0.2, 0.3, 0.4, 0.5, 0.6, 0.7, 0.8, 0.9, 1.0]
times: [145.92, 282.69, 424.83, 567.94, 707.53, 843.12, 989.7, 1120.94, 1269.39, 1408.66]
scores: [0.5790931547716381, 0.6179387331255677, 0.6153783607671832, 0.6365976702627912, 0.6343516953478723, 0.5939621616166316, 0.7774443994126166, 0.7954062571235698, 0.9515620716804701, 0.9428531571458516]
