training_data_sizes: [0.1, 0.2, 0.3, 0.4]
times: [19.0, 31.0, 52.0, 72.0]
scores: [0.7556593265989838, 0.8072753399014831, 0.9043306513129702, 0.7464567377501045]
