training_data_sizes: [0.1, 0.2, 0.3]
times: [200.16, 401.66, 607.1]
scores: [0.9333881403535129, 0.9488667863289917, 0.839463172896769]
