training_data_sizes: [0.1, 0.2, 0.3, 0.4, 0.5, 0.6, 0.7, 0.8]
times: [74.0, 158.0, 230.0, 311.0, 396.0, 478.0, 550.0, 639.0]
scores: [0.9093760572756511, 0.8964323685558058, 0.7117407408914251, 0.7129278270555715, 0.6970875453523311, 0.8476425370706254, 0.8029133192824821, 0.792334448573691]
