training_data_sizes: [0.1, 0.2, 0.3, 0.4, 0.5, 0.6, 0.7, 0.8, 0.9]
times: [155.75, 319.36, 470.16, 623.45, 780.45, 935.06, 1091.16, 1250.54, 1406.86]
scores: [0.9784011045338761, 1.0, 0.900650044044877, 0.9886030202049118, 1.0, 0.9327550060902454, 0.8858240509172395, 0.9391955676909549, 1.0]
