training_data_sizes: [0.1, 0.2, 0.3, 0.4]
times: [12.0, 39.0, 51.0, 73.0]
scores: [0.8448992145502142, 0.6542698986233175, 0.776406885732251, 0.6885327525006435]
