training_data_sizes: [0.1, 0.2, 0.3, 0.4, 0.5, 0.6, 0.7, 0.8, 0.9, 1.0]
times: [115.01, 226.8, 334.71, 449.34, 552.75, 668.74, 771.3, 886.92, 997.29, 1101.66]
scores: [0.816826088230945, 0.8898523590060183, 0.8018424759079681, 0.8778035210446018, 1.0, 0.8913645395483265, 0.9874045887499876, 1.0, 1.0, 1.0]
