training_data_sizes: [0.1, 0.2]
times: [306.82, 604.83]
scores: [0.8927654301721194, 0.991278482962987]
