training_data_sizes: [0.1, 0.2, 0.3, 0.4]
times: [325.96, 656.25, 981.59, 1301.27]
scores: [1.0, 0.9788408954873745, 0.9999173623247932, 0.9505387215852805]
