training_data_sizes: [0.1, 0.2, 0.3, 0.4]
times: [62.0, 134.0, 206.0, 278.0]
scores: [0.8273401121775144, 0.8239526707249505, 0.8765040963015786, 0.973642248768612]
