training_data_sizes: [0.1, 0.2, 0.3, 0.4, 0.5, 0.6, 0.7, 0.8]
times: [36.0, 78.0, 115.0, 151.0, 197.0, 234.0, 272.0, 312.0]
scores: [0.6211770859003253, 0.6988398027040279, 0.7025509429193444, 0.6774596587846595, 0.7859961824979427, 0.9159255187929278, 1.0, 1.0]
