training_data_sizes: [0.1, 0.2, 0.3, 0.4, 0.5]
times: [4.0, 11.0, 24.0, 33.0, 44.0]
scores: [0.6526889013226208, 0.7669838724316094, 0.86439440738874, 0.7562733499413099, 0.9392390734674461]
