training_data_sizes: [0.1, 0.2, 0.3]
times: [339.98, 672.87, 1009.62]
scores: [0.5217002797994222, 0.45747065915091845, 0.4843332763643896]
