training_data_sizes: [0.1, 0.2, 0.3, 0.4, 0.5]
times: [140.18, 288.94, 424.37, 563.85, 705.25]
scores: [0.8497125122380358, 0.8353329737676582, 0.8269240595156424, 0.9862086678141158, 1.0]
