training_data_sizes: [0.1, 0.2, 0.3, 0.4, 0.5]
times: [124.94, 242.4, 361.08, 489.05, 609.14]
scores: [0.86638148040514, 0.9069820227377542, 0.8155605425337867, 0.8823373399240932, 0.8294603060494017]
