training_data_sizes: [0.1, 0.2, 0.3]
times: [24.0, 55.0, 85.0]
scores: [0.6404317509788073, 0.6961045221429639, 0.7191406905229863]
