training_data_sizes: [0.1, 0.2]
times: [55.0, 116.0]
scores: [0.593323579952769, 0.7762150378881923]
