training_data_sizes: [0.1, 0.2, 0.3, 0.4, 0.5, 0.6, 0.7, 0.8]
times: [115.43, 230.32, 341.21, 458.93, 569.19, 677.96, 790.9, 905.37]
scores: [0.660178069557777, 0.7649344937862134, 0.7365166865527181, 0.6232130073944977, 0.6301266493974776, 0.6383885066553106, 0.6236240074236244, 0.5952691070399297]
