training_data_sizes: [0.1, 0.2]
times: [653.76, 1302.24]
scores: [0.8680936805024462, 0.8440731728735331]
