training_data_sizes: [0.1, 0.2, 0.3, 0.4, 0.5, 0.6]
times: [139.44, 266.98, 401.94, 540.22, 673.64, 804.92]
scores: [0.8266876768510856, 0.876455487494544, 0.8595313391298749, 0.8740766753048831, 1.0, 1.0]
