training_data_sizes: [0.1, 0.2, 0.3, 0.4, 0.5, 0.6, 0.7, 0.8]
times: [51.0, 110.0, 170.0, 238.0, 296.0, 352.0, 414.0, 474.0]
scores: [0.7166207433286196, 0.7651839080712592, 0.974221229686983, 0.9442829029417299, 1.0, 1.0, 0.9822253818831153, 1.0]
