training_data_sizes: [0.1, 0.2, 0.3, 0.4, 0.5, 0.6]
times: [16.0, 33.0, 53.0, 73.0, 90.0, 112.0]
scores: [0.6525721371154913, 0.6102877816139444, 0.5656670885268573, 0.7781859372856059, 0.7248364943599634, 0.7845429879584742]
