training_data_sizes: [0.1, 0.2]
times: [701.66, 1400.57]
scores: [0.9852935321760357, 0.9924394540405996]
