training_data_sizes: [0.1, 0.2, 0.3]
times: [209.96, 406.81, 603.4]
scores: [0.7788781707654303, 0.8347493539425181, 0.8768452520441009]
