training_data_sizes: [0.1, 0.2, 0.3]
times: [236.77, 470.53, 709.58]
scores: [0.8286390504861447, 0.9623500893143647, 0.8221434535058441]
