training_data_sizes: [0.1, 0.2, 0.3, 0.4, 0.5]
times: [205.34, 406.67, 603.35, 808.07, 1009.46]
scores: [1.0, 0.9281150738327499, 0.8854425524946623, 0.9230782728769993, 1.0]
