training_data_sizes: [0.1, 0.2, 0.3, 0.4, 0.5, 0.6, 0.7, 0.8]
times: [112.0, 234.0, 355.0, 477.0, 592.0, 715.0, 838.0, 953.0]
scores: [0.9346144929001843, 0.8869962195636296, 0.9909773472957137, 1.0, 0.9793606645037252, 0.9831854260874726, 1.0, 1.0]
