training_data_sizes: [0.1, 0.2, 0.3, 0.4, 0.5]
times: [166.79, 323.46, 481.48, 647.0, 809.47]
scores: [0.9661923784198625, 0.9034586920263042, 0.9603850236938849, 0.8564839103466733, 0.9210970335950015]
