training_data_sizes: [0.1, 0.2, 0.3, 0.4, 0.5, 0.6, 0.7]
times: [103.85, 209.26, 308.43, 401.14, 502.29, 608.52, 702.04]
scores: [0.4746328056337379, 0.6092848216621128, 0.6707967279737286, 0.601080688216673, 0.7532363186178738, 0.821436998500631, 0.7806256867322667]
