training_data_sizes: [0.1, 0.2, 0.3, 0.4, 0.5, 0.6, 0.7]
times: [25.0, 59.0, 85.0, 119.0, 145.0, 172.0, 208.0]
scores: [0.659506826052235, 0.6957059818419389, 0.743488241767588, 0.9457292988901667, 0.9901095647945792, 0.9707697896712582, 1.0]
