training_data_sizes: [0.1, 0.2, 0.3]
times: [435.85, 874.33, 1306.1]
scores: [0.6933248249501195, 0.726287241622429, 0.7607658537573649]
