training_data_sizes: [0.1, 0.2, 0.3, 0.4, 0.5, 0.6, 0.7, 0.8, 0.9]
times: [73.0, 155.0, 237.0, 313.0, 390.0, 478.0, 550.0, 635.0, 714.0]
scores: [0.8577830355682523, 0.8859124156526623, 0.9129603805113728, 0.8771455081694322, 0.9489902485479924, 0.9043066754224494, 0.8832230728067709, 1.0, 0.9446174393337645]
