training_data_sizes: [0.1, 0.2, 0.3, 0.4, 0.5, 0.6, 0.7]
times: [144.4, 294.96, 438.43, 578.52, 717.39, 864.23, 1007.33]
scores: [0.9890715929950802, 0.9046768601565462, 0.9037979636185505, 1.0, 0.9277202619480813, 1.0, 1.0]
