training_data_sizes: [0.1, 0.2, 0.3, 0.4, 0.5, 0.6, 0.7, 0.8, 0.9, 1.0]
times: [52.0, 116.0, 173.0, 235.0, 293.0, 354.0, 415.0, 476.0, 532.0, 596.0]
scores: [0.812827547417231, 0.8710216709604536, 0.8970793343879406, 0.9431567132882916, 0.8713460498133652, 1.0, 0.9059442583936368, 0.9697187474295499, 1.0, 1.0]
