training_data_sizes: [0.1, 0.2, 0.3, 0.4, 0.5, 0.6, 0.7, 0.8, 0.9, 1.0]
times: [103.26, 204.3, 308.89, 400.55, 503.69, 608.64, 701.45, 800.11, 906.55, 1005.23]
scores: [0.5730482531045477, 0.530322862127199, 0.6319778668868328, 0.4778337041175463, 0.5912008561550105, 0.5502933898601681, 0.7747831767111502, 0.7351992669329523, 0.8566289353216925, 0.834628784788667]
