training_data_sizes: [0.1, 0.2, 0.3]
times: [16.0, 39.0, 59.0]
scores: [0.9310747177723953, 0.9267429435024368, 0.9116202565509299]
