training_data_sizes: [0.1, 0.2, 0.3, 0.4, 0.5]
times: [167.03, 321.72, 481.49, 641.28, 806.68]
scores: [0.8270426623781646, 0.9317010418631562, 0.8567017052474828, 0.9787161767514485, 1.0]
