training_data_sizes: [0.1, 0.2, 0.3, 0.4, 0.5, 0.6]
times: [127.0, 253.0, 387.0, 515.0, 642.0, 772.0]
scores: [0.8435087522898961, 0.9237325064006859, 0.9218771347089596, 1.0, 1.0, 1.0]
