training_data_sizes: [0.1, 0.2, 0.3, 0.4, 0.5, 0.6, 0.7, 0.8, 0.9, 1.0]
times: [83.34, 164.04, 242.42, 324.09, 402.22, 487.37, 569.1, 641.88, 728.73, 806.77]
scores: [0.831212585000917, 0.6349456642722291, 0.6103106689679472, 0.604635822076017, 0.6528544306915907, 0.6875957432411135, 0.6741358670545174, 0.5872571610091497, 0.6274983560448683, 0.5167079690971333]
