training_data_sizes: [0.1, 0.2, 0.3, 0.4, 0.5, 0.6, 0.7, 0.8, 0.9, 1.0]
times: [0.36, 0.55, 0.68, 1.03, 1.12, 1.14, 1.43, 1.41, 1.67, 2.01]
scores: [0.4400990682863546, 0.43238360871816583, 0.412294213795358, 0.41092996501634427, 0.4141579747869233, 0.4160377272186695, 0.42342658962645885, 0.42508445079686474, 0.42453503900726997, 0.42901234567901225]
