training_data_sizes: [0.1, 0.2, 0.3, 0.4, 0.5, 0.6, 0.7, 0.8, 0.9, 1.0]
times: [53.9, 115.64, 186.29, 267.81, 334.24, 425.71, 532.63, 642.41, 762.19, 868.11]
scores: [0.9892490959828973, 0.9929538895123334, 0.9937486707810329, 0.9941705034241699, 0.9943487055245086, 0.9943073304627207, 0.994212883252862, 0.9940190688199163, 0.9938164906138682, 0.9936689105075206]
