training_data_sizes: [0.1, 0.2, 0.3, 0.4]
times: [283.15, 554.58, 831.33, 1104.89]
scores: [0.6672640818477661, 0.6361127600434799, 0.6875810063267966, 0.7819791382658019]
