training_data_sizes: [0.1, 0.2, 0.3, 0.4, 0.5, 0.6, 0.7, 0.8, 0.9, 1.0]
times: [120.48, 241.33, 363.99, 488.08, 600.75, 729.89, 849.52, 962.0, 1082.95, 1204.76]
scores: [0.8419915373894971, 1.0, 0.9742140252054811, 1.0, 1.0, 1.0, 0.9695773551710638, 1.0, 1.0, 1.0]
