training_data_sizes: [0.1, 0.2, 0.3, 0.4, 0.5]
times: [128.0, 253.0, 389.0, 519.0, 647.0]
scores: [0.8843737501087069, 0.8766120989916686, 1.0, 0.9551911218416838, 1.0]
