training_data_sizes: [0.1, 0.2, 0.3, 0.4, 0.5, 0.6, 0.7, 0.8, 0.9, 1.0]
times: [21.79, 64.67, 131.44, 216.56, 325.29, 441.71, 594.64, 764.4, 945.19, 1165.58]
scores: [0.6643126782282064, 0.668609271637291, 0.6717561469352779, 0.67430781635496, 0.6751768246042645, 0.6831581731039257, 0.6822476707827664, 0.6851143320724774, 0.674327264414059, 0.6744979795677223]
