training_data_sizes: [0.1, 0.2, 0.3, 0.4, 0.5, 0.6]
times: [43.0, 91.0, 140.0, 198.0, 246.0, 294.0]
scores: [0.8027390942146468, 0.7052667812928042, 0.800176926418058, 0.9146550392130458, 0.94402049672658, 0.8685195918389664]
