training_data_sizes: [0.1, 0.2, 0.3, 0.4, 0.5, 0.6, 0.7]
times: [17.0, 35.0, 53.0, 75.0, 95.0, 111.0, 138.0]
scores: [0.9051004047050484, 0.9498251173781735, 0.9185420359795364, 1.0, 1.0, 0.9750378107277728, 1.0]
