training_data_sizes: [0.1, 0.2, 0.3, 0.4, 0.5, 0.6, 0.7, 0.8]
times: [134.33, 257.31, 377.97, 506.26, 627.51, 758.08, 884.55, 1005.47]
scores: [0.7491533756988422, 0.9238998550723339, 0.8858646077739945, 0.8975771929948956, 1.0, 1.0, 1.0, 1.0]
