training_data_sizes: [0.1, 0.2, 0.3, 0.4, 0.5, 0.6, 0.7, 0.8, 0.9, 1.0]
times: [109.57, 202.94, 303.05, 404.01, 507.58, 609.66, 700.32, 801.46, 904.29, 1000.5]
scores: [0.7866021057304772, 0.9683864732131641, 0.821626951233355, 0.8285707459785812, 0.838490611194277, 0.8230057469969358, 0.8596862604237088, 0.968685089819613, 0.9969048955468127, 0.9955006847185861]
