training_data_sizes: [0.1, 0.2, 0.3]
times: [56.0, 116.0, 175.0]
scores: [0.9566804306989746, 1.0, 0.9359762966409139]
