training_data_sizes: [0.1, 0.2, 0.3, 0.4, 0.5, 0.6, 0.7, 0.8, 0.9, 1.0]
times: [30.0, 74.0, 112.0, 152.0, 195.0, 239.0, 278.0, 313.0, 352.0, 399.0]
scores: [0.9052120719305261, 0.8026811748553724, 0.94723919802322, 0.8858757772374832, 0.8633615983803635, 0.9969434276466689, 1.0, 0.9982415312926292, 1.0, 0.9916248903517167]
