training_data_sizes: [0.1, 0.2, 0.3, 0.4]
times: [79.0, 155.0, 230.0, 317.0]
scores: [0.9449461514437753, 0.8724310703707345, 0.9298563560055673, 0.9397164775440092]
