training_data_sizes: [0.1, 0.2, 0.3, 0.4, 0.5, 0.6, 0.7, 0.8, 0.9]
times: [67.73, 140.15, 205.68, 276.09, 338.15, 401.6, 467.66, 539.96, 609.83]
scores: [0.9185799840116491, 0.9303754674637624, 0.8720693463775004, 1.0, 1.0, 1.0, 1.0, 1.0, 1.0]
