training_data_sizes: [0.1, 0.2, 0.3, 0.4, 0.5, 0.6, 0.7, 0.8]
times: [146.98, 277.8, 416.1, 550.95, 691.74, 826.84, 966.28, 1104.01]
scores: [0.8946327086602652, 0.9212554442346254, 1.0, 1.0, 1.0, 1.0, 1.0, 1.0]
