training_data_sizes: [0.1, 0.2, 0.3, 0.4, 0.5, 0.6, 0.7, 0.8]
times: [132.22, 257.01, 379.98, 503.95, 632.39, 753.55, 882.78, 1008.47]
scores: [0.8228242749371499, 0.8655037575176256, 0.8183418321394578, 0.8160585246248349, 0.906477458979267, 0.7426784031476835, 0.9161674950484912, 0.7361367318878788]
