training_data_sizes: [0.1, 0.2, 0.3, 0.4, 0.5, 0.6, 0.7, 0.8, 0.9, 1.0]
times: [1.77, 2.89, 3.99, 5.4, 6.5, 8.15, 9.4, 10.98, 12.69, 14.26]
scores: [0.7709553080109237, 0.7029990683402823, 0.6637753875811203, 0.6428198329295602, 0.6333754853521247, 0.6235849923841814, 0.6148230095491145, 0.6034189970949093, 0.6054223256842328, 0.6002139244214777]
