training_data_sizes: [0.1, 0.2, 0.3, 0.4]
times: [90.0, 199.0, 298.0, 391.0]
scores: [0.8115082282665382, 0.8674312112340813, 0.8992921415791677, 1.0]
