training_data_sizes: [0.1, 0.2, 0.3, 0.4]
times: [92.0, 191.0, 298.0, 395.0]
scores: [0.9774133044690559, 0.9812030170793777, 0.9228269116271618, 0.8664912218562604]
