training_data_sizes: [0.1, 0.2, 0.3, 0.4, 0.5, 0.6, 0.7, 0.8, 0.9]
times: [11.0, 31.0, 55.0, 77.0, 99.0, 110.0, 132.0, 153.0, 171.0]
scores: [0.9427559222135901, 0.8075942046693347, 0.8291069496638521, 0.9190988932358535, 0.8912537324438071, 0.9450672839551182, 0.8294218960798488, 0.8765277274593575, 0.7832484887657971]
