training_data_sizes: [0.1, 0.2, 0.3, 0.4, 0.5, 0.6, 0.7]
times: [24.0, 56.0, 86.0, 117.0, 143.0, 170.0, 204.0]
scores: [0.9061382191650553, 0.9502260934949035, 1.0, 0.9891082825995172, 1.0, 1.0, 1.0]
