training_data_sizes: [0.1, 0.2, 0.3]
times: [243.27, 474.92, 702.74]
scores: [0.6691921147639025, 0.6679750216267757, 0.8958271577917744]
