training_data_sizes: [0.1, 0.2, 0.3, 0.4, 0.5, 0.6, 0.7]
times: [159.61, 322.53, 480.37, 630.87, 792.54, 948.3, 1109.04]
scores: [0.919539337828984, 0.9842267846583123, 1.0, 1.0, 1.0, 1.0, 1.0]
