training_data_sizes: [0.1, 0.2, 0.3, 0.4, 0.5, 0.6]
times: [80.13, 234.2, 623.61, 815.59, 971.29, 1107.83]
scores: [1.0, 1.0, 0.9999999854319832, 0.9999999212708279, 0.9999997389210735, 0.9999997270377974]
