training_data_sizes: [0.1, 0.2, 0.3, 0.4, 0.5, 0.6, 0.7, 0.8, 0.9]
times: [59.0, 115.0, 171.0, 232.0, 292.0, 354.0, 411.0, 477.0, 532.0]
scores: [0.8725100455856442, 0.9429080635273236, 0.9225467153531288, 0.8234634270018915, 0.9532499753150943, 0.8564150907023053, 0.9644740248406369, 0.9004481197947733, 0.9882496877439575]
