training_data_sizes: [0.1, 0.2, 0.3, 0.4, 0.5, 0.6, 0.7, 0.8, 0.9, 1.0]
times: [71.0, 156.0, 233.0, 312.0, 396.0, 479.0, 558.0, 636.0, 711.0, 796.0]
scores: [0.9164654817648403, 0.9565919445371374, 1.0, 0.916606840494826, 1.0, 0.9370760546279125, 1.0, 0.9784428388233667, 1.0, 1.0]
