training_data_sizes: [0.1, 0.2, 0.3, 0.4, 0.5, 0.6, 0.7, 0.8, 0.9, 1.0]
times: [0.1, 0.16, 0.22, 0.28, 0.34, 0.39, 0.46, 0.52, 0.6, 0.62]
scores: [0.7335511082058657, 0.7406892504396181, 0.7427600178291027, 0.7390554592282386, 0.7399853938261205, 0.7416200506833752, 0.7411395118452815, 0.7431922218136913, 0.7422382099984757, 0.741848435127211]
