training_data_sizes: [0.1, 0.2, 0.3, 0.4, 0.5, 0.6, 0.7, 0.8, 0.9, 1.0]
times: [51.0, 111.0, 174.0, 230.0, 298.0, 350.0, 412.0, 479.0, 535.0, 595.0]
scores: [0.8571438866020125, 0.7778956242351973, 0.8559381157125159, 0.6856222673581926, 0.8191316391612289, 0.7728758749997571, 0.7141678506081206, 0.6666313588993684, 0.7502859441548991, 0.6561416749481255]
