training_data_sizes: [0.1, 0.2, 0.3, 0.4, 0.5, 0.6, 0.7, 0.8, 0.9]
times: [41.0, 99.0, 145.0, 195.0, 247.0, 293.0, 345.0, 393.0, 442.0]
scores: [1.0, 0.9516331348471657, 0.9687085118216126, 0.9711337192496128, 1.0, 1.0, 0.9904962455186012, 1.0, 1.0]
