training_data_sizes: [0.1, 0.2, 0.3]
times: [437.55, 873.49, 1304.95]
scores: [0.6398901015198564, 0.6828550277849822, 0.7497883604589514]
