training_data_sizes: [0.1, 0.2, 0.3, 0.4, 0.5, 0.6]
times: [240.92, 476.19, 706.98, 935.87, 1171.02, 1408.86]
scores: [0.9365045743214461, 0.91107639883073, 0.9311834365188785, 1.0, 0.9934786513990377, 1.0]
