training_data_sizes: [0.1, 0.2, 0.3, 0.4, 0.5]
times: [180.51, 367.05, 542.56, 726.65, 905.22]
scores: [0.7653753129722305, 0.8092122930369157, 0.8448080439693719, 0.8744582089270787, 0.8964049082682535]
