training_data_sizes: [0.1, 0.2, 0.3, 0.4, 0.5, 0.6, 0.7, 0.8, 0.9]
times: [142.99, 270.29, 405.0, 535.96, 676.33, 802.53, 938.39, 1071.66, 1201.51]
scores: [0.8966734625423649, 0.9204738659979343, 0.8496103012714622, 1.0, 0.8660216453700114, 1.0, 0.9921281916669338, 1.0, 1.0]
