training_data_sizes: [0.1, 0.2, 0.3, 0.4, 0.5, 0.6, 0.7, 0.8, 0.9]
times: [96.37, 182.91, 269.7, 360.0, 451.63, 533.55, 627.63, 712.52, 805.64]
scores: [1.0, 1.0, 0.9990397645444331, 1.0, 0.9332942786690257, 1.0, 1.0, 1.0, 1.0]
