training_data_sizes: [0.1, 0.2, 0.3, 0.4, 0.5, 0.6, 0.7, 0.8]
times: [108.5, 203.86, 308.53, 404.05, 509.03, 600.24, 701.15, 802.14]
scores: [0.502076351146016, 0.609135229188736, 0.6072078951885757, 0.5200271940520116, 0.4921658001412274, 0.5009297914449425, 0.6010599163359873, 0.4419182941164763]
