training_data_sizes: [0.1, 0.2, 0.3, 0.4, 0.5, 0.6, 0.7, 0.8]
times: [97.46, 176.27, 264.54, 355.54, 438.52, 530.53, 617.6, 705.01]
scores: [0.8795039240319085, 0.9439239647264472, 0.9497809021728258, 1.0, 1.0, 0.9622257627775193, 0.962322933782376, 1.0]
