training_data_sizes: [0.1, 0.2, 0.3]
times: [470.25, 933.54, 1409.1]
scores: [0.7278107768877191, 0.6962440024266918, 0.7180214156256695]
