training_data_sizes: [0.1, 0.2, 0.3, 0.4, 0.5, 0.6, 0.7]
times: [105.0, 213.0, 327.0, 438.0, 547.0, 653.0, 760.0]
scores: [0.9336087034521672, 0.966472972186218, 1.0, 1.0, 1.0, 1.0, 1.0]
