training_data_sizes: [0.1, 0.2, 0.3, 0.4, 0.5]
times: [204.59, 407.74, 606.75, 803.56, 1004.43]
scores: [0.7873158309217413, 0.8827977599078989, 0.8262618808799205, 1.0, 0.9733143602501053]
