training_data_sizes: [0.1, 0.2, 0.3]
times: [99.0, 198.0, 294.0]
scores: [0.8756014712934924, 0.9763721421493482, 0.9521344933543174]
