training_data_sizes: [0.1, 0.2, 0.3, 0.4, 0.5, 0.6, 0.7, 0.8]
times: [80.4, 159.4, 227.87, 305.89, 381.73, 456.94, 532.68, 609.22]
scores: [0.6268105281644513, 0.6984624496912207, 0.7431201861985188, 0.7716062587766803, 0.7573728008520917, 0.8919934664823479, 1.0, 0.9477619257242071]
