training_data_sizes: [0.1, 0.2, 0.3, 0.4, 0.5, 0.6, 0.7, 0.8]
times: [30.0, 72.0, 114.0, 159.0, 195.0, 234.0, 279.0, 319.0]
scores: [0.8650765866281926, 0.9002517074934266, 0.9349658094480416, 0.8503625380926706, 0.9364387177960491, 0.9879078159460886, 0.8648228640064037, 0.9826113368573147]
