training_data_sizes: [0.1, 0.2, 0.3, 0.4, 0.5, 0.6]
times: [209.75, 404.55, 600.85, 802.92, 1009.13, 1202.93]
scores: [0.991262502495296, 1.0, 1.0, 1.0, 0.9652863227399274, 1.0]
