training_data_sizes: [0.1, 0.2, 0.3, 0.4, 0.5, 0.6, 0.7, 0.8]
times: [90.11, 184.39, 271.08, 352.04, 438.88, 529.09, 616.5, 705.28]
scores: [0.9613938408736655, 1.0, 1.0, 1.0, 0.9686347679880182, 0.9618311656477361, 1.0, 1.0]
