training_data_sizes: [0.1, 0.2, 0.3]
times: [24.0, 52.0, 84.0]
scores: [0.8952421104289859, 0.7721603506258408, 0.6782897444176323]
