training_data_sizes: [0.1, 0.2, 0.3, 0.4, 0.5, 0.6, 0.7, 0.8]
times: [103.0, 212.0, 329.0, 436.0, 547.0, 653.0, 765.0, 873.0]
scores: [1.0, 0.904681307546549, 1.0, 0.9697213603045647, 1.0, 0.9535268057646027, 1.0, 1.0]
