training_data_sizes: [0.1, 0.2, 0.3, 0.4, 0.5]
times: [141.43, 284.37, 428.91, 560.79, 708.0]
scores: [0.7475810104035192, 0.891878189837197, 0.8113566416706715, 0.8892388063154852, 0.8841335689293146]
