training_data_sizes: [0.1, 0.2, 0.3]
times: [369.79, 738.93, 1100.89]
scores: [0.9257587285662667, 0.8355696677860014, 0.7826453890614875]
