training_data_sizes: [0.1, 0.2, 0.3, 0.4, 0.5, 0.6, 0.7, 0.8, 0.9, 1.0]
times: [46.38, 76.73, 123.77, 113.5, 121.94, 137.32, 160.17, 181.12, 188.62, 215.85]
scores: [1.0, 1.0, 0.7984394732094535, 0.6433061262782624, 0.40501382632064065, 0.6400202862616928, 0.6788045885650176, 0.456440488868604, 0.5648779256374192, 0.6045953069982015]
