training_data_sizes: [0.1, 0.2, 0.3, 0.4, 0.5, 0.6, 0.7, 0.8, 0.9]
times: [131.76, 239.85, 392.74, 541.3, 684.11, 810.74, 932.1, 1058.98, 1189.74]
scores: [1.0, 1.0, 1.0, 0.9444138312544078, 0.857830983627867, 0.817769428084823, 0.7816835942520832, 0.760164107242217, 0.7377541992911412]
