training_data_sizes: [0.1, 0.2, 0.3, 0.4, 0.5, 0.6, 0.7, 0.8, 0.9]
times: [66.78, 142.48, 201.57, 267.21, 334.92, 401.92, 469.99, 536.3, 602.83]
scores: [0.8488297959763946, 0.9258462274423185, 0.8914844184498746, 0.8847605983202962, 1.0, 1.0, 0.8886214926229695, 0.9252139316249217, 1.0]
