training_data_sizes: [0.1, 0.2, 0.3, 0.4, 0.5]
times: [49.0, 95.0, 148.0, 196.0, 244.0]
scores: [0.7529645299125542, 0.8565874717253812, 0.8279714044775996, 0.8435766847350941, 0.8563398728358909]
