training_data_sizes: [0.1, 0.2, 0.3, 0.4, 0.5, 0.6, 0.7, 0.8, 0.9]
times: [103.2, 200.25, 306.25, 402.12, 505.58, 607.15, 701.49, 807.71, 901.11]
scores: [0.5918913704977092, 0.6549259228590584, 0.5041484510894132, 0.6113354048704103, 0.6011828461550255, 0.828402478742686, 0.7954368357607122, 0.947190035936702, 1.0]
