training_data_sizes: [0.1, 0.2, 0.3, 0.4]
times: [280.52, 559.82, 826.93, 1100.79]
scores: [0.7850162363310142, 0.8121267332322761, 0.967478843315918, 0.8271014559248693]
