training_data_sizes: [0.1, 0.2]
times: [458.3, 905.17]
scores: [0.874790700381755, 0.9624617003880648]
