training_data_sizes: [0.1, 0.2, 0.3, 0.4, 0.5, 0.6, 0.7, 0.8, 0.9, 1.0]
times: [105.69, 204.26, 304.52, 403.61, 502.51, 600.37, 700.76, 808.43, 907.62, 1005.02]
scores: [0.7829650931062302, 0.9757063004851102, 0.9390711215637348, 1.0, 0.8599217211334119, 0.8870569010855299, 0.9222407111436266, 0.8923393909590605, 1.0, 1.0]
