training_data_sizes: [0.1, 0.2, 0.3, 0.4, 0.5, 0.6, 0.7, 0.8, 0.9, 1.0]
times: [37.0, 70.0, 111.0, 153.0, 190.0, 232.0, 274.0, 319.0, 352.0, 399.0]
scores: [0.888843421397074, 0.9649134925935419, 0.9833026934342183, 1.0, 0.873101418004719, 0.8446745026994555, 0.9161673755065496, 0.8437961983171263, 0.8154369131594559, 0.9756463110181168]
