training_data_sizes: [0.1, 0.2, 0.3, 0.4, 0.5, 0.6]
times: [69.0, 138.0, 206.0, 271.0, 343.0, 418.0]
scores: [0.7937628678903854, 0.8530023310100611, 0.8211804732824977, 0.8688118799834488, 0.9313266806842733, 0.7801722317549685]
