training_data_sizes: [0.1, 0.2, 0.3, 0.4, 0.5, 0.6, 0.7]
times: [205.35, 401.65, 607.07, 801.38, 1008.66, 1206.45, 1409.22]
scores: [0.8750893080277757, 0.7729732180680391, 0.9731349783623343, 0.8797849614038363, 0.9212963829289451, 1.0, 1.0]
