training_data_sizes: [0.1, 0.2, 0.3, 0.4, 0.5, 0.6]
times: [107.01, 203.68, 300.16, 404.8, 509.94, 600.2]
scores: [0.7046650891634965, 0.7463167850479029, 0.9027663290076542, 0.954074241373468, 0.9396642199992604, 1.0]
