training_data_sizes: [0.1, 0.2, 0.3, 0.4, 0.5, 0.6, 0.7, 0.8, 0.9, 1.0]
times: [22.0, 55.0, 87.0, 118.0, 148.0, 175.0, 206.0, 231.0, 269.0, 297.0]
scores: [0.7055975196157196, 0.6957665891582356, 0.699802871275419, 0.7775773514932618, 0.7385519636955798, 0.6700340074197413, 0.5754353857726254, 0.6191960685545745, 0.5554656784412882, 0.5562364000584709]
