training_data_sizes: [0.1, 0.2, 0.3, 0.4, 0.5, 0.6, 0.7, 0.8]
times: [108.11, 209.33, 305.13, 400.29, 500.37, 603.54, 704.03, 804.69]
scores: [0.7414070737425624, 0.8545453751795846, 0.9048969359462622, 0.8819506724454417, 0.7992334310899778, 0.7939752922664334, 0.9840308753365832, 0.9143492210723592]
