training_data_sizes: [0.1, 0.2, 0.3, 0.4]
times: [31.0, 75.0, 113.0, 153.0]
scores: [0.9561355823627355, 1.0, 1.0, 0.9221137971451917]
