training_data_sizes: [0.1, 0.2, 0.3, 0.4, 0.5, 0.6, 0.7, 0.8, 0.9, 1.0]
times: [146.39, 287.77, 426.82, 568.91, 707.14, 847.31, 985.32, 1128.0, 1260.7, 1407.03]
scores: [0.904535328719817, 0.8260755741211722, 0.9678951246234544, 0.9326372165732866, 0.86588943817956, 0.9374652799639693, 1.0, 0.8897864439164545, 0.8613538576313563, 1.0]
