training_data_sizes: [0.1, 0.2]
times: [602.78, 1203.26]
scores: [0.7036257343622375, 0.7080936781646775]
