training_data_sizes: [0.1, 0.2, 0.3, 0.4, 0.5, 0.6, 0.7, 0.8, 0.9]
times: [124.1, 246.15, 375.59, 498.61, 617.68, 742.3, 859.6, 984.29, 1101.73]
scores: [0.8928367408698498, 0.7851519333013359, 0.8973833197868688, 0.8388319512679591, 0.9303739664465711, 0.8769085615677767, 0.8664888278436946, 0.9793612022112939, 0.8560270558235443]
