training_data_sizes: [0.1, 0.2, 0.3, 0.4, 0.5, 0.6]
times: [137.14, 268.31, 407.71, 539.54, 675.88, 809.2]
scores: [0.8409451799773415, 0.9077854853427947, 0.951574516597341, 0.9013834361593693, 0.9081873756119585, 0.958775034930835]
