training_data_sizes: [0.1, 0.2, 0.3, 0.4, 0.5, 0.6, 0.7, 0.8, 0.9, 1.0]
times: [116.21, 228.93, 337.91, 448.07, 559.16, 663.9, 778.8, 883.14, 998.24, 1107.95]
scores: [0.9936991482010479, 0.9260624847522535, 0.8586500185867518, 0.8281798695262461, 0.93197167749837, 0.9757603469785441, 0.9923975708887937, 0.873213529702715, 0.8858675345227143, 0.8336593791593702]
