training_data_sizes: [0.1, 0.2, 0.3, 0.4, 0.5, 0.6, 0.7, 0.8, 0.9, 1.0]
times: [0.52, 0.72, 0.88, 1.08, 1.25, 1.46, 1.71, 1.9, 2.07, 2.31]
scores: [0.75628872683939, 0.4009279127439938, 0.3070453201863564, 0.23401780609814452, 0.1767761870239407, 0.16415022404726423, 0.15549607352043454, 0.152065768769698, 0.14573092217191863, 0.13508269071049797]
