training_data_sizes: [0.1, 0.2, 0.3, 0.4, 0.5, 0.6, 0.7, 0.8, 0.9]
times: [136.72, 268.35, 404.38, 534.06, 675.76, 802.01, 941.16, 1068.47, 1209.14]
scores: [0.49487667935267116, 0.5322539735185231, 0.5510336419129573, 0.5526011138450289, 0.6170998606393764, 0.6335364563073964, 0.6706348630729424, 0.7508863407345435, 0.7952609360364159]
