training_data_sizes: [0.1, 0.2, 0.3, 0.4, 0.5, 0.6]
times: [21.0, 50.0, 85.0, 114.0, 149.0, 176.0]
scores: [0.8334648848982995, 0.8040412289672866, 0.8192206001728729, 0.9412827702173877, 1.0, 1.0]
