training_data_sizes: [0.1, 0.2, 0.3, 0.4]
times: [281.26, 550.65, 831.57, 1100.96]
scores: [0.8318637792189745, 0.843559666181633, 0.9586831044598525, 0.918449047664678]
