training_data_sizes: [0.1, 0.2, 0.3, 0.4, 0.5]
times: [131.0, 279.0, 418.0, 558.0, 690.0]
scores: [0.747200161723233, 0.6738888459051133, 0.8275506293552115, 0.9120000935062091, 0.9295398907846351]
