training_data_sizes: [0.1, 0.2, 0.3, 0.4, 0.5, 0.6, 0.7, 0.8]
times: [113.0, 234.0, 351.0, 474.0, 590.0, 717.0, 830.0, 951.0]
scores: [0.9689914499910446, 1.0, 0.9750071361673445, 1.0, 0.9916046852526434, 1.0, 1.0, 1.0]
