training_data_sizes: [0.1, 0.2, 0.3]
times: [30.0, 76.0, 113.0]
scores: [0.6557675136218691, 0.7608287015089636, 0.7582603334955978]
