training_data_sizes: [0.1, 0.2, 0.3, 0.4, 0.5, 0.6, 0.7, 0.8, 0.9]
times: [7.0, 10.0, 27.0, 36.0, 46.0, 57.0, 64.0, 75.0, 81.0]
scores: [0.9393724818049889, 0.9479144561625008, 0.9713328464008194, 0.9588457466392042, 0.9501184304341206, 1.0, 1.0, 1.0, 1.0]
