training_data_sizes: [0.1, 0.2, 0.3, 0.4]
times: [306.89, 601.83, 907.79, 1206.05]
scores: [0.8102282843890216, 0.8624925790716123, 0.9585506502165346, 0.8807383197175935]
