training_data_sizes: [0.1, 0.2, 0.3, 0.4, 0.5, 0.6, 0.7, 0.8, 0.9, 1.0]
times: [136.11, 268.86, 392.37, 529.16, 659.13, 781.22, 914.36, 1046.36, 1170.17, 1301.9]
scores: [0.9553118479581313, 1.0, 0.9421026821056864, 0.9469281091635056, 1.0, 1.0, 1.0, 1.0, 1.0, 1.0]
