training_data_sizes: [0.1, 0.2, 0.3, 0.4, 0.5, 0.6]
times: [206.57, 409.39, 601.36, 805.07, 1003.59, 1204.53]
scores: [1.0, 0.9150000877869362, 0.9112372034321182, 1.0, 1.0, 1.0]
