training_data_sizes: [0.1, 0.2, 0.3, 0.4, 0.5]
times: [113.0, 232.0, 354.0, 473.0, 599.0]
scores: [0.7380489860404453, 0.8614280434527801, 0.9488388173769118, 0.9645960901386881, 1.0]
