training_data_sizes: [0.1, 0.2, 0.3, 0.4, 0.5, 0.6, 0.7, 0.8, 0.9, 1.0]
times: [19.27, 37.53, 26.46, 30.18, 34.43, 39.13, 42.4, 46.33, 51.14, 52.53]
scores: [1.0, 0.9970557967099782, 0.9873726624601268, 0.980779624818564, 0.975798277421044, 0.9702725898155893, 0.9537114779519144, 0.9524748536063169, 0.9437142195445525, 0.9408398348924817]
