training_data_sizes: [0.1, 0.2, 0.3, 0.4, 0.5]
times: [64.0, 138.0, 200.0, 279.0, 349.0]
scores: [0.8889607194951481, 1.0, 0.9134928806537099, 1.0, 1.0]
