training_data_sizes: [0.1, 0.2, 0.3, 0.4, 0.5, 0.6, 0.7]
times: [45.0, 95.0, 148.0, 199.0, 244.0, 298.0, 340.0]
scores: [0.8303544979272479, 0.7819129889244164, 0.9015783604126169, 0.8308391866758034, 0.9140291422743467, 0.9061451179180663, 1.0]
