training_data_sizes: [0.1, 0.2, 0.3, 0.4, 0.5, 0.6, 0.7]
times: [108.0, 213.0, 320.0, 433.0, 540.0, 659.0, 761.0]
scores: [0.7628576546674575, 0.8637694281486124, 0.8334696571992248, 0.845662360336515, 0.8436613298431428, 0.9131223485605422, 0.942898580955496]
