training_data_sizes: [0.1, 0.2, 0.3, 0.4, 0.5, 0.6, 0.7, 0.8, 0.9]
times: [101.04, 201.28, 301.77, 403.73, 500.39, 600.5, 700.23, 808.65, 903.45]
scores: [0.8190502930512382, 0.7500796804545957, 0.8785934719219719, 0.9099042258915058, 0.9042326925455655, 0.9666903204587792, 0.9822680140333171, 1.0, 1.0]
