training_data_sizes: [0.1, 0.2, 0.3, 0.4]
times: [55.0, 116.0, 172.0, 235.0]
scores: [0.5269880750015233, 0.532012801765718, 0.6216673295677363, 0.5235427023301741]
