training_data_sizes: [0.1, 0.2, 0.3, 0.4, 0.5, 0.6]
times: [115.0, 236.0, 354.0, 474.0, 590.0, 714.0]
scores: [0.7381856047685175, 0.7302759541285756, 0.9096717070391329, 0.9229973292608249, 0.9279574220145407, 1.0]
