training_data_sizes: [0.1, 0.2, 0.3, 0.4]
times: [57.0, 113.0, 171.0, 237.0]
scores: [0.8751312645943191, 0.9231002274338054, 0.8355770169274688, 0.996828892304445]
