training_data_sizes: [0.1, 0.2]
times: [308.44, 608.1]
scores: [0.6064114364681439, 0.7142887348430779]
