training_data_sizes: [0.1, 0.2, 0.3, 0.4, 0.5, 0.6, 0.7, 0.8, 0.9]
times: [12.0, 30.0, 56.0, 74.0, 92.0, 115.0, 136.0, 151.0, 170.0]
scores: [0.9464447384598859, 0.9580401405098933, 0.9642168120547788, 1.0, 1.0, 1.0, 1.0, 1.0, 1.0]
