training_data_sizes: [0.1, 0.2, 0.3, 0.4, 0.5, 0.6, 0.7]
times: [25.0, 56.0, 80.0, 111.0, 148.0, 175.0, 201.0]
scores: [0.8428691564072898, 0.851600430662588, 0.9323025646265002, 0.9874872107053412, 0.8987409234197623, 0.9309972146589635, 0.8994312827099358]
