training_data_sizes: [0.1, 0.2]
times: [400.11, 805.76]
scores: [0.8397954162269476, 0.8339476156060726]
