training_data_sizes: [0.1, 0.2, 0.3, 0.4, 0.5, 0.6]
times: [123.41, 243.08, 358.08, 472.76, 591.46, 704.65]
scores: [0.8942513852249399, 0.8675040293998241, 0.8751777787941754, 0.7140303880581123, 0.7283493868291602, 0.8652687506851731]
