training_data_sizes: [0.1, 0.2, 0.3, 0.4, 0.5]
times: [283.35, 565.91, 840.8, 1127.19, 1401.93]
scores: [0.9306508167224257, 0.929559956635938, 0.9760497105744512, 0.8376600593591115, 0.9197303121024332]
