training_data_sizes: [0.1, 0.2, 0.3, 0.4, 0.5]
times: [117.0, 236.0, 356.0, 473.0, 595.0]
scores: [0.7523337377222029, 0.93253706623933, 0.9049229694610068, 0.8470476570844128, 0.9741868369766957]
