training_data_sizes: [0.1, 0.2, 0.3, 0.4, 0.5, 0.6, 0.7, 0.8, 0.9]
times: [87.0, 176.0, 261.0, 358.0, 445.0, 535.0, 628.0, 716.0, 806.0]
scores: [0.6990378864020802, 0.5659362382874343, 0.7003378373812693, 0.8112978653173633, 0.7433594303309174, 0.8598573272516595, 0.887788750944994, 1.0, 1.0]
