training_data_sizes: [0.1, 0.2, 0.3, 0.4, 0.5, 0.6, 0.7, 0.8, 0.9]
times: [131.55, 250.78, 369.02, 498.58, 618.96, 741.42, 857.46, 982.2, 1101.64]
scores: [0.805282926552763, 0.9084625029554598, 0.9758070701347439, 0.9554881398387738, 0.8663734551634239, 1.0, 1.0, 1.0, 0.9848961083924774]
