training_data_sizes: [0.1, 0.2, 0.3, 0.4]
times: [121.0, 257.0, 386.0, 516.0]
scores: [0.9050538999065528, 0.9499497768297542, 0.9861990303446526, 0.9897459368959407]
