training_data_sizes: [0.1, 0.2, 0.3, 0.4, 0.5]
times: [94.0, 195.0, 293.0, 394.0, 494.0]
scores: [0.9104398342373468, 0.8628545893583175, 0.8817430816178733, 0.8113477621220079, 0.8506937315580105]
