training_data_sizes: [0.1, 0.2, 0.3, 0.4, 0.5, 0.6, 0.7]
times: [148.61, 294.54, 429.49, 573.62, 716.35, 861.72, 1009.81]
scores: [0.8274482524349713, 0.8219187385160749, 0.9324204705958075, 0.9638331683236819, 0.8819134436542866, 0.8294380808090899, 0.9744396400177909]
