training_data_sizes: [0.1, 0.2]
times: [553.64, 1104.08]
scores: [0.818213153234504, 0.8334239822162082]
