training_data_sizes: [0.1, 0.2, 0.3, 0.4, 0.5, 0.6]
times: [78.0, 157.0, 232.0, 311.0, 398.0, 476.0]
scores: [0.6811431587201802, 0.8309248866738776, 0.8049202337721801, 0.9315064505962747, 1.0, 1.0]
