training_data_sizes: [0.1, 0.2, 0.3, 0.4, 0.5, 0.6, 0.7, 0.8, 0.9]
times: [72.7, 140.46, 203.42, 266.98, 342.63, 404.71, 467.46, 534.24, 606.53]
scores: [0.841293082797363, 0.8526084619123996, 0.8828844181573587, 0.9592062215885444, 1.0, 1.0, 1.0, 1.0, 1.0]
