training_data_sizes: [0.1, 0.2, 0.3]
times: [7.0, 16.0, 29.0]
scores: [0.7464384166968585, 0.8086076241802727, 0.7620241940033989]
