training_data_sizes: [0.1, 0.2, 0.3, 0.4, 0.5, 0.6, 0.7, 0.8, 0.9, 1.0]
times: [104.69, 203.66, 305.66, 400.22, 500.18, 604.89, 702.8, 808.57, 902.44, 1005.86]
scores: [0.9391587662872929, 0.8459324658585143, 0.8183821125466779, 0.8072434791433873, 0.8619602308609452, 0.8126029104206065, 0.8482160200748291, 0.9304340479435418, 0.8295948804684652, 0.8998577787484581]
