training_data_sizes: [0.1, 0.2]
times: [26.0, 50.0]
scores: [0.9045793958421173, 0.9270900361341192]
