training_data_sizes: [0.1, 0.2, 0.3, 0.4, 0.5, 0.6, 0.7]
times: [49.0, 90.0, 148.0, 194.0, 241.0, 299.0, 341.0]
scores: [0.8582890647540524, 0.924837647004129, 0.8014498883606994, 0.9854058948195, 0.9799915728207164, 0.930705852379744, 0.9215790656852134]
