training_data_sizes: [0.1, 0.2, 0.3]
times: [364.59, 658.38, 967.58]
scores: [0.39173662242648777, 0.34897113561345594, 0.34393409497163274]
