training_data_sizes: [0.1, 0.2, 0.3, 0.4, 0.5]
times: [203.41, 401.64, 609.29, 809.41, 1007.98]
scores: [0.9833879161418635, 0.9381276778945349, 0.838620155192548, 0.8789178819532453, 0.8155530063067074]
