training_data_sizes: [0.1, 0.2, 0.3, 0.4, 0.5, 0.6, 0.7, 0.8]
times: [32.0, 74.0, 110.0, 159.0, 198.0, 235.0, 279.0, 316.0]
scores: [0.753006381148615, 0.7764320062157596, 0.8249191081129539, 0.9286620396580895, 1.0, 1.0, 1.0, 1.0]
