training_data_sizes: [0.1, 0.2, 0.3, 0.4, 0.5, 0.6, 0.7, 0.8, 0.9]
times: [132.0, 276.0, 412.0, 558.0, 694.0, 834.0, 978.9999999999999, 1119.0, 1256.0]
scores: [0.7437961981070284, 0.9349729860997563, 0.8805006635942545, 0.9063730857791458, 1.0, 1.0, 0.9710364121028374, 1.0, 1.0]
