training_data_sizes: [0.1, 0.2, 0.3, 0.4, 0.5, 0.6, 0.7, 0.8, 0.9, 1.0]
times: [92.41, 181.72, 273.56, 360.11, 458.81, 544.22, 636.93, 725.93, 819.12, 905.73]
scores: [0.7604401822352265, 0.8160710222496725, 0.7344749937378743, 0.765661474287439, 0.8137383436337053, 0.6897501297070552, 0.7401908293437138, 0.6708783774749987, 0.7703460869652388, 0.8435326778613067]
