training_data_sizes: [0.1, 0.2, 0.3, 0.4, 0.5, 0.6, 0.7, 0.8, 0.9]
times: [125.06, 247.83, 369.95, 495.24, 613.22, 736.09, 859.6, 983.76, 1106.74]
scores: [1.0, 0.8309096882109867, 0.9512698775022701, 0.8618477944737089, 0.9200354619304121, 1.0, 0.8388071290954737, 0.9400940497904271, 0.9932629265215493]
