training_data_sizes: [0.1, 0.2, 0.3]
times: [21.0, 53.0, 87.0]
scores: [0.9496073442893209, 0.9857437617405838, 0.88417467644614]
