training_data_sizes: [0.1, 0.2, 0.3]
times: [43.0, 91.0, 140.0]
scores: [0.883886073521974, 0.9177438437548907, 1.0]
