training_data_sizes: [0.1, 0.2, 0.3, 0.4, 0.5]
times: [51.0, 115.0, 175.0, 233.0, 297.0]
scores: [0.5858718530110374, 0.7100303375334485, 0.7397053001808567, 0.6957813605614318, 0.6734999941249391]
