training_data_sizes: [0.1, 0.2, 0.3, 0.4]
times: [33.0, 77.0, 110.0, 150.0]
scores: [0.7812034435744422, 0.8029847041922242, 0.7535842297068147, 0.9071143082531197]
