training_data_sizes: [0.1, 0.2, 0.3, 0.4, 0.5, 0.6, 0.7]
times: [107.1, 201.53, 307.53, 401.19, 508.83, 602.47, 706.25]
scores: [0.8076330758147852, 0.951477460372627, 0.8900389251860653, 1.0, 1.0, 1.0, 1.0]
