training_data_sizes: [0.1, 0.2, 0.3, 0.4, 0.5, 0.6, 0.7, 0.8, 0.9, 1.0]
times: [3.29, 5.75, 8.09, 10.43, 12.57, 14.91, 17.55, 19.55, 22.67, 24.89]
scores: [9.139278565832683e-05, 0.0001262373418224744, 0.0001662841340868439, 0.00016529176076824996, 0.0001518037697376716, 0.00012407468562344623, 0.00011976643111346724, 0.00011690561141547339, 0.00012038164960390955, 0.00012687950577115403]
