training_data_sizes: [0.1, 0.2, 0.3, 0.4, 0.5, 0.6, 0.7, 0.8, 0.9, 1.0]
times: [72.18, 147.92, 219.68, 288.19, 350.74, 427.54, 492.84, 563.34, 633.79, 702.19]
scores: [1.0, 0.9992696529659849, 0.9747017163957068, 0.9959731450637381, 0.8933409773616497, 0.9328514149083222, 1.0, 1.0, 1.0, 0.9676272715596198]
