training_data_sizes: [0.1, 0.2, 0.3, 0.4, 0.5, 0.6]
times: [72.0, 155.0, 236.0, 318.0, 395.0, 476.0]
scores: [0.9039636649612292, 0.8239764483080542, 0.9108180617916977, 1.0, 0.9864572420461393, 1.0]
