training_data_sizes: [0.1, 0.2, 0.3, 0.4, 0.5, 0.6, 0.7, 0.8, 0.9]
times: [94.94, 181.48, 271.51, 359.39, 449.26, 536.07, 627.14, 719.32, 806.45]
scores: [0.8833721212160239, 0.921722035244941, 0.8583358819273499, 0.9293526103394273, 1.0, 1.0, 0.9367729046473957, 0.9262762309598075, 1.0]
