training_data_sizes: [0.1, 0.2, 0.3, 0.4, 0.5, 0.6, 0.7, 0.8, 0.9, 1.0]
times: [72.58, 149.4, 215.21, 286.7, 354.18, 429.73, 491.47, 565.88, 639.18, 707.19]
scores: [0.9413436680145718, 0.9890170771657523, 0.8481651191697828, 0.8586496585545141, 0.9200144126385476, 0.8523481454347626, 1.0, 0.9584206955613843, 0.9767159585781142, 0.9779849278404451]
