training_data_sizes: [0.1, 0.2, 0.3, 0.4, 0.5, 0.6]
times: [114.0, 235.0, 353.0, 472.0, 595.0, 715.0]
scores: [0.9750559531817604, 0.8443396762020641, 0.8653222219425983, 0.9133021419704566, 0.9164859674357835, 0.8844353451363021]
