training_data_sizes: [0.1, 0.2, 0.3, 0.4, 0.5, 0.6]
times: [10.0, 37.0, 59.0, 75.0, 94.0, 111.0]
scores: [0.8271437574824723, 0.8872209961189372, 0.8846267888704626, 0.8938618299726382, 1.0, 1.0]
