training_data_sizes: [0.1, 0.2, 0.3]
times: [54.0, 117.0, 171.0]
scores: [0.9322719227168074, 0.92446043412385, 0.9257838018225981]
