training_data_sizes: [0.1, 0.2, 0.3, 0.4, 0.5, 0.6, 0.7, 0.8, 0.9, 1.0]
times: [13.0, 35.0, 54.0, 78.0, 96.0, 112.0, 135.0, 159.0, 174.0, 196.0]
scores: [0.9233644192460382, 0.9193537962667789, 0.9226088265214105, 0.9358105008064559, 0.8577366523609766, 1.0, 0.9856942619432159, 0.8839049429811754, 0.9629107087528164, 0.9535403078785756]
