training_data_sizes: [0.1, 0.2]
times: [100.0, 215.0]
scores: [0.8601105761678172, 0.9812272583381798]
