training_data_sizes: [0.1, 0.2, 0.3, 0.4, 0.5, 0.6, 0.7, 0.8, 0.9]
times: [136.98, 267.32, 409.55, 537.7, 676.51, 808.55, 936.47, 1070.15, 1204.34]
scores: [0.9227020885001553, 0.9938112821647997, 0.8904065143503949, 0.9739926171985966, 0.9837576021842738, 0.877007505106818, 0.9560118040792649, 1.0, 1.0]
