training_data_sizes: [0.1, 0.2, 0.3, 0.4, 0.5, 0.6, 0.7, 0.8, 0.9, 1.0]
times: [118.0, 239.0, 352.0, 474.0, 595.0, 717.0, 834.0, 959.0, 1075.0, 1198.0]
scores: [0.9113015661105578, 1.0, 0.9427593656790535, 0.9580965904569875, 1.0, 1.0, 1.0, 1.0, 1.0, 1.0]
