training_data_sizes: [0.1, 0.2, 0.3, 0.4, 0.5, 0.6, 0.7, 0.8, 0.9]
times: [46.0, 92.0, 147.0, 194.0, 242.0, 290.0, 340.0, 397.0, 442.0]
scores: [0.8147646774898003, 0.8760492865523588, 0.9280317209661897, 0.8172072165058238, 0.9843390682084303, 0.9288697309314315, 1.0, 1.0, 1.0]
