training_data_sizes: [0.1, 0.2, 0.3, 0.4, 0.5, 0.6, 0.7, 0.8, 0.9, 1.0]
times: [137.12, 263.8, 396.26, 523.16, 656.33, 781.75, 918.76, 1046.62, 1174.7, 1303.27]
scores: [0.7597019952524038, 0.6445888026978537, 0.7475309802928571, 0.8493541351658426, 0.8591356498762711, 0.8517425505228188, 0.9644177417885395, 0.8930829741105247, 1.0, 0.9559517211265055]
