training_data_sizes: [0.1, 0.2, 0.3, 0.4, 0.5, 0.6, 0.7, 0.8]
times: [2.0, 16.0, 27.0, 34.0, 47.0, 51.0, 69.0, 76.0]
scores: [0.9315407340145403, 0.9170068353421663, 0.9347381680344049, 1.0, 0.9729015785897068, 1.0, 1.0, 1.0]
