training_data_sizes: [0.1, 0.2]
times: [111.0, 233.0]
scores: [0.8075517355332966, 0.9365419445712568]
