training_data_sizes: [0.1, 0.2, 0.3, 0.4, 0.5, 0.6]
times: [205.65, 408.59, 600.82, 803.48, 1008.41, 1200.58]
scores: [0.7750845946885458, 0.8563042443804301, 0.9971421367811217, 1.0, 0.9648610925729815, 0.9489002110495692]
