training_data_sizes: [0.1, 0.2, 0.3, 0.4, 0.5, 0.6, 0.7, 0.8, 0.9, 1.0]
times: [97.42, 110.64, 122.71, 121.79, 123.4, 126.99, 131.56, 131.31, 135.63, 140.03]
scores: [0.19655172861684678, 0.19899604485511102, 0.2072721349754172, 0.20603061359794572, 0.20484416218522272, 0.2047016873641151, 0.20512560130464108, 0.20428415883212825, 0.20364500221566173, 0.20362162886029078]
