training_data_sizes: [0.1, 0.2, 0.3, 0.4, 0.5, 0.6, 0.7]
times: [123.0, 256.0, 380.0, 511.0, 645.0, 772.0, 901.9999999999999]
scores: [0.5599288799148571, 0.6016349847552198, 0.5858493060659233, 0.6002759886131727, 0.5212367116550196, 0.5871566027931256, 0.5362890207448899]
