training_data_sizes: [0.1, 0.2, 0.3, 0.4, 0.5, 0.6, 0.7, 0.8, 0.9, 1.0]
times: [13.34, 39.67, 78.19, 128.51, 195.48, 278.42, 368.05, 464.06, 584.91, 726.66]
scores: [0.2739142472312564, 0.313768838055715, 0.3432902877737567, 0.36443087075864966, 0.38209172021329496, 0.39461575763815715, 0.4042907324723001, 0.41228898263059266, 0.4220904998801048, 0.4297811502285131]
