training_data_sizes: [0.1, 0.2, 0.3, 0.4, 0.5, 0.6]
times: [139.83, 273.86, 407.0, 537.64, 670.11, 805.44]
scores: [0.87320950128431, 0.8955769140700499, 0.9510035926234441, 0.8628379591953899, 0.8618865378370071, 0.8099785889143072]
