training_data_sizes: [0.1, 0.2, 0.3, 0.4, 0.5, 0.6, 0.7, 0.8, 0.9, 1.0]
times: [0.19, 0.34, 0.48, 0.71, 0.91, 1.02, 1.19, 1.51, 1.49, 1.73]
scores: [1.0, 1.0, 0.9286795424037313, 0.9290417355576599, 0.9275136671275779, 0.9002002302897218, 0.9005620680763116, 0.8990358435586951, 0.8810947957461843, 0.8790138492752324]
