training_data_sizes: [0.1, 0.2, 0.3, 0.4]
times: [23.0, 59.0, 89.0, 115.0]
scores: [0.5616359638962588, 0.6587253407899533, 0.5504374782188006, 0.5847321323607936]
