training_data_sizes: [0.1, 0.2, 0.3]
times: [335.63, 667.28, 1006.17]
scores: [0.9605024111459822, 0.873887506349851, 0.8670129952974452]
