training_data_sizes: [0.1, 0.2, 0.3, 0.4, 0.5, 0.6, 0.7, 0.8, 0.9]
times: [73.0, 151.0, 232.0, 312.0, 395.0, 474.0, 550.0, 636.0, 718.0]
scores: [0.8381308909799708, 0.9266813967958798, 0.9115275713095912, 0.867597378088383, 0.8978260769264487, 1.0, 1.0, 0.9728915670084579, 0.9942420366463549]
