training_data_sizes: [0.1, 0.2]
times: [650.85, 1300.55]
scores: [0.597531878930259, 0.6086679689103237]
