training_data_sizes: [0.1, 0.2, 0.3, 0.4, 0.5]
times: [69.0, 133.0, 206.0, 272.0, 341.0]
scores: [0.9704960487339904, 0.9810945809809232, 0.9546507094045378, 0.9775011097632971, 1.0]
