training_data_sizes: [0.1, 0.2, 0.3, 0.4, 0.5, 0.6, 0.7]
times: [14.0, 34.0, 55.0, 77.0, 91.0, 117.0, 138.0]
scores: [0.7264966942162475, 0.8010266396799866, 0.730217002238144, 0.8428587030020631, 0.8811275275663418, 0.8411883582147662, 0.9865259553357841]
