training_data_sizes: [0.1, 0.2, 0.3, 0.4, 0.5, 0.6, 0.7, 0.8, 0.9, 1.0]
times: [114.26, 225.16, 333.07, 447.1, 557.04, 665.96, 777.52, 887.27, 997.87, 1106.53]
scores: [0.8684565171424128, 0.7989862935472698, 0.8925496183591386, 0.8493910161785349, 0.8952113496472391, 0.9914667967370335, 0.9205661161142367, 0.9825374080829206, 0.9960370678423343, 1.0]
