training_data_sizes: [0.1, 0.2, 0.3, 0.4, 0.5, 0.6, 0.7, 0.8, 0.9]
times: [106.0, 216.0, 328.0, 432.0, 548.0, 655.0, 767.0, 870.0, 986.0]
scores: [0.777375515639162, 0.7671588668647953, 0.7789170248953876, 0.8290690528094624, 0.7931097399966076, 0.8355842011456339, 0.8196798797414204, 0.9223099816676368, 0.9949164985715189]
