training_data_sizes: [0.1, 0.2, 0.3, 0.4, 0.5, 0.6, 0.7, 0.8, 0.9, 1.0]
times: [146.7, 288.19, 421.16, 562.52, 704.62, 842.18, 981.07, 1123.13, 1268.76, 1408.53]
scores: [0.9799120215235051, 0.9067488191005695, 0.9365373013849632, 1.0, 0.9422350444494991, 0.9503745740248164, 0.9877956955136922, 1.0, 0.9916929463216447, 1.0]
