training_data_sizes: [0.1, 0.2, 0.3, 0.4, 0.5, 0.6, 0.7]
times: [208.64, 403.03, 600.81, 806.46, 1009.39, 1201.35, 1409.67]
scores: [0.6241806499479261, 0.7808049379592802, 0.6711804260641869, 0.8086147848430155, 0.9628752799647515, 0.9199683059242044, 0.8998637122748968]
