training_data_sizes: [0.1, 0.2, 0.3]
times: [43.0, 96.0, 141.0]
scores: [0.8853109245158679, 0.8902159682150663, 0.9929334600164642]
