training_data_sizes: [0.1, 0.2, 0.3, 0.4, 0.5, 0.6, 0.7, 0.8]
times: [20.83, 66.86, 137.91, 232.7, 486.47, 684.25, 806.76, 1064.7]
scores: [0.5387921080884707, 0.5523367704774254, 0.5461450050045663, 0.5519686355341996, 0.5490542422247807, 0.5516892747169461, 0.5529850605351304, 0.5565767301522643]
