training_data_sizes: [0.1, 0.2, 0.3]
times: [38.0, 75.0, 118.0]
scores: [0.7675492340597753, 0.7515873258697274, 0.886264289056938]
