training_data_sizes: [0.1, 0.2, 0.3, 0.4]
times: [255.23, 501.75, 757.44, 1005.84]
scores: [0.818388572433693, 0.9056408806302989, 0.8067108729680676, 0.8393815574738839]
