training_data_sizes: [0.1, 0.2, 0.3]
times: [443.11, 873.06, 1303.63]
scores: [0.7665548470731116, 0.8176044934376425, 0.8561710821543049]
