training_data_sizes: [0.1, 0.2, 0.3, 0.4, 0.5, 0.6, 0.7, 0.8, 0.9]
times: [63.0, 135.0, 202.0, 278.0, 340.0, 418.0, 481.99999999999994, 554.0, 624.0]
scores: [0.9097687221315148, 0.814735766136302, 0.7972447439824233, 0.8191673161250566, 0.9367215055239223, 0.9077716753972525, 0.7777175101033824, 0.8494305267602326, 0.9314531336201302]
