training_data_sizes: [0.1, 0.2, 0.3, 0.4, 0.5, 0.6, 0.7]
times: [105.0, 218.0, 329.0, 439.0, 547.0, 651.0, 761.0]
scores: [0.8294246545416923, 0.8440331227849687, 0.8809408747264285, 0.8573309036799863, 0.8603029368302281, 0.8981725397283737, 0.896540615769345]
