training_data_sizes: [0.1, 0.2, 0.3, 0.4, 0.5, 0.6, 0.7]
times: [109.35, 203.38, 303.63, 407.26, 500.55, 603.51, 703.79]
scores: [0.7157428846516687, 0.7130437831946431, 0.6587408282360733, 0.6970026856628921, 0.7900089958887921, 0.6278972603031635, 0.6783131759752983]
