training_data_sizes: [0.1, 0.2, 0.3, 0.4, 0.5, 0.6]
times: [136.11, 272.29, 400.18, 541.69, 673.52, 807.62]
scores: [0.8091641579890405, 0.9773727367904634, 1.0, 1.0, 1.0, 1.0]
