training_data_sizes: [0.1, 0.2, 0.3, 0.4, 0.5, 0.6, 0.7, 0.8, 0.9, 1.0]
times: [8.0, 10.0, 23.0, 32.0, 45.0, 53.0, 66.0, 75.0, 82.0, 94.0]
scores: [1.0, 0.9813111522786118, 0.9110876678644798, 1.0, 1.0, 1.0, 1.0, 1.0, 1.0, 1.0]
