training_data_sizes: [0.1, 0.2, 0.3, 0.4, 0.5, 0.6]
times: [31.0, 70.0, 118.0, 154.0, 196.0, 237.0]
scores: [0.9080412291149473, 0.7627072610466913, 0.9157165813065229, 0.8118599594463671, 0.7875605802539516, 0.8933453996408534]
