training_data_sizes: [0.1, 0.2, 0.3, 0.4, 0.5, 0.6, 0.7]
times: [157.28, 322.97, 476.24, 638.5, 789.99, 946.22, 1105.78]
scores: [1.0, 1.0, 0.9231501560413359, 0.8681278757088833, 0.9035064618240779, 1.0, 0.9868235460365102]
