training_data_sizes: [0.1, 0.2, 0.3, 0.4, 0.5, 0.6]
times: [123.49, 240.26, 358.3, 474.68, 593.3, 703.9]
scores: [0.7625455646836317, 0.7237486397599707, 0.7854468138944022, 0.6915549076707992, 0.6585278764961924, 0.5927661764588769]
