training_data_sizes: [0.1, 0.2, 0.3, 0.4, 0.5, 0.6, 0.7, 0.8, 0.9, 1.0]
times: [46.0, 98.0, 141.0, 191.0, 241.0, 297.0, 346.0, 390.0, 447.0, 496.0]
scores: [0.5178449466445181, 0.5788771311061287, 0.583731143688022, 0.6370127699179382, 0.667599766527794, 0.8560638913092988, 0.8559903980455943, 0.8285159781884368, 0.88775906716991, 0.8533377901109738]
