training_data_sizes: [0.1, 0.2, 0.3, 0.4, 0.5]
times: [187.01, 369.66, 545.43, 729.19, 908.68]
scores: [0.7444879305578361, 0.7988850206166571, 0.733544851668278, 0.8019028894514264, 0.7972219277847452]
