training_data_sizes: [0.1, 0.2, 0.3, 0.4]
times: [74.0, 156.0, 237.0, 312.0]
scores: [0.8017937815074478, 0.7919125166834158, 0.7618998305486899, 0.8025354838186891]
