training_data_sizes: [0.1, 0.2, 0.3, 0.4, 0.5, 0.6, 0.7, 0.8, 0.9, 1.0]
times: [88.62, 162.35, 244.03, 325.86, 409.77, 489.26, 562.44, 646.3, 729.0, 802.95]
scores: [0.8760794527034514, 0.7549438560938007, 0.7974530748015829, 0.899511611236395, 0.8960150410349281, 0.8635517045420622, 1.0, 1.0, 1.0, 1.0]
