training_data_sizes: [0.1, 0.2, 0.3]
times: [435.79, 869.66, 1309.3]
scores: [0.8883279571250968, 0.8572774514507047, 0.8552954275109477]
