training_data_sizes: [0.1, 0.2, 0.3, 0.4, 0.5, 0.6, 0.7, 0.8, 0.9, 1.0]
times: [4.0, 15.0, 29.0, 31.0, 47.0, 50.0, 63.0, 70.0, 84.0, 98.0]
scores: [0.7300453694824427, 0.9116437494989909, 0.8715302669940905, 0.790345294215383, 0.8632009943030294, 0.8288221761872285, 0.854296443078522, 0.822524876153673, 0.7034209842906434, 0.7977115822161218]
