training_data_sizes: [0.1, 0.2, 0.3, 0.4, 0.5]
times: [17.0, 38.0, 53.0, 77.0, 96.0]
scores: [0.8278954668168069, 0.7650110330837883, 0.8432770791733735, 0.8351515026926614, 0.8845411516451633]
