training_data_sizes: [0.1, 0.2, 0.3, 0.4, 0.5]
times: [248.23, 488.1, 725.57, 968.98, 1202.37]
scores: [0.5656268332567468, 0.6518642878105281, 0.7272867205939268, 0.5609795406235458, 0.6374083184600629]
