training_data_sizes: [0.1, 0.2]
times: [88.0, 179.0]
scores: [0.7608729223978743, 0.8276490958988685]
