training_data_sizes: [0.1, 0.2, 0.3, 0.4, 0.5, 0.6, 0.7, 0.8, 0.9]
times: [119.0, 235.0, 354.0, 475.0, 593.0, 710.0, 836.0, 959.0, 1076.0]
scores: [0.9512282473911644, 0.9232908474949162, 1.0, 1.0, 1.0, 0.9663782563492267, 1.0, 1.0, 1.0]
