training_data_sizes: [0.1, 0.2]
times: [58.0, 112.0]
scores: [0.8471131322169352, 0.8605385751141947]
