training_data_sizes: [0.1, 0.2, 0.3, 0.4, 0.5, 0.6, 0.7]
times: [117.92, 237.28, 350.42, 462.82, 578.9, 688.14, 803.67]
scores: [0.7635982400263759, 0.7569692917373592, 0.9063501098737113, 1.0, 0.9714332698484296, 0.915767125033812, 1.0]
