training_data_sizes: [0.1, 0.2, 0.3, 0.4, 0.5, 0.6]
times: [174.67, 348.63, 518.74, 692.29, 898.25, 1059.77]
scores: [0.3851454285513396, 0.3559369494452158, 0.34213223191826336, 0.3303409662072916, 0.33630996861455675, 0.32939575053978776]
