training_data_sizes: [0.1, 0.2, 0.3, 0.4]
times: [253.28, 506.35, 754.32, 1009.0]
scores: [0.8049726990736082, 0.8584711379813819, 0.9454248887485335, 0.8601421354768424]
