training_data_sizes: [0.1, 0.2, 0.3, 0.4, 0.5]
times: [21.0, 56.0, 81.0, 119.0, 145.0]
scores: [0.6780685448571266, 0.715746206601392, 0.7585959148593466, 0.7648038046277911, 0.8993331422619739]
