training_data_sizes: [0.1, 0.2, 0.3, 0.4, 0.5, 0.6, 0.7, 0.8]
times: [117.0, 235.0, 357.0, 476.0, 594.0, 710.0, 836.0, 951.0]
scores: [0.8390063586910017, 0.8139568096020982, 0.9249794384702692, 0.8408974353810263, 0.9277108847370308, 1.0, 0.8778106481584655, 0.9461256570228651]
