training_data_sizes: [0.1, 0.2, 0.3, 0.4, 0.5, 0.6, 0.7, 0.8, 0.9, 1.0]
times: [0.47, 0.74, 1.26, 1.34, 1.85, 1.97, 2.41, 2.67, 2.96, 2.96]
scores: [0.9849883780991735, 0.9080861615117044, 0.8539031998468467, 0.7868865391483115, 0.7920839634467907, 0.775074552767967, 0.7612409665048574, 0.7583023348442082, 0.7400393334663076, 0.7263519922786286]
