training_data_sizes: [0.1, 0.2, 0.3, 0.4, 0.5, 0.6]
times: [159.45, 303.07, 456.73, 605.64, 754.83, 906.57]
scores: [0.8179455242539622, 0.9017427156266802, 0.793554345548185, 0.859079936523764, 0.8769553226282006, 0.7822553257250114]
