training_data_sizes: [0.1, 0.2, 0.3, 0.4]
times: [232.23, 450.92, 684.79, 902.69]
scores: [0.6248147966976677, 0.7476867735735641, 0.8218834654209783, 0.8166800401215722]
