training_data_sizes: [0.1, 0.2]
times: [704.67, 1405.05]
scores: [0.7389394748972655, 0.7298902582982914]
