training_data_sizes: [0.1, 0.2, 0.3, 0.4, 0.5, 0.6]
times: [116.88, 234.93, 356.86, 469.98, 592.79, 709.78]
scores: [0.8469604125893386, 0.7676421517121021, 0.9355535401889723, 0.8089982918700598, 0.8475511801161832, 0.8284023563296505]
