training_data_sizes: [0.1, 0.2, 0.3, 0.4, 0.5, 0.6, 0.7, 0.8, 0.9, 1.0]
times: [2.57, 4.29, 5.69, 6.94, 8.61, 10.33, 11.74, 13.39, 14.66, 16.89]
scores: [0.7108227575523618, 0.6880058510436606, 0.7116252930280389, 0.7235052755955136, 0.7402400182914305, 0.7266388512971443, 0.6947678401829531, 0.6996292503225157, 0.724212562722442, 0.6843479368051208]
