training_data_sizes: [0.1, 0.2, 0.3, 0.4, 0.5, 0.6, 0.7, 0.8, 0.9, 1.0]
times: [9.0, 19.0, 20.0, 34.0, 40.0, 58.0, 62.0, 72.0, 86.0, 95.0]
scores: [0.7966796694724654, 0.8246735379259371, 0.8226643812950396, 0.8747837236816096, 0.9069735783071058, 1.0, 1.0, 1.0, 1.0, 1.0]
