training_data_sizes: [0.1, 0.2, 0.3, 0.4, 0.5, 0.6, 0.7, 0.8]
times: [30.0, 70.0, 119.0, 153.0, 198.0, 235.0, 270.0, 312.0]
scores: [0.837303150065013, 0.7974593376876004, 0.7715349183411941, 0.8262407149781896, 0.8049887797252703, 0.7328492909474598, 0.8007629660386538, 0.7908612016240482]
