training_data_sizes: [0.1, 0.2, 0.3, 0.4, 0.5, 0.6, 0.7, 0.8]
times: [53.0, 110.0, 174.0, 232.0, 294.0, 351.0, 411.0, 471.0]
scores: [0.8866316700466278, 0.8959095530127399, 0.8431677956075233, 0.7918304896426309, 0.8645917876475244, 0.8363198877343265, 0.86164252349062, 0.6859729714893305]
