training_data_sizes: [0.1, 0.2, 0.3]
times: [37.0, 73.0, 114.0]
scores: [0.7643163185488229, 0.9619055141007086, 0.956919188941962]
