training_data_sizes: [0.1, 0.2, 0.3, 0.4, 0.5, 0.6, 0.7, 0.8, 0.9, 1.0]
times: [91.0, 198.0, 294.0, 394.0, 494.0, 591.0, 693.0, 794.0, 895.0, 990.0]
scores: [0.8934646606821421, 0.961623447109339, 1.0, 0.9464016689592767, 1.0, 0.9651300369000788, 1.0, 1.0, 1.0, 1.0]
