training_data_sizes: [0.1, 0.2, 0.3, 0.4, 0.5, 0.6]
times: [122.18, 242.25, 357.39, 475.11, 584.06, 701.09]
scores: [0.7201981002783657, 0.8285111088908703, 0.9406112570852456, 0.8399178609509017, 0.882497357307623, 0.8523471761001855]
