training_data_sizes: [0.1, 0.2, 0.3, 0.4, 0.5, 0.6, 0.7, 0.8]
times: [152.97, 303.75, 453.8, 606.71, 751.81, 902.37, 1052.26, 1201.45]
scores: [0.7078700381293187, 0.7964459319432731, 0.8017195186857669, 0.8939537777456728, 0.8966937967234316, 0.9730732213782383, 1.0, 0.96972565839495]
