training_data_sizes: [0.1, 0.2, 0.3]
times: [304.93, 609.77, 904.46]
scores: [0.6451314987157385, 0.6706159698295802, 0.6116755125989172]
