training_data_sizes: [0.1, 0.2, 0.3, 0.4, 0.5, 0.6, 0.7, 0.8, 0.9]
times: [55.0, 119.0, 177.0, 237.0, 295.0, 355.0, 419.0, 477.0, 536.0]
scores: [0.8823618706558649, 0.9925270567586737, 0.943049762821996, 0.9409795839315664, 0.9823237229413604, 0.9743561412197095, 1.0, 0.9770983616450637, 0.9887496368003903]
