training_data_sizes: [0.1, 0.2, 0.3, 0.4, 0.5, 0.6]
times: [90.0, 195.0, 294.0, 399.0, 495.0, 599.0]
scores: [0.9767510528937984, 0.9858356439318097, 1.0, 0.9767903451557692, 1.0, 1.0]
