training_data_sizes: [0.1, 0.2, 0.3, 0.4, 0.5, 0.6, 0.7, 0.8, 0.9]
times: [157.08, 313.18, 467.03, 628.52, 781.96, 935.82, 1089.28, 1251.87, 1405.16]
scores: [0.757640100504108, 0.8704099376713266, 0.8674848215025456, 0.8895347195047101, 0.9434740217982371, 0.9495368585679187, 1.0, 0.9805637205842814, 1.0]
