training_data_sizes: [0.1, 0.2, 0.3, 0.4]
times: [309.83, 606.3, 900.24, 1208.48]
scores: [0.9527649699270686, 0.8852395013462983, 0.927193552267223, 0.9182115062259391]
