training_data_sizes: [0.1, 0.2, 0.3]
times: [268.65, 533.76, 807.76]
scores: [0.4916451528258903, 0.5144038691798711, 0.6045226438900633]
