training_data_sizes: [0.1, 0.2, 0.3, 0.4, 0.5, 0.6, 0.7]
times: [56.0, 114.0, 176.0, 236.0, 294.0, 359.0, 416.0]
scores: [0.5104691231409977, 0.6094653132076304, 0.6144365603759189, 0.7302776014098293, 0.7610373203339269, 0.8957569803770636, 0.873380333754777]
