training_data_sizes: [0.1, 0.2]
times: [409.28, 807.39]
scores: [0.7436986407616841, 0.7999750990056071]
