training_data_sizes: [0.1, 0.2, 0.3, 0.4]
times: [329.49, 656.7, 977.08, 1302.67]
scores: [0.9574576758347886, 0.8658117324977912, 0.996800763419111, 0.9064417910836091]
