training_data_sizes: [0.1, 0.2, 0.3, 0.4]
times: [351.8, 701.85, 1059.66, 1400.6]
scores: [0.5979177110020016, 0.6734387658825407, 0.8339206896550289, 0.8299472635350822]
