training_data_sizes: [0.1, 0.2, 0.3, 0.4, 0.5]
times: [71.0, 158.0, 234.0, 316.0, 395.0]
scores: [0.608724423989866, 0.6089994045295974, 0.7207331741748058, 0.7856320997396562, 0.9191556915569675]
