training_data_sizes: [0.1, 0.2, 0.3, 0.4]
times: [35.0, 78.0, 113.0, 157.0]
scores: [0.8508304118804308, 0.8520814567349488, 0.8734887047878815, 0.9096973396644572]
