training_data_sizes: [0.1, 0.2, 0.3]
times: [241.98, 470.46, 705.34]
scores: [0.8795951481314479, 0.8590033864458791, 0.8655054316843904]
