training_data_sizes: [0.1, 0.2, 0.3, 0.4, 0.5, 0.6, 0.7, 0.8, 0.9]
times: [66.0, 139.0, 205.0, 276.0, 343.0, 416.0, 483.99999999999994, 550.0, 620.0]
scores: [0.7768070028631033, 0.8666361871574072, 0.9370113062527932, 1.0, 1.0, 1.0, 1.0, 1.0, 1.0]
