training_data_sizes: [0.1, 0.2, 0.3, 0.4, 0.5, 0.6, 0.7, 0.8]
times: [133.84, 254.22, 382.99, 507.31, 628.59, 751.85, 883.96, 1000.6]
scores: [0.9045738621513799, 0.9198434166416684, 1.0, 0.9801145910354497, 0.8788746590140404, 0.9834779325721483, 0.9974480775008646, 1.0]
