training_data_sizes: [0.1, 0.2, 0.3, 0.4, 0.5, 0.6, 0.7, 0.8, 0.9, 1.0]
times: [86.57, 161.18, 249.03, 321.04, 402.8, 488.78, 563.44, 648.73, 720.7, 800.65]
scores: [0.5688032215470433, 0.5333760546449138, 0.4636792488436782, 0.6292983414962311, 0.6114985171897548, 0.5588603791200453, 0.4400584912508942, 0.6007685319094104, 0.465947071987669, 0.4589997855469465]
