training_data_sizes: [0.1, 0.2, 0.3, 0.4, 0.5, 0.6, 0.7, 0.8, 0.9]
times: [68.73, 134.08, 201.52, 267.43, 342.35, 408.89, 470.76, 539.48, 606.09]
scores: [0.5930452675061768, 0.6604001379444844, 0.8037521344025238, 0.7666599540595621, 0.8514262880350509, 0.9296177150314314, 0.9701154104633694, 1.0, 1.0]
