training_data_sizes: [0.1, 0.2, 0.3, 0.4, 0.5, 0.6, 0.7, 0.8, 0.9]
times: [36.0, 77.0, 110.0, 152.0, 196.0, 237.0, 270.0, 319.0, 359.0]
scores: [0.8146993090310584, 0.7082534022611318, 0.8721131713801551, 0.850571273184241, 0.7934974092894326, 0.8633333898096549, 0.8379690470056625, 0.7868363915019687, 0.7042223238611776]
