training_data_sizes: [0.1, 0.2, 0.3, 0.4, 0.5, 0.6, 0.7, 0.8]
times: [152.35, 309.76, 459.27, 606.9, 757.63, 900.45, 1056.99, 1201.05]
scores: [0.8374648266607055, 0.8740687304016914, 0.8546676311517958, 0.9060662413780767, 0.9228805896213734, 1.0, 1.0, 1.0]
