training_data_sizes: [0.1, 0.2, 0.3, 0.4, 0.5, 0.6, 0.7, 0.8, 0.9, 1.0]
times: [146.49, 288.05, 428.04, 562.09, 706.23, 846.44, 987.8, 1120.38, 1263.26, 1404.57]
scores: [0.8126228739291657, 0.9994945793933838, 0.8741446013880056, 0.9543347639295192, 0.9717902376228773, 1.0, 1.0, 0.9757422549202367, 1.0, 1.0]
