training_data_sizes: [0.1, 0.2, 0.3, 0.4, 0.5, 0.6]
times: [191.29, 374.01, 558.46, 734.87, 920.73, 1107.48]
scores: [0.9117455605376767, 0.8531135716436516, 0.9556390608745795, 1.0, 0.9941796555495535, 1.0]
