training_data_sizes: [0.1, 0.2]
times: [457.6, 904.81]
scores: [0.4863497282255549, 0.5432234615284609]
