training_data_sizes: [0.1, 0.2, 0.3, 0.4, 0.5, 0.6, 0.7, 0.8, 0.9, 1.0]
times: [119.0, 230.0, 358.0, 476.0, 593.0, 717.0, 837.0, 957.0, 1077.0, 1198.0]
scores: [0.5603679171491441, 0.5178811288113598, 0.5944800972913392, 0.5560960065502677, 0.5204197624075556, 0.49781426829355135, 0.5927911307160687, 0.48255149163315164, 0.5941663384904805, 0.4663389075442846]
