training_data_sizes: [0.1, 0.2]
times: [53.0, 112.0]
scores: [0.7543092822691451, 0.7323025816366439]
