training_data_sizes: [0.1, 0.2, 0.3, 0.4, 0.5, 0.6, 0.7, 0.8, 0.9, 1.0]
times: [3.26, 5.05, 7.1, 8.59, 9.76, 11.65, 12.94, 12.88, 14.89, 14.94]
scores: [0.2469153743422533, 0.2518995437357928, 0.25473836054171883, 0.25511635909449903, 0.25513295798238733, 0.2558748654675187, 0.2553256576260332, 0.25479994623373636, 0.2537748936083839, 0.2536272178390967]
