training_data_sizes: [0.1, 0.2]
times: [552.98, 1106.42]
scores: [0.8144116986460399, 0.9693344179799983]
