training_data_sizes: [0.1, 0.2, 0.3, 0.4, 0.5, 0.6, 0.7, 0.8, 0.9]
times: [131.8, 245.7, 375.71, 490.13, 618.44, 739.53, 861.87, 982.34, 1104.37]
scores: [0.7748618262116193, 0.8323271051414163, 0.7639408752196193, 0.9497778945517037, 0.845244635583106, 1.0, 1.0, 1.0, 1.0]
