training_data_sizes: [0.1, 0.2]
times: [409.77, 806.89]
scores: [0.7907858843709061, 0.8285602695844929]
