training_data_sizes: [0.1, 0.2, 0.3, 0.4, 0.5, 0.6, 0.7, 0.8]
times: [123.0, 250.0, 383.0, 515.0, 642.0, 777.0, 904.9999999999999, 1032.0]
scores: [0.933567266318774, 0.9854940898351559, 1.0, 1.0, 1.0, 1.0, 1.0, 1.0]
