training_data_sizes: [0.1, 0.2, 0.3]
times: [273.51, 535.6, 804.91]
scores: [0.8492887780362666, 0.9802712908685232, 1.0]
