training_data_sizes: [0.1, 0.2, 0.3, 0.4, 0.5, 0.6, 0.7, 0.8, 0.9]
times: [56.0, 118.0, 179.0, 232.0, 298.0, 351.0, 413.0, 473.0, 531.0]
scores: [0.9443366731530156, 0.8566936987476006, 0.8134333990555952, 0.939046538340602, 0.9373967893207428, 0.9619360225858113, 0.9581858345378282, 0.9134968600253617, 0.9176503266119393]
