training_data_sizes: [0.1, 0.2, 0.3, 0.4, 0.5, 0.6, 0.7, 0.8, 0.9]
times: [12.0, 36.0, 54.0, 75.0, 98.0, 112.0, 133.0, 158.0, 173.0]
scores: [0.6176568150882522, 0.5758306442279364, 0.5701268421833828, 0.6100043426309609, 0.5415837632357058, 0.43355523164573656, 0.5298753481311476, 0.42013022055098403, 0.567880419564538]
