training_data_sizes: [0.1, 0.2, 0.3, 0.4, 0.5, 0.6, 0.7, 0.8, 0.9]
times: [52.0, 115.0, 173.0, 238.0, 297.0, 351.0, 418.0, 475.0, 531.0]
scores: [0.780282685255429, 0.777580427645035, 0.9834379629096826, 0.8754342429906755, 0.999777961616696, 0.9769399824896006, 0.9283168347260011, 1.0, 1.0]
