training_data_sizes: [0.1, 0.2]
times: [659.31, 1301.78]
scores: [0.8830471321794262, 0.9547832271727528]
