training_data_sizes: [0.1, 0.2, 0.3]
times: [31.0, 74.0, 118.0]
scores: [0.8238954361687965, 0.908247725268465, 0.8788909297213563]
