training_data_sizes: [0.1, 0.2, 0.3]
times: [15.0, 39.0, 57.0]
scores: [0.8358425283328617, 0.845976623330311, 0.8393675268485687]
