training_data_sizes: [0.1, 0.2, 0.3, 0.4]
times: [42.0, 90.0, 141.0, 196.0]
scores: [0.8523603142064815, 0.8130329206621023, 0.8587554273515914, 0.9605928859655093]
