training_data_sizes: [0.1, 0.2, 0.3, 0.4]
times: [328.46, 655.27, 980.56, 1308.32]
scores: [0.8578667917642493, 0.9602647187815053, 0.9197340876900783, 0.9411211911771317]
