training_data_sizes: [0.1, 0.2, 0.3, 0.4, 0.5, 0.6, 0.7, 0.8]
times: [19.0, 36.0, 59.0, 78.0, 93.0, 115.0, 136.0, 150.0]
scores: [0.8949319743444434, 0.9078295657069897, 0.9144455717722104, 1.0, 1.0, 1.0, 1.0, 1.0]
