training_data_sizes: [0.1, 0.2, 0.3, 0.4, 0.5]
times: [188.45, 365.64, 542.38, 722.46, 906.59]
scores: [0.5603396828392062, 0.7702007909806838, 0.6999715663812559, 0.8173146762478714, 0.8886891117661464]
