training_data_sizes: [0.1, 0.2, 0.3, 0.4, 0.5]
times: [23.0, 59.0, 85.0, 115.0, 147.0]
scores: [1.0, 0.9796648639869301, 0.8622086063186319, 1.0, 0.9607145298993109]
