training_data_sizes: [0.1, 0.2, 0.3, 0.4, 0.5, 0.6, 0.7, 0.8, 0.9, 1.0]
times: [101.0, 213.0, 322.0, 436.0, 549.0, 652.0, 761.0, 874.0, 983.0, 1091.0]
scores: [0.8600068353668777, 0.8071753876928522, 0.8622128799469537, 0.71182903309982, 0.7970217754697616, 0.7166052990889753, 0.7304054633317066, 0.8545594017833784, 0.7911860217933526, 0.7182969904431595]
