training_data_sizes: [0.1, 0.2, 0.3, 0.4, 0.5, 0.6, 0.7, 0.8, 0.9, 1.0]
times: [0.82, 1.23, 1.91, 2.62, 3.39, 4.53, 5.19, 6.19, 6.99, 8.53]
scores: [0.6374045801526718, 0.6761904761904762, 0.69693094629156, 0.7152709359605911, 0.7089905362776026, 0.7084967320261439, 0.7053872053872055, 0.7168792934249264, 0.7209403569873749, 0.7279469164715067]
