training_data_sizes: [0.1, 0.2, 0.3, 0.4, 0.5, 0.6]
times: [54.0, 110.0, 174.0, 233.0, 298.0, 354.0]
scores: [0.7081216500341441, 0.656122376680584, 0.7333902332049274, 0.8225474255092801, 0.8623648478639834, 0.8570179093796122]
