training_data_sizes: [0.1, 0.2, 0.3, 0.4, 0.5, 0.6]
times: [234.53, 473.6, 701.74, 933.68, 1173.63, 1400.44]
scores: [0.8658754394792205, 0.8321421055892462, 1.0, 1.0, 1.0, 0.9459985180167314]
