training_data_sizes: [0.1, 0.2, 0.3, 0.4, 0.5, 0.6, 0.7, 0.8, 0.9, 1.0]
times: [52.0, 110.0, 171.0, 230.0, 299.0, 354.0, 411.0, 475.0, 537.0, 597.0]
scores: [0.9073521667138114, 0.8849972493880818, 0.8500710615732441, 0.8966167900115098, 0.802934942527165, 0.8615374879711728, 0.7838580130472365, 0.9229668607906587, 0.8021711982849954, 0.9902764645383239]
