training_data_sizes: [0.1, 0.2, 0.3, 0.4, 0.5, 0.6]
times: [102.44, 201.84, 305.73, 400.53, 508.77, 600.55]
scores: [0.8057976689335522, 0.8951152466935255, 0.7706817221858678, 0.9334850322706398, 0.8418466982933673, 0.8421844958628277]
