training_data_sizes: [0.1, 0.2, 0.3, 0.4, 0.5, 0.6]
times: [120.24, 237.05, 352.86, 470.69, 588.12, 706.4]
scores: [0.7489029665018233, 0.7557703982771868, 0.798246677758746, 0.818126443730204, 0.955052991997515, 0.9327271500638561]
