training_data_sizes: [0.1, 0.2, 0.3, 0.4, 0.5, 0.6, 0.7, 0.8]
times: [79.74, 153.24, 226.54, 309.82, 381.38, 451.53, 531.95, 609.39]
scores: [0.5543999909529536, 0.561866032450544, 0.6312482135413678, 0.6182816671316372, 0.46788735651729746, 0.5984202315477322, 0.5373951458184726, 0.4930648843406681]
