training_data_sizes: [0.1, 0.2, 0.3]
times: [115.0, 238.0, 356.0]
scores: [0.8225476468931696, 0.9528379972842302, 0.9599251839847845]
