training_data_sizes: [0.1, 0.2, 0.3, 0.4, 0.5, 0.6]
times: [69.0, 159.06, 299.3, 480.22, 711.73, 981.38]
scores: [0.9744617285171975, 0.9709659361186613, 0.9709897548014086, 0.9714998231901812, 0.9724290551136809, 0.9728893903695877]
