training_data_sizes: [0.1, 0.2, 0.3, 0.4, 0.5, 0.6, 0.7, 0.8]
times: [115.95, 227.03, 339.4, 453.21, 563.78, 683.21, 797.17, 902.02]
scores: [0.7493922991366618, 0.758318480140143, 0.6791319401808703, 0.7925872995207679, 0.764801866477823, 0.7410028894204401, 0.7918640279061602, 0.7923147647415745]
