training_data_sizes: [0.1, 0.2, 0.3, 0.4]
times: [55.0, 118.0, 179.0, 230.0]
scores: [0.5713020535812166, 0.6382582248281073, 0.6594034047147023, 0.6458408284626427]
