training_data_sizes: [0.1, 0.2, 0.3, 0.4, 0.5, 0.6]
times: [110.0, 231.0, 359.0, 472.0, 591.0, 714.0]
scores: [0.9197667261133182, 0.8899694805688724, 0.8974470396639842, 0.9331847210189878, 0.9418362319571825, 1.0]
