training_data_sizes: [0.1, 0.2]
times: [53.0, 113.0]
scores: [0.7321531053009236, 0.6859365814253052]
