training_data_sizes: [0.1, 0.2, 0.3, 0.4, 0.5]
times: [202.43, 405.51, 603.28, 807.56, 1003.39]
scores: [0.8060424223424738, 0.6957452357107484, 0.8471879321766478, 0.7890510959780269, 0.9983086683117836]
