training_data_sizes: [0.1, 0.2, 0.3, 0.4, 0.5, 0.6, 0.7, 0.8, 0.9]
times: [80.75, 160.44, 236.85, 314.84, 392.83, 467.12, 544.87, 630.6, 703.72]
scores: [0.900988635595449, 0.9332457350140462, 0.9659506339093689, 0.7859754814078597, 0.9549055548492564, 0.8920007105636987, 0.833683722758924, 0.9102568737371318, 0.8046971672147265]
