training_data_sizes: [0.1, 0.2, 0.3, 0.4, 0.5, 0.6, 0.7, 0.8, 0.9, 1.0]
times: [54.42, 95.8, 141.04, 178.74, 224.69, 262.6, 306.68, 349.56, 396.16, 455.28]
scores: [0.8252772419550041, 0.8567293332620325, 0.8712893812856202, 0.8832608990860003, 0.8942374635088413, 0.9035479954182073, 0.9094732091982229, 0.9140339995312354, 0.9173340036089506, 0.920412879654684]
