training_data_sizes: [0.1, 0.2, 0.3]
times: [375.58, 737.97, 1107.43]
scores: [0.885860487705183, 0.7806817687711398, 0.7998237801779997]
