training_data_sizes: [0.1, 0.2, 0.3, 0.4, 0.5, 0.6, 0.7, 0.8]
times: [93.29, 175.61, 271.29, 354.08, 443.03, 527.34, 620.31, 706.82]
scores: [0.8738449857849304, 0.8980545178561972, 0.9306707926853186, 0.9608366965537194, 1.0, 0.9547779931951493, 1.0, 1.0]
