training_data_sizes: [0.1, 0.2, 0.3, 0.4]
times: [300.81, 609.64, 902.46, 1203.69]
scores: [0.8224197405355117, 0.9269253974690613, 0.9111751594311486, 0.9240523042846631]
