training_data_sizes: [0.1, 0.2, 0.3, 0.4, 0.5, 0.6, 0.7, 0.8, 0.9]
times: [11.48, 28.28, 49.43, 77.59, 108.53, 154.04, 192.25, 240.8, 286.66]
scores: [0.202701792898905, 0.1425353065007191, 0.22913070338514185, 0.30148639115122733, 0.3527211109160079, 0.369306004486722, 0.390910815429092, 0.41604945985586794, 0.4157087415047229]
