training_data_sizes: [0.1, 0.2, 0.3, 0.4, 0.5, 0.6, 0.7, 0.8, 0.9, 1.0]
times: [72.0, 159.0, 232.0, 318.0, 392.0, 475.0, 557.0, 635.0, 711.0, 794.0]
scores: [0.7479670706395916, 0.8628853056492327, 0.8642041420605159, 0.9685718306648023, 0.9702535030663695, 0.9877939248197876, 0.9109740451604273, 0.9688543591341198, 1.0, 1.0]
