training_data_sizes: [0.1, 0.2]
times: [77.0, 158.0]
scores: [0.9492788724385552, 0.8688580134714727]
