training_data_sizes: [0.1, 0.2, 0.3, 0.4, 0.5]
times: [20.0, 54.0, 86.0, 117.0, 147.0]
scores: [1.0, 0.9109593028749827, 0.9117047646326011, 1.0, 1.0]
