training_data_sizes: [0.1, 0.2, 0.3, 0.4, 0.5]
times: [18.0, 36.0, 50.0, 78.0, 99.0]
scores: [0.8431513472757106, 1.0, 1.0, 1.0, 0.9648677306805363]
