training_data_sizes: [0.1, 0.2, 0.3, 0.4, 0.5]
times: [204.31, 408.42, 607.48, 805.18, 1007.39]
scores: [0.7669280174543979, 0.9184397356669052, 0.8226675771600303, 0.9263233990766542, 0.8660919135499451]
