training_data_sizes: [0.1, 0.2, 0.3, 0.4, 0.5, 0.6, 0.7, 0.8, 0.9]
times: [73.57, 139.15, 203.89, 270.97, 334.48, 408.15, 469.05, 541.9, 601.34]
scores: [0.7464476449336108, 0.7675574277639701, 0.8438376280306309, 0.7382370047021822, 0.7425199812125435, 0.8481391594276851, 0.6837850754627571, 0.6846980706132056, 0.7943430471060834]
