training_data_sizes: [0.1, 0.2, 0.3]
times: [127.0, 258.0, 385.0]
scores: [0.5988647771349962, 0.5445303293451168, 0.5095510960627065]
