training_data_sizes: [0.1, 0.2, 0.3, 0.4, 0.5, 0.6, 0.7, 0.8, 0.9, 1.0]
times: [2.02, 4.05, 5.8, 6.8, 7.17, 8.23, 9.72, 9.66, 10.66, 11.35]
scores: [0.24692635464365986, 0.2518954616867115, 0.2547270593425829, 0.2551039641398032, 0.25511959303855836, 0.255861653477217, 0.2553119686752181, 0.2547864251822606, 0.2537608441777549, 0.253613357843256]
