training_data_sizes: [0.1, 0.2, 0.3, 0.4, 0.5, 0.6]
times: [122.0, 254.0, 383.0, 516.0, 640.0, 770.0]
scores: [0.5124541641585346, 0.4369730124831139, 0.5481665298339625, 0.4793495033954455, 0.6553940535504574, 0.6585762132731894]
