training_data_sizes: [0.1, 0.2, 0.3, 0.4, 0.5, 0.6]
times: [168.05, 335.03, 503.99, 676.56, 837.46, 1007.21]
scores: [0.9277935976089443, 0.8536642114312976, 0.790832972025362, 0.939232967820006, 0.881886918438546, 0.9719207856551586]
