training_data_sizes: [0.1, 0.2, 0.3, 0.4, 0.5, 0.6, 0.7, 0.8, 0.9]
times: [12.0, 31.0, 57.0, 73.0, 97.0, 119.0, 130.0, 153.0, 173.0]
scores: [0.7596217095472853, 0.8257935011303064, 0.8536971673357399, 0.8007747257456981, 1.0, 1.0, 1.0, 1.0, 1.0]
