training_data_sizes: [0.1, 0.2]
times: [450.53, 906.6]
scores: [0.8512127621809035, 0.9305921420614671]
