training_data_sizes: [0.1, 0.2, 0.3, 0.4, 0.5]
times: [169.15, 327.84, 485.38, 643.56, 800.24]
scores: [0.7366488323152245, 0.7619883041713709, 0.5947975483264824, 0.6313648933194191, 0.6429330226480836]
