training_data_sizes: [0.1, 0.2, 0.3, 0.4, 0.5, 0.6, 0.7, 0.8, 0.9]
times: [146.75, 290.99, 433.96, 582.41, 732.18, 874.56, 1017.76, 1162.18, 1302.07]
scores: [0.938558989929028, 0.8810697140440993, 0.9930193054501636, 0.8877510498026318, 1.0, 1.0, 0.9526656009310743, 1.0, 0.9922037175215699]
