training_data_sizes: [0.1, 0.2, 0.3, 0.4, 0.5, 0.6, 0.7, 0.8]
times: [43.0, 95.0, 143.0, 194.0, 240.0, 294.0, 344.0, 394.0]
scores: [1.0, 1.0, 1.0, 0.9359537639508656, 1.0, 0.9639878718331076, 1.0, 1.0]
