training_data_sizes: [0.1, 0.2]
times: [26.0, 59.0]
scores: [0.8244284243360345, 0.9784899680570105]
