training_data_sizes: [0.1, 0.2, 0.3]
times: [367.25, 737.55, 1101.9]
scores: [0.7049103640639285, 0.703033307422366, 0.8111471821572247]
