training_data_sizes: [0.1, 0.2]
times: [23.0, 54.0]
scores: [0.8251554754223931, 0.8175151464064931]
