training_data_sizes: [0.1, 0.2, 0.3, 0.4, 0.5, 0.6]
times: [24.0, 58.0, 87.0, 113.0, 142.0, 172.0]
scores: [0.844288980297399, 0.8274149187954929, 0.9576171623068972, 0.9210552913258356, 1.0, 0.9140047274873433]
