training_data_sizes: [0.1, 0.2]
times: [554.93, 1106.68]
scores: [0.8248587128957572, 0.7838196707662414]
