training_data_sizes: [0.1, 0.2, 0.3, 0.4, 0.5, 0.6]
times: [23.0, 51.0, 82.0, 113.0, 147.0, 172.0]
scores: [0.9074480945664625, 0.8578720296494498, 0.9110303771016799, 0.8360031950658595, 0.842263051390324, 0.9937082904025747]
