training_data_sizes: [0.1, 0.2, 0.3, 0.4]
times: [23.0, 54.0, 85.0, 116.0]
scores: [0.8276782756563055, 1.0, 0.9846422011345434, 0.9247471615734865]
