training_data_sizes: [0.1, 0.2, 0.3]
times: [302.46, 609.52, 905.93]
scores: [0.9801289557941792, 0.9264903254122865, 0.9736613448974147]
