training_data_sizes: [0.1, 0.2, 0.3, 0.4, 0.5, 0.6, 0.7]
times: [136.32, 260.03, 390.11, 516.73, 644.15, 778.56, 909.11]
scores: [1.0, 0.9801238860204573, 0.9695850906829061, 1.0, 0.957980743064826, 0.949964705896847, 1.0]
