training_data_sizes: [0.1, 0.2, 0.3, 0.4, 0.5, 0.6, 0.7]
times: [92.62, 180.81, 264.77, 346.02, 433.39, 518.28, 600.79]
scores: [0.8334512139877164, 0.9409829046509444, 0.8655456817524574, 0.9722146224288981, 0.9974986582720818, 0.9480922693887378, 0.9878541276529536]
