training_data_sizes: [0.1, 0.2, 0.3, 0.4]
times: [122.0, 253.0, 388.0, 513.0]
scores: [0.9047399502198141, 0.984983605021003, 0.9172867408991949, 0.9625124277347819]
