training_data_sizes: [0.1, 0.2, 0.3, 0.4, 0.5, 0.6, 0.7, 0.8, 0.9, 1.0]
times: [104.0, 212.0, 326.0, 432.0, 542.0, 653.0, 766.0, 878.0, 985.0, 1093.0]
scores: [0.8856489228324385, 0.9662251352038846, 0.8552004791312541, 0.9545745663152818, 1.0, 1.0, 1.0, 1.0, 1.0, 1.0]
