training_data_sizes: [0.1, 0.2, 0.3, 0.4, 0.5, 0.6, 0.7, 0.8]
times: [34.0, 71.0, 119.0, 157.0, 199.0, 236.0, 278.0, 316.0]
scores: [0.7670107203158616, 0.7887310921217355, 0.9860927126083029, 0.8885620222273012, 0.9809889240610328, 1.0, 1.0, 1.0]
