training_data_sizes: [0.1, 0.2, 0.3, 0.4, 0.5, 0.6]
times: [108.67, 203.24, 303.5, 409.04, 507.73, 604.01]
scores: [0.636684282927458, 0.748716889184134, 0.6634245205830971, 0.8063497492878591, 0.9182784224540719, 0.9791073052212556]
