training_data_sizes: [0.1, 0.2]
times: [159.82, 564.83]
scores: [0.9660583401475649, 0.9678639594388846]
