training_data_sizes: [0.1, 0.2, 0.3, 0.4, 0.5, 0.6, 0.7, 0.8, 0.9]
times: [45.0, 99.0, 143.0, 190.0, 246.0, 296.0, 347.0, 396.0, 441.0]
scores: [1.0, 0.9191400017859579, 1.0, 0.9886144527342571, 1.0, 1.0, 1.0, 1.0, 1.0]
