training_data_sizes: [0.1, 0.2]
times: [18.0, 32.0]
scores: [0.8383495580908074, 0.8275888208824138]
