training_data_sizes: [0.1, 0.2, 0.3, 0.4, 0.5, 0.6, 0.7, 0.8, 0.9, 1.0]
times: [120.0, 250.0, 389.0, 518.0, 647.0, 777.0, 908.9999999999999, 1035.0, 1162.0, 1293.0]
scores: [0.7909320213391791, 0.8341186381605468, 0.9245735554640542, 0.8770601688488192, 1.0, 1.0, 1.0, 1.0, 1.0, 1.0]
