training_data_sizes: [0.1, 0.2, 0.3, 0.4, 0.5, 0.6]
times: [242.32, 469.08, 700.58, 934.87, 1167.59, 1409.1]
scores: [0.44741352523421724, 0.5482584848934101, 0.5512691548826627, 0.5822239818508027, 0.6169186579968832, 0.7181094072131486]
