training_data_sizes: [0.1, 0.2, 0.3, 0.4]
times: [153.78, 309.49, 458.85, 609.22]
scores: [0.9386174450110665, 0.8773816012941045, 0.866862814423479, 0.8717517504456298]
