training_data_sizes: [0.1, 0.2, 0.3, 0.4, 0.5, 0.6, 0.7, 0.8, 0.9]
times: [114.69, 223.46, 343.12, 447.53, 564.52, 676.65, 782.25, 890.26, 1008.41]
scores: [0.8393982681183498, 0.9133645707994456, 1.0, 0.9459224460875646, 1.0, 0.9756715471934588, 0.9550711467748527, 1.0, 1.0]
