training_data_sizes: [0.1, 0.2, 0.3, 0.4, 0.5]
times: [242.93, 483.51, 728.28, 960.85, 1207.16]
scores: [0.8053767369264211, 0.8149146015366269, 0.9005676839936503, 0.9420053724218266, 1.0]
