training_data_sizes: [0.1, 0.2, 0.3, 0.4, 0.5, 0.6, 0.7, 0.8, 0.9]
times: [75.48, 142.86, 207.64, 271.0, 338.76, 409.62, 466.82, 536.31, 605.7]
scores: [0.8440274816494503, 0.9022333147065578, 0.9910756802893633, 0.9091937791002073, 1.0, 0.9621510567879852, 0.9756453908134072, 1.0, 1.0]
