training_data_sizes: [0.1, 0.2, 0.3, 0.4, 0.5, 0.6]
times: [53.0, 112.0, 171.0, 234.0, 296.0, 350.0]
scores: [0.7333030217263208, 0.675445163435325, 0.904417694852782, 0.8789129054629332, 0.9959602441665781, 1.0]
