training_data_sizes: [0.1, 0.2, 0.3, 0.4, 0.5]
times: [35.0, 77.0, 117.0, 151.0, 191.0]
scores: [0.45314328491218614, 0.48403766342343046, 0.6686228709114352, 0.705303229245156, 0.7158568250579911]
