training_data_sizes: [0.1, 0.2, 0.3, 0.4, 0.5, 0.6]
times: [9.0, 16.0, 25.0, 38.0, 43.0, 53.0]
scores: [0.8453093472841445, 1.0, 0.9477560389583594, 1.0, 1.0, 1.0]
