training_data_sizes: [0.1, 0.2, 0.3, 0.4]
times: [253.67, 508.0, 755.85, 1004.43]
scores: [0.5681767135095678, 0.7393596785725849, 0.6210006546447535, 0.7422090494010781]
