training_data_sizes: [0.1, 0.2, 0.3, 0.4]
times: [79.0, 153.0, 230.0, 315.0]
scores: [0.6106569750207477, 0.627117569847575, 0.7896501182709981, 0.7925894095152386]
