training_data_sizes: [0.1, 0.2, 0.3, 0.4, 0.5, 0.6, 0.7, 0.8]
times: [91.0, 199.0, 294.0, 396.0, 497.0, 596.0, 691.0, 799.0]
scores: [0.7727737910904283, 0.8736951402426065, 0.884823261261448, 0.8019870142428929, 0.8933027823145815, 0.8538052503394815, 0.9225268099096016, 0.9727523475932085]
