training_data_sizes: [0.1, 0.2, 0.3, 0.4, 0.5, 0.6, 0.7, 0.8, 0.9, 1.0]
times: [110.0, 238.0, 350.0, 477.0, 591.0, 718.0, 834.0, 959.0, 1076.0, 1191.0]
scores: [0.8908336413562518, 0.9060971669499016, 0.8751648431475458, 0.9305307648868056, 0.8847073379285925, 0.9885914668452601, 1.0, 1.0, 1.0, 1.0]
