training_data_sizes: [0.1, 0.2, 0.3, 0.4, 0.5]
times: [248.89, 483.19, 726.9, 962.13, 1206.23]
scores: [0.890514567064401, 0.9251108510155117, 0.8691853425859069, 1.0, 0.911409185455933]
