training_data_sizes: [0.1, 0.2, 0.3, 0.4, 0.5, 0.6]
times: [19.0, 36.0, 52.0, 78.0, 94.0, 118.0]
scores: [0.46316428347184413, 0.606363433115599, 0.6863286989355932, 0.6932983809273003, 0.6003722803891056, 0.719884791957767]
