training_data_sizes: [0.1, 0.2, 0.3, 0.4, 0.5, 0.6, 0.7]
times: [151.79, 291.03, 436.33, 578.68, 723.13, 857.99, 1001.99]
scores: [0.7220242004093012, 0.9290172027759284, 0.887817714132955, 0.96002277149854, 0.8695017243485978, 0.9608507636413794, 0.885882220573]
