training_data_sizes: [0.1, 0.2, 0.3, 0.4, 0.5, 0.6]
times: [171.27, 333.66, 504.97, 676.55, 841.53, 1004.9]
scores: [1.0, 0.9335280711937457, 0.9810665133637683, 0.9984656360822517, 1.0, 1.0]
