training_data_sizes: [0.1, 0.2, 0.3, 0.4, 0.5, 0.6, 0.7, 0.8, 0.9, 1.0]
times: [56.0, 115.0, 174.0, 236.0, 299.0, 357.0, 419.0, 472.0, 533.0, 594.0]
scores: [0.7429379723797722, 0.6734065795239677, 0.8787667251837303, 0.8417268674585661, 0.8161033125476954, 0.8310679551544465, 0.926850880596807, 0.8730667789881525, 0.9140829468065608, 0.9462350352049057]
