training_data_sizes: [0.1, 0.2, 0.3, 0.4]
times: [251.86, 508.64, 753.36, 1006.04]
scores: [0.951026484705267, 1.0, 0.9430749386787793, 0.9902112799292402]
