training_data_sizes: [0.1, 0.2, 0.3, 0.4, 0.5]
times: [107.0, 216.0, 322.0, 435.0, 540.0]
scores: [0.6116826982461772, 0.8130564309053243, 0.6912362545771622, 0.7575911915938616, 0.9135129460674156]
