training_data_sizes: [0.1, 0.2, 0.3]
times: [272.16, 542.71, 803.56]
scores: [0.5738577566083992, 0.6489812555341349, 0.6069315545599858]
