training_data_sizes: [0.1, 0.2, 0.3, 0.4, 0.5, 0.6, 0.7]
times: [161.07, 318.22, 471.79, 631.77, 793.61, 948.14, 1100.55]
scores: [0.9733599195554534, 0.8940932107898258, 1.0, 0.9296719783237868, 0.9394097308652398, 0.9413398537707474, 0.9205061205183438]
