training_data_sizes: [0.1, 0.2, 0.3, 0.4, 0.5, 0.6, 0.7, 0.8, 0.9]
times: [76.15, 137.53, 204.71, 275.73, 339.8, 401.21, 470.8, 534.42, 605.18]
scores: [0.7863807201885162, 0.8418142727323983, 0.9376556279774905, 0.958792340567393, 1.0, 0.9828157564836435, 1.0, 1.0, 0.9874352748571293]
