training_data_sizes: [0.1, 0.2, 0.3, 0.4, 0.5]
times: [85.0, 172.0, 267.0, 353.0, 444.0]
scores: [0.8738411521302472, 0.91295714739885, 0.9714108783059952, 1.0, 0.8780311539213785]
