training_data_sizes: [0.1, 0.2, 0.3, 0.4]
times: [6.0, 12.0, 22.0, 32.0]
scores: [0.6590813041904202, 0.6370705876030103, 0.7579443106932975, 0.8546883904959233]
