training_data_sizes: [0.1, 0.2, 0.3]
times: [24.0, 51.0, 80.0]
scores: [0.9528175641090688, 0.9888719727428525, 0.9090400966905952]
