training_data_sizes: [0.1, 0.2, 0.3, 0.4, 0.5, 0.6, 0.7, 0.8, 0.9]
times: [69.0, 139.0, 206.0, 273.0, 341.0, 410.0, 488.99999999999994, 557.0, 627.0]
scores: [0.5500260844326725, 0.653010454175984, 0.7012493384874267, 0.7892404564958566, 0.7873587644696776, 0.8858536995776831, 1.0, 1.0, 1.0]
