training_data_sizes: [0.1, 0.2, 0.3]
times: [367.85, 733.8, 1106.21]
scores: [0.8020818360030508, 0.9333193349954689, 0.9802062952111608]
