training_data_sizes: [0.1, 0.2, 0.3, 0.4, 0.5, 0.6, 0.7, 0.8]
times: [121.93, 234.12, 342.71, 456.12, 571.07, 679.19, 795.48, 909.07]
scores: [0.8617256531389017, 0.8839138746349271, 0.7742485458437194, 0.944579625085493, 0.9088548681045578, 0.9248874098331731, 0.9037497626152275, 0.9100143026113111]
