training_data_sizes: [0.1, 0.2, 0.3, 0.4, 0.5, 0.6, 0.7, 0.8, 0.9, 1.0]
times: [4.62, 8.52, 13.24, 17.15, 21.67, 26.95, 32.04, 36.81, 41.3, 45.89]
scores: [0.6610400271739783, 0.675915310213844, 0.684065712328682, 0.6910818337925988, 0.693593616905817, 0.6959155700432669, 0.698473671646282, 0.6986396698873452, 0.7004920811682451, 0.7018268081990093]
