training_data_sizes: [0.1, 0.2, 0.3, 0.4]
times: [234.87, 458.78, 679.63, 904.77]
scores: [0.8554618735618208, 0.9544565705265375, 0.9203715028872366, 0.9812969001412899]
