training_data_sizes: [0.1, 0.2, 0.3, 0.4, 0.5, 0.6, 0.7, 0.8, 0.9]
times: [165.31, 318.75, 470.03, 626.05, 783.8, 938.06, 1098.09, 1248.69, 1408.48]
scores: [0.7822844470823848, 0.9111186507005992, 0.7989209321300716, 0.9395750770558537, 0.8412607094961193, 0.8956690799759925, 0.8737885273915, 0.9017103982439828, 0.8219351461283255]
