training_data_sizes: [0.1, 0.2, 0.3, 0.4]
times: [332.95, 657.23, 977.98, 1307.45]
scores: [0.9479786103741694, 0.8402897318581347, 0.9142674989533286, 0.9681152192825111]
