training_data_sizes: [0.1, 0.2, 0.3, 0.4, 0.5, 0.6]
times: [242.77, 467.8, 700.87, 936.29, 1169.18, 1408.96]
scores: [0.8657179219552678, 0.7824661995400131, 0.8196906134757365, 0.7795433595815773, 0.8164127319569369, 0.8011281714692908]
