training_data_sizes: [0.1, 0.2, 0.3, 0.4, 0.5, 0.6]
times: [241.23, 470.25, 702.68, 936.42, 1174.1, 1407.82]
scores: [0.8233453266839327, 0.7081356512164777, 0.6603964506627422, 0.6848612625142907, 0.6756569399118271, 0.6564900758893958]
