training_data_sizes: [0.1, 0.2, 0.3]
times: [273.67, 538.9, 800.44]
scores: [0.5660304996518909, 0.46075177994685285, 0.5680587422405597]
