training_data_sizes: [0.1, 0.2, 0.3, 0.4]
times: [254.23, 509.56, 754.18, 1007.28]
scores: [0.8385396929262218, 0.8846397940693256, 1.0, 0.9903889907645257]
