training_data_sizes: [0.1, 0.2, 0.3]
times: [15.0, 35.0, 58.0]
scores: [0.9184452022962885, 0.8225163761650095, 0.9801454571815955]
