training_data_sizes: [0.1, 0.2]
times: [129.0, 253.0]
scores: [0.8504859763292666, 0.9085316754198431]
