training_data_sizes: [0.1, 0.2, 0.3, 0.4]
times: [180.28, 350.77, 531.54, 707.87]
scores: [0.8520694600614606, 0.7531446213061973, 0.8754952348495751, 0.8676725645957555]
