training_data_sizes: [0.1, 0.2, 0.3, 0.4, 0.5, 0.6, 0.7, 0.8]
times: [23.0, 55.0, 81.0, 116.0, 142.0, 175.0, 200.0, 231.0]
scores: [0.8962250353748096, 0.9262657804368046, 0.907171133699312, 0.9784945236416113, 0.9571656141164628, 1.0, 1.0, 1.0]
