training_data_sizes: [0.1, 0.2, 0.3, 0.4, 0.5, 0.6, 0.7]
times: [89.43, 175.38, 258.28, 346.95, 434.44, 523.03, 606.39]
scores: [0.8012841690949986, 0.9821735224391608, 1.0, 0.950263877979544, 1.0, 1.0, 1.0]
