training_data_sizes: [0.1, 0.2, 0.3, 0.4, 0.5]
times: [4.0, 14.0, 20.0, 34.0, 49.0]
scores: [0.5555137963083634, 0.6258064396428511, 0.7036158861909427, 0.7470930725553495, 0.8433021779834697]
