training_data_sizes: [0.1, 0.2, 0.3, 0.4, 0.5, 0.6]
times: [202.8, 409.57, 601.69, 808.91, 1001.51, 1203.64]
scores: [0.49950178724946925, 0.4587280667052094, 0.4281962589953777, 0.5796098521528225, 0.5811855251763716, 0.554478816348821]
