training_data_sizes: [0.1, 0.2, 0.3]
times: [375.56, 741.83, 1104.48]
scores: [0.999581529221474, 0.9442470782513409, 0.9157867178793158]
