training_data_sizes: [0.1, 0.2, 0.3, 0.4, 0.5, 0.6, 0.7, 0.8, 0.9, 1.0]
times: [134.17, 268.28, 396.1, 528.31, 651.01, 781.74, 912.15, 1044.86, 1178.51, 1306.02]
scores: [0.9833115547856535, 0.967861462331489, 0.9587486828518165, 0.9939236792680202, 0.887153888465041, 1.0, 0.9688175525682963, 0.9994712328319197, 1.0, 0.9277318565598671]
