training_data_sizes: [0.1, 0.2, 0.3, 0.4, 0.5, 0.6, 0.7, 0.8]
times: [164.27, 334.91, 495.3, 656.04, 819.1, 981.76, 1142.86, 1304.61]
scores: [0.7290768482200355, 0.6604042802481224, 0.746398958973553, 0.7537648956186963, 0.8301128791485733, 1.0, 0.9311499193957585, 1.0]
