training_data_sizes: [0.1, 0.2, 0.3, 0.4, 0.5, 0.6, 0.7, 0.8, 0.9, 1.0]
times: [10.42, 19.36, 28.2, 37.01, 45.95, 53.04, 70.45, 75.7, 85.94, 92.09]
scores: [0.8268531973004998, 0.811272399812669, 0.8069028026795615, 0.8023272882208934, 0.8012458598952161, 0.7973197509610854, 0.7976343722000518, 0.7980453245222439, 0.7942620010780852, 0.7947615679090916]
