training_data_sizes: [0.1, 0.2, 0.3, 0.4, 0.5, 0.6, 0.7, 0.8]
times: [108.96, 206.1, 303.86, 407.75, 504.28, 609.88, 708.09, 800.27]
scores: [0.8746075089058318, 0.8578298911414688, 0.9190678706526334, 0.9130415971818114, 1.0, 1.0, 0.947710565935498, 1.0]
