training_data_sizes: [0.1, 0.2, 0.3, 0.4, 0.5, 0.6, 0.7, 0.8, 0.9, 1.0]
times: [103.0, 215.0, 327.0, 434.0, 542.0, 651.0, 766.0, 873.0, 981.0, 1097.0]
scores: [0.6276829304273877, 0.709856814844152, 0.6458530163669756, 0.8046361867271792, 0.8262534530976532, 0.9101322694838061, 0.9515436970887436, 0.9212531343955765, 0.9698767310919691, 0.9529836979536392]
