training_data_sizes: [0.1, 0.2, 0.3, 0.4, 0.5, 0.6, 0.7, 0.8]
times: [181.95, 351.51, 534.26, 701.39, 879.3, 1058.77, 1234.68, 1403.17]
scores: [0.8469684501580297, 0.7434078073751803, 0.7797643803319119, 0.7793133093544373, 0.8035258439932518, 0.7734321274019473, 0.9033476637243082, 0.7149653089314043]
