training_data_sizes: [0.1, 0.2, 0.3, 0.4, 0.5, 0.6, 0.7]
times: [118.93, 233.26, 351.26, 462.68, 572.99, 687.35, 806.56]
scores: [0.86682344081109, 0.8705370117053872, 0.7353784827368413, 0.7628288649965955, 0.8314900904345437, 0.7220614143017589, 0.6753719482933198]
