training_data_sizes: [0.1, 0.2, 0.3, 0.4, 0.5, 0.6, 0.7, 0.8, 0.9, 1.0]
times: [3.24, 5.49, 7.34, 9.45, 11.26, 13.27, 15.08, 17.06, 18.89, 20.36]
scores: [0.060581380403312395, 0.11595324747386256, 0.1693669167442529, 0.2124065945735569, 0.25177753574761536, 0.2902011826157286, 0.3242672606818347, 0.34894853917429164, 0.37559877299209343, 0.3977406184937978]
