training_data_sizes: [0.1, 0.2, 0.3, 0.4, 0.5, 0.6, 0.7]
times: [131.84, 266.5, 392.46, 523.27, 645.75, 772.59, 907.12]
scores: [0.7714675085400297, 0.8310231852071641, 0.9268973402300564, 0.998897851296294, 0.8357940948983983, 0.9197561881522405, 1.0]
