training_data_sizes: [0.1, 0.2, 0.3, 0.4, 0.5, 0.6, 0.7, 0.8]
times: [88.51, 183.66, 271.49, 351.28, 446.64, 526.29, 614.72, 700.99]
scores: [0.6912405546968317, 0.5833926057344816, 0.7288140003305921, 0.7946875981894448, 0.7669265047149789, 0.8348744955223697, 0.9380222003685674, 0.9052563748010043]
