training_data_sizes: [0.1, 0.2, 0.3, 0.4, 0.5, 0.6]
times: [71.0, 159.0, 237.0, 317.0, 398.0, 472.0]
scores: [0.6913443449329336, 0.7332752170221768, 0.7632581266452234, 0.9608931777999015, 1.0, 1.0]
