training_data_sizes: [0.1, 0.2, 0.3]
times: [339.62, 670.64, 1001.26]
scores: [1.0, 0.9770795752653184, 0.9882727710912447]
