training_data_sizes: [0.1, 0.2, 0.3, 0.4, 0.5, 0.6, 0.7]
times: [48.0, 95.0, 146.0, 195.0, 244.0, 299.0, 343.0]
scores: [0.7590257992877703, 0.766889675685767, 0.8352676658826088, 0.8264833013622539, 0.9552677378660182, 0.911345635182079, 0.9299735040846462]
