training_data_sizes: [0.1, 0.2, 0.3, 0.4]
times: [359.43, 706.39, 1053.74, 1406.51]
scores: [0.6889937315910525, 0.7278947670723, 0.6449079073142495, 0.6526856324297683]
