training_data_sizes: [0.1, 0.2]
times: [101.0, 214.0]
scores: [0.9039262703728974, 0.7948042478874702]
