training_data_sizes: [0.1, 0.2, 0.3, 0.4, 0.5, 0.6]
times: [241.41, 469.22, 709.16, 934.81, 1173.04, 1406.42]
scores: [0.8770039779315779, 0.8713221915706186, 0.8912170867858082, 0.9359294226762251, 0.9414959275755529, 1.0]
