training_data_sizes: [0.1, 0.2]
times: [240.14, 644.3]
scores: [0.26715250231794285, 0.27536883901547415]
