training_data_sizes: [0.1, 0.2, 0.3, 0.4, 0.5, 0.6, 0.7]
times: [133.19, 72.71, 117.53, 168.53, 156.79, 252.46, 180.35]
scores: [0.99883332818983, 0.9988014911068375, 0.9991471702946289, 0.9992646528997842, 0.9994829626353923, 0.9995285334887931, 0.9994617124500867]
