training_data_sizes: [0.1, 0.2, 0.3, 0.4, 0.5, 0.6, 0.7]
times: [91.0, 194.0, 297.0, 395.0, 496.0, 592.0, 697.0]
scores: [0.8715235194777909, 0.9191757896482333, 0.9932151198171515, 0.924214977173242, 0.9791642069034645, 0.8791622674240858, 1.0]
