training_data_sizes: [0.1, 0.2, 0.3, 0.4, 0.5]
times: [59.0, 113.0, 171.0, 235.0, 292.0]
scores: [0.8173602966196976, 0.8442709207352842, 0.9065171898421513, 0.959718899361568, 0.8567941847780343]
