training_data_sizes: [0.1, 0.2, 0.3, 0.4, 0.5, 0.6, 0.7, 0.8, 0.9]
times: [154.34, 293.53, 437.69, 585.43, 726.45, 869.3, 1018.9, 1161.85, 1305.43]
scores: [0.7554689274564244, 0.8067674480448446, 0.7561262433961403, 0.7302942435436763, 0.7372150488148037, 0.8838549464013816, 0.8746843153211581, 0.818970287730886, 0.8522473999338528]
