training_data_sizes: [0.1, 0.2]
times: [19.0, 38.0]
scores: [0.9994781306441148, 0.9487664123418613]
