training_data_sizes: [0.1, 0.2, 0.3, 0.4, 0.5, 0.6, 0.7, 0.8]
times: [93.08, 178.26, 264.87, 352.61, 442.92, 529.18, 618.89, 703.19]
scores: [0.7943134358723811, 0.8776528819401106, 0.8133371560235934, 0.8999893665365561, 0.9043413363394663, 0.9867753061566398, 1.0, 0.9146403767850301]
