training_data_sizes: [0.1, 0.2, 0.3, 0.4, 0.5, 0.6, 0.7, 0.8, 0.9, 1.0]
times: [107.08, 203.44, 307.11, 406.39, 503.8, 601.78, 708.11, 804.14, 909.11, 1005.4]
scores: [0.9693925918481374, 0.785492428708285, 0.831116048891605, 0.889391977204351, 0.9687898184763535, 0.8717934861031832, 0.926589543279239, 0.859607428094968, 0.918336695098504, 0.9940983510969872]
