training_data_sizes: [0.1, 0.2, 0.3, 0.4, 0.5, 0.6, 0.7, 0.8, 0.9]
times: [77.0, 150.0, 235.0, 311.0, 394.0, 473.0, 555.0, 632.0, 719.0]
scores: [0.9833858517613155, 0.9499183261056976, 0.87985214303654, 0.928908561416445, 0.9232623884799706, 1.0, 0.9282134942597673, 0.992181470084845, 0.973950042171374]
