training_data_sizes: [0.1, 0.2, 0.3, 0.4, 0.5, 0.6, 0.7, 0.8, 0.9]
times: [123.25, 253.85, 368.06, 493.44, 615.6, 742.79, 863.83, 987.0, 1107.7]
scores: [0.945263012672396, 0.8115066338211356, 0.9258350701053071, 0.8731473986848979, 1.0, 1.0, 0.9881412877579216, 1.0, 1.0]
