training_data_sizes: [0.1, 0.2, 0.3, 0.4, 0.5, 0.6, 0.7, 0.8, 0.9, 1.0]
times: [60.58, 127.6, 188.55, 247.84, 304.59, 366.85, 422.83, 484.1, 542.96, 601.81]
scores: [0.7737006770602676, 0.8431813135595947, 0.953699455593592, 0.8245100387638038, 1.0, 1.0, 0.9883106816232794, 1.0, 1.0, 1.0]
