training_data_sizes: [0.1, 0.2, 0.3, 0.4]
times: [107.0, 217.0, 326.0, 431.0]
scores: [0.9224356074904023, 0.8696322237211714, 0.9512027433984354, 0.9359116262355827]
