training_data_sizes: [0.1, 0.2, 0.3, 0.4, 0.5, 0.6]
times: [240.46, 469.24, 705.01, 939.62, 1167.38, 1408.75]
scores: [0.9094244663825155, 0.8431826976416348, 0.8030289503170053, 0.8197365076227933, 0.8067495004096247, 0.8899365559866701]
