training_data_sizes: [0.1, 0.2, 0.3, 0.4, 0.5, 0.6, 0.7, 0.8, 0.9, 1.0]
times: [43.0, 91.0, 147.0, 196.0, 249.0, 294.0, 343.0, 394.0, 446.0, 490.0]
scores: [0.916746893693938, 0.8066434506343255, 0.8358089472017308, 0.8220628124574814, 0.9454803624931558, 0.9528956047914192, 0.9494558446966646, 0.9421004180604877, 0.9502066965283014, 0.8200125421169839]
