training_data_sizes: [0.1, 0.2, 0.3, 0.4, 0.5, 0.6, 0.7, 0.8]
times: [14.0, 32.0, 55.0, 72.0, 90.0, 114.0, 132.0, 150.0]
scores: [0.8909957224434228, 0.7841535071933057, 0.8100553491383206, 0.9636773684764945, 0.9680887473728756, 0.8586760601336139, 0.9303486163820782, 0.8732408867273561]
