training_data_sizes: [0.1, 0.2, 0.3]
times: [137.0, 270.0, 414.0]
scores: [0.8668529044940503, 0.9503611296705436, 0.9431760149720865]
