training_data_sizes: [0.1, 0.2, 0.3, 0.4, 0.5, 0.6]
times: [236.11, 469.16, 704.31, 940.25, 1168.89, 1406.38]
scores: [0.6786580034702066, 0.6872138949998944, 0.8102245389833025, 0.7644584686308065, 0.9493953188518963, 0.9612944134479329]
