training_data_sizes: [0.1, 0.2, 0.3]
times: [439.15, 874.31, 1309.59]
scores: [0.7151711914903315, 0.5684418157405855, 0.6806731821015832]
