training_data_sizes: [0.1, 0.2]
times: [500.91, 1001.4]
scores: [0.8792353596924085, 0.9109940996099491]
