training_data_sizes: [0.1, 0.2, 0.3, 0.4, 0.5, 0.6, 0.7, 0.8, 0.9, 1.0]
times: [1.09, 1.45, 1.91, 2.3, 2.79, 3.73, 4.59, 4.98, 5.83, 6.75]
scores: [0.4088244274809161, 0.4641816967267869, 0.5293101404109009, 0.5748682718602014, 0.5734889004822061, 0.5848911239798165, 0.6027962552352797, 0.5968307637659815, 0.6078216711211384, 0.6174863387978142]
