training_data_sizes: [0.1, 0.2, 0.3, 0.4, 0.5]
times: [164.12, 325.98, 489.96, 645.6, 808.57]
scores: [0.7434699177439033, 0.8745208799915185, 0.967126708057664, 0.990204221700214, 0.9504476441193164]
