training_data_sizes: [0.1, 0.2]
times: [57.0, 111.0]
scores: [0.8709206136415678, 0.8482092878025183]
