training_data_sizes: [0.1, 0.2, 0.3]
times: [435.92, 869.84, 1309.9]
scores: [0.4409013133851388, 0.5098941973564151, 0.5660491394093105]
