training_data_sizes: [0.1, 0.2]
times: [406.71, 808.34]
scores: [0.841570682423453, 0.8746733099183369]
