training_data_sizes: [0.1, 0.2, 0.3, 0.4, 0.5]
times: [49.0, 95.0, 149.0, 192.0, 244.0]
scores: [0.7940806750354481, 0.9210696093149371, 0.9249883529326542, 0.7971941622282642, 0.8736577315679666]
