training_data_sizes: [0.1, 0.2, 0.3, 0.4, 0.5, 0.6, 0.7, 0.8]
times: [53.0, 113.0, 172.0, 232.0, 295.0, 353.0, 410.0, 473.0]
scores: [0.9008878762887491, 0.8560848877626542, 0.9398240470489844, 0.9865052885149603, 1.0, 1.0, 0.969408943575013, 0.9940451279586655]
