training_data_sizes: [0.1, 0.2, 0.3, 0.4, 0.5, 0.6, 0.7, 0.8]
times: [95.0, 190.0, 294.0, 392.0, 499.0, 598.0, 698.0, 797.0]
scores: [0.8460196403654883, 0.8556335177245415, 0.9215366297064378, 0.8802011681373005, 1.0, 0.9476139253751747, 0.937335213984536, 0.9755476848853527]
