training_data_sizes: [0.1, 0.2, 0.3, 0.4, 0.5, 0.6, 0.7, 0.8, 0.9]
times: [153.06, 297.31, 442.49, 583.68, 732.14, 873.81, 1012.97, 1162.91, 1307.41]
scores: [0.9048938894782221, 0.8417333469953059, 0.7674493658047645, 0.8072769248763361, 0.8020598015983273, 0.7138038418203305, 0.7436029527568564, 0.7582341589886965, 0.8348586113417515]
