training_data_sizes: [0.1, 0.2, 0.3]
times: [305.41, 602.28, 907.06]
scores: [0.983817501996511, 0.9117582766287737, 1.0]
