training_data_sizes: [0.1, 0.2, 0.3, 0.4, 0.5, 0.6, 0.7, 0.8, 0.9]
times: [116.0, 223.07, 335.61, 451.99, 563.12, 675.53, 786.1, 896.78, 1009.71]
scores: [0.8311040858693699, 0.7804969069909335, 0.8035666906281073, 0.9664115496972663, 0.9257147978172708, 1.0, 0.9609534318616166, 0.9561138760318413, 1.0]
