training_data_sizes: [0.1, 0.2, 0.3, 0.4]
times: [225.74, 457.04, 679.82, 904.48]
scores: [0.593029537594585, 0.5488344872254323, 0.5514413708328882, 0.6501965731659631]
