training_data_sizes: [0.1, 0.2, 0.3, 0.4, 0.5, 0.6, 0.7, 0.8, 0.9, 1.0]
times: [130.35, 269.72, 390.94, 528.5, 657.53, 780.45, 917.59, 1047.04, 1177.61, 1301.23]
scores: [0.8376778836174403, 0.9293121553402949, 0.934543260344231, 0.8523299617306526, 0.9567970111918052, 0.9622509407215729, 0.9632809205641195, 0.8814124229880875, 0.8495914776539605, 0.8330648598352933]
