training_data_sizes: [0.1, 0.2]
times: [454.83, 903.09]
scores: [0.7717131177595637, 0.737981418562851]
