training_data_sizes: [0.1, 0.2, 0.3, 0.4, 0.5, 0.6, 0.7, 0.8, 0.9, 1.0]
times: [87.5, 161.44, 245.04, 320.87, 402.03, 483.62, 567.15, 643.03, 725.82, 806.37]
scores: [0.7689661981289175, 0.8408787996462153, 0.8125941391223424, 0.8154395259054961, 0.9983702974939935, 0.99688566411418, 1.0, 0.9942232599492262, 0.9088227156494975, 1.0]
