training_data_sizes: [0.1, 0.2]
times: [76.0, 159.0]
scores: [0.632790440390803, 0.7206413709385603]
