training_data_sizes: [0.1, 0.2, 0.3, 0.4, 0.5, 0.6, 0.7, 0.8, 0.9, 1.0]
times: [0.68, 1.29, 1.93, 2.7, 3.52, 4.22, 5.04, 5.82, 6.66, 7.47]
scores: [0.4631627367465279, 0.5392041799583823, 0.6692679571919731, 0.7293257404359175, 0.7463146336538129, 0.7557463561080402, 0.7535686406275025, 0.7566407880063486, 0.7574688174255574, 0.7572397706324783]
