training_data_sizes: [0.1, 0.2, 0.3, 0.4, 0.5, 0.6, 0.7]
times: [112.0, 235.0, 355.0, 478.0, 599.0, 711.0, 834.0]
scores: [0.7401014107818276, 0.8094721438499769, 0.8170894167253291, 0.8277241525980237, 0.7932613016946427, 0.880226540734068, 0.9607386137744715]
