training_data_sizes: [0.1, 0.2, 0.3, 0.4, 0.5, 0.6, 0.7]
times: [143.68, 295.27, 429.32, 578.45, 721.92, 861.71, 1000.11]
scores: [0.9376235720081456, 0.8657999397656344, 0.8415250096276312, 0.8988949004504696, 0.8641875774920722, 1.0, 1.0]
