training_data_sizes: [0.1, 0.2, 0.3, 0.4]
times: [182.99, 350.55, 534.46, 705.38]
scores: [0.598981289399667, 0.575095446937248, 0.5908117852116757, 0.777575538446281]
