training_data_sizes: [0.1, 0.2, 0.3]
times: [65.0, 136.0, 204.0]
scores: [0.6777395609384227, 0.6221684083539524, 0.6260422556164806]
