training_data_sizes: [0.1, 0.2, 0.3]
times: [127.0, 251.0, 386.0]
scores: [0.7639082652647452, 0.931608995612829, 0.8134287106621735]
