training_data_sizes: [0.1, 0.2, 0.3, 0.4, 0.5, 0.6, 0.7, 0.8]
times: [139.0, 272.0, 415.0, 551.0, 694.0, 835.0, 972.9999999999999, 1117.0]
scores: [0.7940389876796825, 0.8495630072216906, 0.9221222932342291, 0.8409743745166196, 0.9040527543093001, 0.8275725489181898, 0.878723370049689, 0.8384473990303898]
