training_data_sizes: [0.1, 0.2, 0.3, 0.4, 0.5, 0.6, 0.7]
times: [129.84, 267.12, 391.16, 519.42, 647.03, 780.57, 901.57]
scores: [0.991706959896641, 0.8807164960916795, 1.0, 1.0, 1.0, 1.0, 1.0]
