training_data_sizes: [0.1, 0.2, 0.3, 0.4, 0.5, 0.6, 0.7]
times: [27.0, 56.0, 83.0, 112.0, 146.0, 178.0, 206.0]
scores: [0.5494586944663638, 0.4949488511599878, 0.5128440056055154, 0.6218902988012301, 0.5498037386678128, 0.6959634185154334, 0.8361262389831895]
