training_data_sizes: [0.1, 0.2, 0.3, 0.4, 0.5, 0.6, 0.7, 0.8]
times: [71.0, 152.0, 231.0, 311.0, 399.0, 479.0, 557.0, 637.0]
scores: [0.7069495830048722, 0.8442834087804681, 0.7453609572145522, 0.8892477187865098, 1.0, 1.0, 1.0, 1.0]
