training_data_sizes: [0.1, 0.2, 0.3, 0.4, 0.5]
times: [182.57, 366.93, 545.51, 724.14, 903.36]
scores: [0.7473426788951762, 0.6829359015471123, 0.8436071636168079, 0.7665864020520257, 0.9546157133783648]
