training_data_sizes: [0.1, 0.2, 0.3, 0.4, 0.5, 0.6, 0.7, 0.8, 0.9, 1.0]
times: [0.63, 0.94, 1.33, 2.27, 2.89, 3.48, 4.27, 5.43, 6.28, 7.35]
scores: [0.9888343273905444, 0.9870089932493851, 0.984463933435074, 0.9798415595864549, 0.9765257615119212, 0.9737939292506015, 0.973608975128587, 0.9731381780634052, 0.972566151985129, 0.9704663047138109]
