training_data_sizes: [0.1, 0.2, 0.3]
times: [14.0, 32.0, 55.0]
scores: [0.9323580540591377, 0.9797983750516981, 0.9982854376169565]
