training_data_sizes: [0.1, 0.2, 0.3, 0.4, 0.5, 0.6, 0.7, 0.8, 0.9]
times: [112.33, 227.54, 341.66, 448.0, 564.25, 673.75, 783.51, 893.66, 1002.45]
scores: [0.7738109146129082, 0.7295347876167497, 0.8409474687063101, 0.7243719036762776, 0.7883182510592524, 0.8214842962140729, 0.7465815947675286, 0.8919141957537831, 0.7365982260041292]
