training_data_sizes: [0.1, 0.2, 0.3, 0.4, 0.5, 0.6]
times: [189.18, 373.58, 555.35, 733.45, 922.68, 1102.23]
scores: [0.6531217486218484, 0.5739500261083124, 0.45383426013346473, 0.4387711097966942, 0.48552183028422013, 0.46064865907817293]
