training_data_sizes: [0.1, 0.2, 0.3, 0.4, 0.5, 0.6, 0.7, 0.8, 0.9]
times: [135.8, 270.44, 403.72, 542.27, 672.79, 804.5, 937.04, 1076.59, 1202.08]
scores: [1.0, 1.0, 0.9159554272665875, 0.9658970233625834, 0.9672455776732596, 1.0, 1.0, 1.0, 1.0]
