training_data_sizes: [0.1, 0.2, 0.3, 0.4, 0.5, 0.6, 0.7, 0.8]
times: [164.34, 331.83, 489.92, 650.19, 820.45, 980.69, 1146.24, 1302.2]
scores: [0.7283304963204124, 0.8305703234209082, 0.8855355099347748, 0.7964139474023959, 0.9719827619822199, 0.9658680480475663, 0.8776608006344427, 0.9463274306300167]
