training_data_sizes: [0.1, 0.2, 0.3, 0.4, 0.5, 0.6, 0.7, 0.8]
times: [139.57, 284.58, 419.5, 555.6, 690.79, 833.86, 969.47, 1104.86]
scores: [0.8640691534688136, 0.7629671817048331, 0.8789419888300096, 0.9309258646006978, 1.0, 1.0, 1.0, 1.0]
