training_data_sizes: [0.1, 0.2, 0.3, 0.4, 0.5, 0.6, 0.7, 0.8, 0.9, 1.0]
times: [0.48, 24.92, 36.67, 51.57, 62.14, 77.04, 90.49, 111.42, 125.28, 143.53]
scores: [1.0, 1.0, 1.0, 1.0, 1.0, 1.0, 1.0, 0.9999854769373764, 0.999800907970362, 0.9989912450888752]
