training_data_sizes: [0.1, 0.2, 0.3, 0.4, 0.5, 0.6, 0.7, 0.8, 0.9, 1.0]
times: [6.0, 16.0, 23.0, 35.0, 46.0, 52.0, 65.0, 71.0, 86.0, 95.0]
scores: [0.9581099987992615, 0.9900651566071879, 0.9787829447526513, 1.0, 1.0, 1.0, 1.0, 1.0, 1.0, 1.0]
