training_data_sizes: [0.1, 0.2, 0.3, 0.4, 0.5, 0.6]
times: [186.43, 371.79, 556.72, 734.83, 925.99, 1105.55]
scores: [0.7342133093922341, 0.895775301828128, 0.7741349678886246, 0.8669379231300706, 0.8046722799169489, 0.9602760892664927]
