training_data_sizes: [0.1, 0.2, 0.3, 0.4, 0.5]
times: [229.99, 448.77, 661.79, 885.9, 1107.35]
scores: [0.7445892612417999, 0.8125331001868786, 0.8772014754491209, 0.9779358417091144, 1.0]
