training_data_sizes: [0.1, 0.2, 0.3, 0.4, 0.5]
times: [140.56, 281.05, 421.99, 564.42, 707.82]
scores: [0.8024835559116732, 0.8487940118389798, 0.91126725446443, 0.9823483289886591, 1.0]
