training_data_sizes: [0.1, 0.2, 0.3]
times: [112.0, 235.0, 350.0]
scores: [0.7810427860626543, 0.8855972365161601, 1.0]
