training_data_sizes: [0.1, 0.2, 0.3, 0.4, 0.5, 0.6, 0.7]
times: [129.31, 257.37, 390.67, 523.66, 645.39, 772.29, 905.56]
scores: [0.7534412618377444, 0.8155215906433897, 0.8709105114712202, 0.9056854753818258, 0.9298616315958773, 1.0, 0.9655584371285688]
