training_data_sizes: [0.1, 0.2, 0.3, 0.4, 0.5, 0.6, 0.7, 0.8, 0.9, 1.0]
times: [1.45, 2.89, 4.29, 5.65, 7.05, 8.52, 9.92, 11.34, 12.9, 14.27]
scores: [0.30053313226123785, 0.2986601657791816, 0.309007287160425, 0.3107323330081189, 0.30617750484589434, 0.31513442795185226, 0.31683637795024694, 0.3190130029955444, 0.3187816446436326, 0.31935141555007746]
