training_data_sizes: [0.1, 0.2, 0.3, 0.4, 0.5, 0.6, 0.7, 0.8]
times: [179.21, 355.54, 531.02, 703.69, 881.06, 1053.63, 1228.24, 1402.21]
scores: [0.6912726345368785, 0.8644768876518928, 0.8759898275564524, 0.9515563417492392, 0.9418631105864259, 1.0, 1.0, 1.0]
