training_data_sizes: [0.1, 0.2, 0.3, 0.4, 0.5, 0.6, 0.7]
times: [143.06, 286.29, 429.73, 573.71, 716.96, 858.87, 1009.35]
scores: [0.5151004658311581, 0.6120354363056985, 0.5440576464022213, 0.5579232974086173, 0.6235438393271997, 0.6497258485788779, 0.6828750540189493]
