training_data_sizes: [0.1, 0.2, 0.3]
times: [469.43, 933.46, 1407.1]
scores: [0.9039346703862521, 0.8070927273070068, 0.858921322469169]
