training_data_sizes: [0.1, 0.2, 0.3, 0.4, 0.5, 0.6]
times: [49.0, 98.0, 148.0, 190.0, 245.0, 292.0]
scores: [0.6478021605821508, 0.5841128829107041, 0.6401886233256155, 0.586355926698347, 0.6578330318646542, 0.6909855805738692]
