training_data_sizes: [0.1, 0.2, 0.3]
times: [440.45, 872.09, 1301.36]
scores: [0.8673636900520594, 0.6889182317807507, 0.7837669292365801]
