training_data_sizes: [0.1, 0.2, 0.3, 0.4, 0.5, 0.6]
times: [207.53, 404.15, 608.36, 808.12, 1007.29, 1201.97]
scores: [0.6028589336046554, 0.7457895009402309, 0.7068887337459536, 0.7788347824252537, 0.8965469363705124, 0.8389812039090057]
