training_data_sizes: [0.1, 0.2]
times: [133.0, 271.0]
scores: [0.9189538299931714, 0.965303379114324]
