training_data_sizes: [0.1, 0.2, 0.3, 0.4, 0.5, 0.6]
times: [104.89, 209.07, 302.72, 403.75, 501.76, 602.4]
scores: [0.7326726964305051, 0.8787168275725916, 0.8249813316202921, 0.8661086918861383, 0.7144103941535316, 0.7402187469765384]
