training_data_sizes: [0.1, 0.2, 0.3, 0.4]
times: [358.35, 703.14, 1054.11, 1401.84]
scores: [0.6113668941364455, 0.47412191027450945, 0.6629158589453267, 0.7292869302450213]
