training_data_sizes: [0.1, 0.2, 0.3, 0.4]
times: [68.0, 136.0, 207.0, 273.0]
scores: [0.9205475091440755, 0.9107083663487788, 0.9258547294027237, 0.9859455018166199]
