training_data_sizes: [0.1, 0.2, 0.3, 0.4, 0.5, 0.6, 0.7, 0.8]
times: [83.0, 173.0, 267.0, 355.0, 445.0, 534.0, 623.0, 719.0]
scores: [0.8154707851318217, 0.8344178774708141, 0.9990004075414932, 0.9239044559822478, 1.0, 1.0, 0.9678242485992973, 1.0]
