training_data_sizes: [0.1, 0.2, 0.3]
times: [101.0, 210.0, 324.0]
scores: [0.765641049318405, 0.8584978982016707, 0.8437714879456977]
