training_data_sizes: [0.1, 0.2, 0.3, 0.4, 0.5, 0.6, 0.7]
times: [145.37, 292.21, 436.07, 580.47, 718.38, 864.59, 1004.82]
scores: [0.988750549393943, 0.8607047318443217, 0.9173413006343523, 0.9708762281747569, 1.0, 0.9077681495636072, 1.0]
