training_data_sizes: [0.1, 0.2, 0.3, 0.4, 0.5, 0.6, 0.7, 0.8]
times: [76.0, 153.0, 236.0, 310.0, 397.0, 471.0, 556.0, 630.0]
scores: [0.9810242558712448, 0.823185052551362, 1.0, 0.9218587199142547, 1.0, 0.908085578196946, 0.9348896631266973, 1.0]
