training_data_sizes: [0.1, 0.2, 0.3, 0.4, 0.5, 0.6, 0.7, 0.8]
times: [76.0, 156.0, 238.0, 311.0, 397.0, 472.0, 553.0, 637.0]
scores: [0.7244359379564871, 0.7457511994365067, 0.7837715546429278, 0.8739938386735003, 0.9332279242867507, 0.7606759691162369, 0.7988918819559625, 0.8703382952472075]
