training_data_sizes: [0.1, 0.2, 0.3, 0.4, 0.5]
times: [189.65, 369.88, 545.33, 729.13, 903.51]
scores: [0.649077850223975, 0.6856916642790423, 0.8509187098016665, 0.801068723009596, 0.8812737351622746]
