training_data_sizes: [0.1, 0.2, 0.3, 0.4, 0.5, 0.6]
times: [241.51, 469.05, 706.93, 940.24, 1174.94, 1408.65]
scores: [1.0, 0.9808662123153626, 0.9717517991502232, 1.0, 1.0, 0.9666613267573295]
