training_data_sizes: [0.1, 0.2]
times: [29.0, 54.0]
scores: [0.8743329405091951, 0.9402047195384846]
