training_data_sizes: [0.1, 0.2]
times: [78.0, 157.0]
scores: [0.8085732879966504, 0.8398944849866972]
