training_data_sizes: [0.1, 0.2, 0.3, 0.4, 0.5, 0.6, 0.7]
times: [100.0, 211.0, 321.0, 436.0, 545.0, 658.0, 760.0]
scores: [0.8565379696317428, 1.0, 1.0, 1.0, 0.9914403033876671, 1.0, 1.0]
