training_data_sizes: [0.1, 0.2, 0.3, 0.4, 0.5, 0.6, 0.7, 0.8]
times: [106.95, 207.14, 309.43, 407.18, 507.54, 606.89, 707.41, 805.39]
scores: [0.8139881924587427, 0.8579896245901879, 0.7253815704887403, 0.8723690232138452, 0.7702581746997421, 0.818115215612665, 0.9170044028491342, 1.0]
