training_data_sizes: [0.1, 0.2, 0.3, 0.4]
times: [150.99, 309.85, 452.02, 609.26]
scores: [0.9414741053573888, 0.9941825748958707, 0.9798868998014258, 1.0]
