training_data_sizes: [0.1, 0.2]
times: [409.88, 809.26]
scores: [0.9080782257932739, 0.8611888655099844]
