training_data_sizes: [0.1, 0.2, 0.3, 0.4]
times: [252.59, 504.16, 752.16, 1000.25]
scores: [0.6898967428181044, 0.6581790231915512, 0.7931542190572102, 0.7458685427375198]
