training_data_sizes: [0.1, 0.2, 0.3, 0.4, 0.5, 0.6, 0.7, 0.8, 0.9, 1.0]
times: [27.0, 54.0, 85.0, 115.0, 147.0, 178.0, 204.0, 235.0, 265.0, 298.0]
scores: [0.5646578871318415, 0.6490783184458568, 0.5453370409974254, 0.48956299020709826, 0.5475784905754512, 0.6318937805447217, 0.6065811322388913, 0.578841054029009, 0.4513975729901526, 0.4413944892083349]
