training_data_sizes: [0.1, 0.2, 0.3, 0.4, 0.5, 0.6, 0.7]
times: [115.0, 231.0, 356.0, 477.0, 591.0, 719.0, 833.0]
scores: [0.8192829168060842, 0.8659231738671505, 0.8484558522188099, 0.9414798340380477, 0.918454541306543, 0.96978563166245, 1.0]
