training_data_sizes: [0.1, 0.2, 0.3, 0.4, 0.5, 0.6, 0.7, 0.8, 0.9, 1.0]
times: [29.0, 50.0, 80.0, 115.0, 141.0, 170.0, 209.0, 231.0, 263.0, 297.0]
scores: [0.8405079422268629, 0.9478419389526638, 0.9323750208631618, 0.9755948753104084, 1.0, 1.0, 1.0, 1.0, 1.0, 1.0]
