training_data_sizes: [0.1, 0.2, 0.3, 0.4, 0.5, 0.6, 0.7]
times: [118.62, 230.27, 343.55, 460.36, 571.84, 695.56, 809.4]
scores: [0.8075555935462384, 0.9714039928644269, 0.8103546097937637, 0.8762166358157474, 0.8567760490880267, 0.8506321228485194, 0.923033614170606]
