training_data_sizes: [0.1, 0.2, 0.3, 0.4, 0.5, 0.6, 0.7, 0.8]
times: [127.98, 257.98, 375.93, 506.8, 625.74, 751.86, 880.66, 1006.58]
scores: [0.9720060832825181, 1.0, 1.0, 0.9471695275577685, 0.9188259241485176, 0.998332335645652, 1.0, 0.9588333900320614]
