training_data_sizes: [0.1, 0.2, 0.3, 0.4, 0.5, 0.6, 0.7]
times: [30.0, 73.0, 117.0, 157.0, 192.0, 239.0, 277.0]
scores: [0.7753839487761016, 0.9882152967123268, 0.9644707373068351, 0.9537737154258128, 0.991696440186015, 1.0, 0.9237209806016329]
