training_data_sizes: [0.1, 0.2, 0.3, 0.4, 0.5, 0.6, 0.7, 0.8]
times: [46.0, 90.0, 140.0, 193.0, 241.0, 290.0, 347.0, 394.0]
scores: [0.8946330248881443, 0.8451491732797858, 0.9159694884823002, 0.8190941448714344, 0.8324567400855434, 0.8789898464635706, 0.9046902018923324, 0.9237321412468633]
