training_data_sizes: [0.1, 0.2, 0.3, 0.4, 0.5, 0.6, 0.7, 0.8, 0.9]
times: [23.0, 50.0, 83.0, 113.0, 148.0, 174.0, 206.0, 235.0, 269.0]
scores: [0.8485147235246109, 0.8987286825328219, 0.96416661072597, 1.0, 1.0, 1.0, 1.0, 1.0, 1.0]
