training_data_sizes: [0.1, 0.2, 0.3, 0.4, 0.5, 0.6, 0.7]
times: [121.21, 230.78, 352.48, 463.95, 577.41, 687.52, 807.05]
scores: [0.8296114524485931, 0.7169767951924861, 0.8440305440336646, 0.8596720066156219, 0.9320935124713596, 1.0, 0.9481311577003586]
