training_data_sizes: [0.1, 0.2, 0.3, 0.4, 0.5]
times: [240.19, 488.59, 728.03, 967.84, 1201.75]
scores: [0.9442128047197458, 0.9910216352248544, 0.9265826840348854, 1.0, 0.8924504287203969]
