training_data_sizes: [0.1, 0.2, 0.3, 0.4, 0.5, 0.6, 0.7, 0.8, 0.9, 1.0]
times: [57.0, 117.0, 179.0, 238.0, 294.0, 351.0, 411.0, 477.0, 535.0, 592.0]
scores: [0.72569375172703, 0.6857262449890664, 0.5497016400229919, 0.6283611410139884, 0.5256638210376332, 0.5078147587469767, 0.6131891756462379, 0.6606279083969262, 0.6093007080460229, 0.5811345529698692]
