training_data_sizes: [0.1, 0.2, 0.3, 0.4, 0.5, 0.6]
times: [42.63, 67.19, 95.34, 148.97, 197.69, 281.14]
scores: [1.0, 0.9895684048801102, 0.9182429562350352, 0.8446354441012198, 0.7779848623733954, 0.7255914761445016]
