training_data_sizes: [0.1, 0.2, 0.3, 0.4, 0.5]
times: [119.0, 230.0, 351.0, 472.0, 592.0]
scores: [0.872223110045757, 0.827447998201957, 0.7890565425267382, 0.8399197455514474, 0.924897801348329]
