training_data_sizes: [0.1, 0.2, 0.3, 0.4, 0.5, 0.6, 0.7, 0.8, 0.9, 1.0]
times: [48.0, 97.0, 149.0, 195.0, 241.0, 290.0, 346.0, 391.0, 447.0, 493.0]
scores: [0.5187784845865718, 0.5149273462313007, 0.6041372917019782, 0.6286940403183283, 0.5407280287374809, 0.6358916607179276, 0.740910622206464, 0.6875737218177226, 0.9143719864520916, 0.9225539634661495]
