training_data_sizes: [0.1, 0.2, 0.3, 0.4, 0.5]
times: [96.0, 194.0, 299.0, 393.0, 491.0]
scores: [0.675362241574262, 0.6971000774881115, 0.775996119380179, 0.690515289016099, 0.7151848605175806]
