training_data_sizes: [0.1, 0.2, 0.3, 0.4, 0.5, 0.6]
times: [101.0, 215.0, 325.0, 430.0, 549.0, 652.0]
scores: [0.8441626747104058, 0.8254280115881008, 0.7977819326922921, 0.9382673421027921, 0.8702580977062374, 0.9659379504796962]
