training_data_sizes: [0.1, 0.2, 0.3, 0.4, 0.5]
times: [56.0, 112.0, 174.0, 233.0, 295.0]
scores: [0.478227855708071, 0.5258552485153601, 0.6031576951249578, 0.5516232955320397, 0.5194281129224212]
