training_data_sizes: [0.1, 0.2]
times: [86.0, 174.0]
scores: [0.8226325784460895, 0.9190661732422921]
