training_data_sizes: [0.1, 0.2, 0.3, 0.4, 0.5, 0.6, 0.7, 0.8, 0.9, 1.0]
times: [28.0, 58.0, 86.0, 113.0, 144.0, 173.0, 205.0, 230.0, 268.0, 298.0]
scores: [0.8849178342982421, 1.0, 0.9460686994695755, 1.0, 1.0, 1.0, 1.0, 1.0, 1.0, 1.0]
