training_data_sizes: [0.1, 0.2, 0.3, 0.4, 0.5, 0.6]
times: [3.0, 13.0, 24.0, 37.0, 41.0, 54.0]
scores: [0.9523366348964846, 0.8477201674319026, 0.8010350644703934, 0.893490844533587, 0.7923346283122649, 0.9427755894559933]
