training_data_sizes: [0.1, 0.2, 0.3, 0.4, 0.5, 0.6, 0.7, 0.8]
times: [166.15, 326.14, 495.07, 659.34, 819.24, 976.14, 1145.92, 1308.72]
scores: [0.9488383894993601, 0.940356334721283, 0.8433230944403061, 0.8635605685046808, 0.8218317906556513, 0.884503494106134, 0.9056663381385458, 0.8638210289253853]
