training_data_sizes: [0.1, 0.2, 0.3]
times: [48.0, 91.0, 144.0]
scores: [0.934443892505592, 0.9933753366393472, 0.9465716326934711]
