training_data_sizes: [0.1, 0.2]
times: [37.0, 78.0]
scores: [0.8932878409206346, 0.8890123288896389]
