training_data_sizes: [0.1, 0.2, 0.3, 0.4]
times: [105.0, 217.0, 326.0, 434.0]
scores: [0.6618915000503363, 0.7500080574158896, 0.7064606069433048, 0.7734679856094677]
