training_data_sizes: [0.1, 0.2, 0.3, 0.4]
times: [29.0, 55.0, 87.0, 114.0]
scores: [0.9194598662990283, 0.827983835674784, 0.8185973437751435, 0.980514668542336]
