training_data_sizes: [0.1, 0.2, 0.3, 0.4]
times: [27.0, 58.0, 89.0, 118.0]
scores: [0.8613115898922113, 0.8362277036684524, 0.8157510135842327, 0.8967706610185249]
