training_data_sizes: [0.1, 0.2, 0.3, 0.4]
times: [334.97, 655.32, 984.68, 1309.31]
scores: [0.7551285968295895, 0.864850584033171, 0.8589806364755356, 0.865165595368963]
