training_data_sizes: [0.1, 0.2, 0.3, 0.4, 0.5]
times: [167.85, 322.66, 486.86, 647.74, 808.18]
scores: [0.8308824160934525, 0.7664828070813059, 0.843372057116822, 0.8944203977524436, 0.8521633769915509]
