training_data_sizes: [0.1, 0.2, 0.3, 0.4]
times: [7.0, 18.0, 26.0, 35.0]
scores: [0.8444455064213537, 0.7436452245635876, 0.8362555160987133, 0.697535324331517]
