training_data_sizes: [0.1, 0.2, 0.3, 0.4, 0.5, 0.6, 0.7, 0.8, 0.9, 1.0]
times: [125.63, 244.39, 362.12, 487.16, 609.9, 723.61, 849.02, 964.23, 1088.94, 1200.63]
scores: [0.7175496373126282, 0.7722665546949814, 0.8793534219659724, 0.9349862278301061, 0.9017918581254705, 0.9004475755813137, 0.8328020446809747, 0.9490287116676049, 0.9805831363679611, 1.0]
