training_data_sizes: [0.1, 0.2, 0.3, 0.4, 0.5, 0.6, 0.7, 0.8]
times: [129.11, 250.83, 380.27, 503.59, 634.01, 751.51, 883.24, 1006.48]
scores: [0.8068897002793234, 0.9237800265824887, 0.9397703983457701, 0.9399816434000783, 0.9272030441171721, 1.0, 1.0, 0.9365231540759241]
