training_data_sizes: [0.1, 0.2, 0.3, 0.4, 0.5, 0.6, 0.7, 0.8]
times: [137.0, 273.0, 414.0, 552.0, 694.0, 832.0, 976.9999999999999, 1118.0]
scores: [0.8042140222068805, 0.8917607811057489, 1.0, 1.0, 1.0, 1.0, 1.0, 0.9677665555813009]
