training_data_sizes: [0.1, 0.2, 0.3, 0.4, 0.5]
times: [32.0, 76.0, 110.0, 157.0, 191.0]
scores: [0.8383597177054034, 0.9943904207020586, 1.0, 1.0, 0.8913659167948118]
