training_data_sizes: [0.1, 0.2]
times: [116.0, 231.0]
scores: [0.8268690934073786, 0.7948383608493306]
