training_data_sizes: [0.1, 0.2, 0.3]
times: [124.0, 251.0, 386.0]
scores: [0.918436812303699, 0.9661672133625697, 0.9308517495721487]
