training_data_sizes: [0.1, 0.2]
times: [609.4, 1207.67]
scores: [0.7626606679286851, 0.8540225510657954]
