training_data_sizes: [0.1, 0.2]
times: [650.64, 1302.43]
scores: [0.9098887840784164, 0.8740421183116839]
