training_data_sizes: [0.1, 0.2, 0.3, 0.4, 0.5, 0.6, 0.7, 0.8, 0.9]
times: [126.32, 250.69, 373.32, 490.83, 615.12, 742.2, 860.98, 985.8, 1101.45]
scores: [0.7631252354763867, 0.856041971284817, 0.844039852643004, 0.7840876218840555, 0.8405724365124692, 0.7881491791252815, 0.7741006335015972, 0.7697459696254264, 0.8518108843011655]
