training_data_sizes: [0.1, 0.2, 0.3, 0.4]
times: [153.99, 301.01, 451.02, 603.01]
scores: [0.689590139170289, 0.5909873892244977, 0.6410948194550135, 0.7122130154075121]
