training_data_sizes: [0.1, 0.2]
times: [703.77, 1403.01]
scores: [0.7051990221712958, 0.8189985023394099]
