training_data_sizes: [0.1, 0.2, 0.3]
times: [116.0, 230.0, 359.0]
scores: [0.8555527535469776, 0.9260894119806429, 1.0]
