training_data_sizes: [0.1, 0.2, 0.3, 0.4, 0.5, 0.6, 0.7, 0.8]
times: [108.0, 211.0, 325.0, 439.0, 541.0, 654.0, 768.0, 871.0]
scores: [0.8733596643301886, 0.8055521984587013, 0.9237667380801899, 0.9835068233194859, 0.8728792613739798, 1.0, 0.9923195270146123, 1.0]
