training_data_sizes: [0.1, 0.2, 0.3, 0.4, 0.5, 0.6, 0.7, 0.8]
times: [89.0, 178.0, 264.0, 351.0, 445.0, 532.0, 625.0, 716.0]
scores: [0.9689201470016714, 0.8639587508538942, 0.9554460575523201, 0.992174537927081, 0.8641907372278554, 0.865510349340862, 0.9689213138771369, 0.9784485896488879]
