training_data_sizes: [0.1, 0.2, 0.3]
times: [7.0, 14.0, 26.0]
scores: [0.8608752496313179, 1.0, 0.910380057012889]
