training_data_sizes: [0.1, 0.2, 0.3]
times: [408.38, 800.95, 1207.11]
scores: [0.8974838797801694, 0.8629778300343859, 0.8119498628025243]
