training_data_sizes: [0.1, 0.2, 0.3, 0.4, 0.5, 0.6, 0.7, 0.8, 0.9]
times: [90.61, 185.98, 269.69, 360.42, 451.42, 541.35, 630.39, 716.4, 800.38]
scores: [0.9951683204712608, 0.8816996426772383, 0.8371918763539166, 0.8513226294381762, 0.9796623974094129, 0.8416999213544756, 0.9666304419418029, 0.9197175067948355, 0.9580535856676989]
