training_data_sizes: [0.1, 0.2, 0.3]
times: [34.0, 75.0, 119.0]
scores: [0.8868505799309063, 0.8354608467951394, 0.9146668376672586]
