training_data_sizes: [0.1, 0.2, 0.3, 0.4, 0.5, 0.6, 0.7]
times: [120.0, 250.0, 381.0, 511.0, 644.0, 772.0, 905.9999999999999]
scores: [0.794825449411093, 1.0, 0.9173152846034804, 0.8579399645340406, 1.0, 1.0, 1.0]
