training_data_sizes: [0.1, 0.2, 0.3, 0.4]
times: [24.0, 52.0, 88.0, 110.0]
scores: [0.7257824092692378, 0.9087262262772047, 0.9465958742957232, 0.9588167456570922]
