training_data_sizes: [0.1, 0.2, 0.3, 0.4, 0.5, 0.6, 0.7, 0.8, 0.9]
times: [112.21, 226.53, 341.15, 450.75, 559.0, 669.2, 781.6, 892.91, 1001.77]
scores: [0.8442985879465397, 0.9543220626380948, 0.9942690976400865, 0.8461112010873069, 0.9210671153116453, 1.0, 1.0, 0.8860850363224884, 0.9049569774863722]
