training_data_sizes: [0.1, 0.2, 0.3, 0.4, 0.5, 0.6]
times: [173.45, 342.48, 504.03, 675.32, 835.39, 1002.86]
scores: [0.8958540833927731, 0.9803619584266736, 1.0, 0.9936801305213335, 1.0, 1.0]
