training_data_sizes: [0.1, 0.2, 0.3, 0.4, 0.5, 0.6, 0.7, 0.8, 0.9, 1.0]
times: [87.27, 203.75, 330.97, 442.04, 554.87, 668.01, 768.81, 894.27, 999.45, 1100.64]
scores: [0.5007930123676492, 0.5168235946760653, 0.5244186419788793, 0.5292043492960353, 0.5323460810821655, 0.534836632114631, 0.5378175111553624, 0.5395347299926893, 0.5418018305146118, 0.5434835846436377]
