training_data_sizes: [0.1, 0.2, 0.3, 0.4]
times: [305.07, 606.15, 909.28, 1209.78]
scores: [0.8245331565646683, 0.9169812150022545, 0.9557461983933626, 0.9460453861985075]
