training_data_sizes: [0.1, 0.2]
times: [309.54, 603.37]
scores: [0.9249532763339003, 0.9935891798642362]
