training_data_sizes: [0.1, 0.2, 0.3, 0.4, 0.5, 0.6, 0.7]
times: [72.0, 152.0, 238.0, 315.0, 395.0, 477.0, 558.0]
scores: [0.8757419714108002, 0.9221305621127056, 0.854710874787318, 0.9151797296405426, 0.83258385668132, 0.8586559720560413, 0.8170503438450465]
