training_data_sizes: [0.1, 0.2, 0.3, 0.4, 0.5]
times: [221.97, 443.86, 668.49, 889.53, 1101.42]
scores: [0.6707335453659661, 0.7806768949963834, 0.8506678925108208, 0.7994808570276708, 0.9295537696932185]
