training_data_sizes: [0.1, 0.2]
times: [54.0, 111.0]
scores: [0.9317357824330126, 0.9037261164157019]
