training_data_sizes: [0.1, 0.2, 0.3, 0.4, 0.5, 0.6, 0.7, 0.8]
times: [4.0, 16.0, 29.0, 37.0, 44.0, 52.0, 63.0, 74.0]
scores: [0.7270149800105982, 0.6801999849074144, 0.7623726466130396, 0.7980313775256045, 0.7869509782212816, 0.9273739795308158, 1.0, 1.0]
