training_data_sizes: [0.1, 0.2]
times: [401.86, 807.23]
scores: [0.8655098727698698, 0.9456965095090694]
