training_data_sizes: [0.1, 0.2, 0.3, 0.4, 0.5, 0.6, 0.7, 0.8]
times: [21.0, 54.0, 83.0, 115.0, 144.0, 178.0, 208.0, 235.0]
scores: [0.7849801829593535, 0.7542379275285338, 0.9306827990808249, 0.8787205812658359, 0.8328737662045584, 0.9351573061088094, 0.881508008630809, 0.9338161849074622]
