training_data_sizes: [0.1, 0.2]
times: [77.0, 159.0]
scores: [0.8808988135459712, 0.8191723183746273]
