training_data_sizes: [0.1, 0.2, 0.3, 0.4]
times: [355.59, 707.58, 1052.29, 1403.81]
scores: [0.9002976468625308, 0.9420647299896185, 0.871573794009687, 0.9646188443776507]
