training_data_sizes: [0.1, 0.2, 0.3, 0.4, 0.5, 0.6, 0.7, 0.8, 0.9, 1.0]
times: [18.0, 35.0, 58.0, 70.0, 99.0, 111.0, 139.0, 155.0, 174.0, 194.0]
scores: [0.890342904773129, 0.8406230494159559, 0.900351227716425, 0.9345271819359695, 0.8510852809049839, 0.7581400538964498, 0.8868070630222007, 0.9223817268700512, 0.9131539807506204, 0.895694046179086]
