training_data_sizes: [0.1, 0.2, 0.3]
times: [91.0, 196.0, 292.0]
scores: [0.7232159747073686, 0.6873284021199058, 0.5933314804728471]
