training_data_sizes: [0.1, 0.2, 0.3, 0.4, 0.5, 0.6]
times: [84.0, 177.0, 266.0, 357.0, 442.0, 537.0]
scores: [0.6666474264747885, 0.6062900783483787, 0.747742835865338, 0.7915252092836117, 0.8108067710146811, 0.9079150967651284]
