training_data_sizes: [0.1, 0.2, 0.3, 0.4, 0.5, 0.6, 0.7, 0.8, 0.9, 1.0]
times: [164.13, 241.66, 371.52, 465.2, 538.27, 609.86, 688.95, 755.9, 819.91, 920.51]
scores: [0.6240904060226619, 0.4221081881292249, 0.36247668821212853, 0.3419359244124502, 0.3222905713276235, 0.3218277896203366, 0.30756537899000014, 0.3098185046880599, 0.30222049244183863, 0.3038521253770577]
