training_data_sizes: [0.1, 0.2, 0.3, 0.4]
times: [157.79, 306.0, 453.37, 605.14]
scores: [0.8760942873414445, 0.9654677075149034, 1.0, 0.9503668769588702]
