training_data_sizes: [0.1, 0.2, 0.3]
times: [469.51, 936.87, 1406.73]
scores: [0.702632042217006, 0.8190999573989428, 0.7752786929094984]
