training_data_sizes: [0.1, 0.2, 0.3, 0.4, 0.5, 0.6, 0.7, 0.8]
times: [6.0, 18.0, 24.0, 30.0, 48.0, 52.0, 66.0, 70.0]
scores: [0.9636800026386405, 0.9068033209275776, 0.9400986729117798, 0.8628656835195025, 0.9425066385179848, 0.9154657975666797, 1.0, 0.966029502495076]
