training_data_sizes: [0.1, 0.2, 0.3, 0.4, 0.5]
times: [280.33, 561.08, 841.13, 1125.33, 1405.12]
scores: [0.853629055222979, 0.9297895123182439, 0.8473877086049737, 0.9098784990800981, 0.8912185480783813]
