training_data_sizes: [0.1, 0.2, 0.3, 0.4, 0.5, 0.6, 0.7, 0.8]
times: [134.97, 250.17, 384.91, 504.74, 628.64, 750.38, 882.12, 1009.37]
scores: [0.7987031472746995, 0.7603528114082237, 0.8357197756124717, 0.858032212762775, 0.9453426055335615, 0.9949545300473739, 1.0, 1.0]
