training_data_sizes: [0.1, 0.2, 0.3, 0.4, 0.5, 0.6, 0.7]
times: [151.44, 292.88, 435.86, 577.89, 718.0, 865.76, 1004.98]
scores: [0.7301248804589545, 0.8736382482957348, 0.8561222561765103, 0.8539103084807542, 0.8533166783044197, 0.8615103635447947, 0.9317536908586412]
