training_data_sizes: [0.1, 0.2]
times: [51.0, 116.0]
scores: [0.8853120881375951, 0.9439597288163675]
