training_data_sizes: [0.1, 0.2, 0.3]
times: [204.32, 401.73, 601.96]
scores: [0.5644217232638136, 0.6722745287058493, 0.683190832064589]
