training_data_sizes: [0.1, 0.2, 0.3, 0.4, 0.5, 0.6, 0.7, 0.8, 0.9, 1.0]
times: [0.72, 1.29, 1.62, 2.09, 2.54, 3.27, 3.76, 4.19, 4.79, 6.03]
scores: [0.4397147117953189, 0.4397434692221802, 0.4331048374621478, 0.4350961339700487, 0.42928023791214603, 0.4314598209181786, 0.43043969428343115, 0.4321179412749334, 0.4341526608892477, 0.43342476993178697]
