training_data_sizes: [0.1, 0.2, 0.3, 0.4]
times: [72.0, 154.0, 233.0, 315.0]
scores: [0.5212325414610143, 0.5780960265569175, 0.7870821926177312, 0.7237021892833253]
