training_data_sizes: [0.1, 0.2, 0.3, 0.4, 0.5, 0.6, 0.7, 0.8]
times: [54.0, 118.0, 177.0, 232.0, 298.0, 352.0, 415.0, 478.0]
scores: [0.8819225120720264, 0.779729723024755, 0.9017744009015184, 0.8590157480637726, 0.8445595869918111, 0.8494547182674093, 0.7843006450612233, 0.7849560942172037]
