training_data_sizes: [0.1, 0.2, 0.3, 0.4]
times: [254.23, 504.16, 755.36, 1008.71]
scores: [0.8699809659227992, 0.9561085669352816, 0.9485353434394537, 0.9132503845546495]
