training_data_sizes: [0.1, 0.2, 0.3, 0.4, 0.5, 0.6, 0.7, 0.8, 0.9]
times: [1.0, 19.0, 28.0, 36.0, 41.0, 56.0, 66.0, 71.0, 82.0]
scores: [0.5896686846200697, 0.6139275938189985, 0.6406834449825696, 0.8273327046677965, 0.9320491384756269, 0.9476325717027649, 0.9322990609797823, 0.9949726966353718, 1.0]
