training_data_sizes: [0.1, 0.2, 0.3, 0.4, 0.5, 0.6, 0.7, 0.8, 0.9, 1.0]
times: [5.31, 9.97, 15.68, 21.93, 25.97, 35.21, 42.24, 48.48, 55.01, 65.05]
scores: [0.5855445844191132, 0.5815746142471101, 0.5615192629301162, 0.5760926667922475, 0.5679845272215622, 0.5638960961697823, 0.5543276783973434, 0.5598674724822699, 0.5634310684379993, 0.55919633095092]
