training_data_sizes: [0.1, 0.2, 0.3, 0.4, 0.5, 0.6, 0.7, 0.8, 0.9]
times: [2.0, 12.0, 20.0, 32.0, 46.0, 51.0, 65.0, 77.0, 84.0]
scores: [0.7796513275246131, 0.8888408761118689, 0.934031964285297, 0.9536723490141275, 0.8342922115616421, 0.8773530802852696, 0.9614383871736172, 0.8672299561659182, 0.8355406086739399]
