training_data_sizes: [0.1, 0.2, 0.3, 0.4, 0.5]
times: [188.89, 362.16, 547.62, 728.33, 906.87]
scores: [0.7605665068851716, 0.7910923723933978, 0.7221269348427175, 0.63076097629986, 0.6688443309040687]
