training_data_sizes: [0.1, 0.2, 0.3, 0.4, 0.5, 0.6, 0.7]
times: [11.0, 34.0, 51.0, 79.0, 97.0, 113.0, 135.0]
scores: [0.878363893502432, 0.8498353781548534, 0.8871492818392742, 0.9428492366067743, 0.9667641867477443, 0.8817058032161254, 1.0]
