training_data_sizes: [0.1, 0.2]
times: [21.0, 59.0]
scores: [0.8236866045497149, 0.9989790573430228]
