training_data_sizes: [0.1, 0.2]
times: [8.0, 13.0]
scores: [0.8263416167348447, 0.8843002344980677]
