training_data_sizes: [0.1, 0.2, 0.3, 0.4, 0.5]
times: [62.0, 131.0, 205.0, 279.0, 344.0]
scores: [0.9265480510886828, 1.0, 0.9458844162468878, 1.0, 0.9901609735473098]
