training_data_sizes: [0.1, 0.2, 0.3, 0.4]
times: [153.46, 309.79, 458.33, 606.03]
scores: [0.4267945099729953, 0.613036135341732, 0.5858011473224719, 0.5969017395763533]
