training_data_sizes: [0.1, 0.2]
times: [128.0, 258.0]
scores: [0.9727096481734141, 0.8871541806564865]
