training_data_sizes: [0.1, 0.2, 0.3, 0.4, 0.5, 0.6, 0.7, 0.8, 0.9, 1.0]
times: [102.66, 204.38, 304.32, 400.48, 502.06, 608.25, 705.94, 807.22, 906.95, 1007.57]
scores: [0.8896740732671737, 0.868562153212779, 0.8397639563177175, 0.9610398231509891, 0.9642614794237434, 0.9365293836443166, 0.9689984787417579, 1.0, 1.0, 0.9347697091660239]
