training_data_sizes: [0.1, 0.2, 0.3, 0.4]
times: [15.0, 33.0, 51.0, 76.0]
scores: [0.4777599098725506, 0.4678429894022516, 0.5452863870271268, 0.6748861191502162]
