training_data_sizes: [0.1, 0.2, 0.3, 0.4, 0.5, 0.6, 0.7, 0.8, 0.9, 1.0]
times: [145.38, 283.24, 426.31, 561.24, 701.92, 847.22, 987.64, 1129.66, 1266.88, 1406.44]
scores: [0.7506152656755457, 0.6759939382621635, 0.7076125310981671, 0.7187633483524235, 0.7820139234965939, 0.9792703640397438, 1.0, 1.0, 1.0, 1.0]
