training_data_sizes: [0.1, 0.2, 0.3]
times: [435.84, 868.33, 1305.4]
scores: [0.7696829018573856, 0.8634861641413256, 0.9626930809048229]
