training_data_sizes: [0.1, 0.2, 0.3, 0.4, 0.5, 0.6]
times: [57.0, 110.0, 173.0, 230.0, 296.0, 359.0]
scores: [1.0, 1.0, 0.9430585836326947, 0.9997503846458125, 1.0, 1.0]
