training_data_sizes: [0.1, 0.2, 0.3, 0.4, 0.5, 0.6, 0.7]
times: [54.0, 111.0, 179.0, 237.0, 297.0, 350.0, 417.0]
scores: [0.80066992041665, 0.7940079635179079, 0.8966000150010662, 0.7839033815827758, 0.9703023097010481, 0.9473448466087832, 0.9676372491309058]
