training_data_sizes: [0.1, 0.2, 0.3, 0.4, 0.5, 0.6]
times: [46.0, 91.0, 148.0, 196.0, 240.0, 296.0]
scores: [0.45449513846039946, 0.5167680657803518, 0.5429481409716029, 0.5776912117267459, 0.5747759622278146, 0.6325618838962406]
