training_data_sizes: [0.1, 0.2, 0.3, 0.4, 0.5, 0.6, 0.7, 0.8, 0.9, 1.0]
times: [84.66, 169.92, 244.4, 326.3, 409.81, 485.12, 568.93, 641.24, 726.69, 802.27]
scores: [1.0, 0.9890539807635518, 0.9451261233203065, 0.9328880765691254, 1.0, 1.0, 1.0, 0.9634456508722301, 0.9874902124870845, 1.0]
