training_data_sizes: [0.1, 0.2, 0.3, 0.4, 0.5, 0.6, 0.7, 0.8, 0.9]
times: [111.89, 222.8, 338.94, 449.97, 557.76, 671.73, 784.87, 891.97, 1002.5]
scores: [0.8767709796503163, 0.8885003366026691, 0.9423349095062576, 1.0, 1.0, 1.0, 1.0, 1.0, 1.0]
