training_data_sizes: [0.1, 0.2, 0.3, 0.4]
times: [52.0, 117.0, 179.0, 239.0]
scores: [0.9389105375388485, 0.9219130958806642, 0.9467758471699037, 0.7774015432911785]
