training_data_sizes: [0.1, 0.2]
times: [10.0, 32.0]
scores: [0.7135150536831145, 0.7209749311970985]
