training_data_sizes: [0.1, 0.2, 0.3, 0.4, 0.5, 0.6, 0.7, 0.8, 0.9, 1.0]
times: [118.84, 229.37, 334.77, 443.7, 559.79, 660.81, 779.7, 880.93, 994.53, 1104.61]
scores: [0.7821406821742173, 0.9481490536771213, 0.8985949786580048, 0.9641170606396845, 1.0, 1.0, 1.0, 1.0, 1.0, 1.0]
