training_data_sizes: [0.1, 0.2, 0.3, 0.4, 0.5, 0.6, 0.7, 0.8, 0.9, 1.0]
times: [10.22, 56.83, 121.33, 139.09, 214.87, 335.22, 342.9, 446.1, 559.76, 776.5]
scores: [0.37880761483919767, 0.4312427421905779, 0.45979743100417636, 0.4813175460527355, 0.4986902072950424, 0.508859526991446, 0.5168621636634303, 0.5249778931695394, 0.5338716079797404, 0.5415815648992777]
