training_data_sizes: [0.1, 0.2, 0.3, 0.4, 0.5, 0.6, 0.7]
times: [121.7, 232.65, 343.56, 464.64, 573.22, 691.67, 800.78]
scores: [0.7927394257207203, 0.7415504588001207, 0.791680272165505, 0.9015837291323117, 0.987939562564405, 0.8897421347563862, 0.9173633547032105]
