training_data_sizes: [0.1, 0.2, 0.3, 0.4, 0.5, 0.6, 0.7, 0.8, 0.9, 1.0]
times: [139.27, 268.58, 397.5, 528.04, 653.15, 787.37, 916.23, 1047.72, 1176.78, 1302.25]
scores: [0.6001755679362828, 0.558112888130189, 0.5727710728643802, 0.5944158783666469, 0.4604957222517037, 0.5240020886683604, 0.6014371589161607, 0.6382838665200228, 0.7609883229935661, 0.8461477566343207]
