training_data_sizes: [0.1, 0.2, 0.3, 0.4, 0.5, 0.6, 0.7, 0.8, 0.9]
times: [133.99, 266.99, 408.53, 539.33, 674.06, 809.19, 938.12, 1074.58, 1202.2]
scores: [0.8698481534917393, 0.9255615948694359, 0.9289231976715766, 0.8034065757372588, 0.9047194506717902, 0.9331332478508243, 0.8845614205358574, 0.8530189155365353, 0.9031992882729695]
