training_data_sizes: [0.1, 0.2, 0.3, 0.4, 0.5, 0.6]
times: [241.86, 471.77, 707.04, 935.04, 1172.14, 1408.06]
scores: [0.9254808470196583, 0.9485705111544002, 0.9163220232865539, 0.9776777404635382, 1.0, 0.9537774134582309]
