training_data_sizes: [0.1, 0.2, 0.3, 0.4]
times: [59.0, 116.0, 175.0, 234.0]
scores: [0.7821542030471377, 0.7097715664814763, 0.7879607843072683, 0.8128146253720893]
