training_data_sizes: [0.1, 0.2, 0.3, 0.4, 0.5, 0.6, 0.7, 0.8, 0.9, 1.0]
times: [96.0, 191.0, 294.0, 391.0, 499.0, 594.0, 694.0, 798.0, 893.0, 995.0]
scores: [0.6814635799708614, 0.7520315603220012, 0.8978342690155262, 1.0, 0.9542866809892336, 0.9711395552865172, 1.0, 1.0, 1.0, 1.0]
