training_data_sizes: [0.1, 0.2, 0.3, 0.4, 0.5, 0.6]
times: [151.93, 304.07, 456.63, 602.08, 752.89, 909.3]
scores: [0.5825140141677306, 0.4961940079842433, 0.509366180946633, 0.6637504228988929, 0.609867099796421, 0.7995189360538949]
