training_data_sizes: [0.1, 0.2, 0.3, 0.4, 0.5, 0.6, 0.7, 0.8]
times: [4.0, 11.0, 22.0, 31.0, 45.0, 57.0, 67.0, 72.0]
scores: [0.8435404452694584, 0.8145772925062471, 0.8169655113627707, 0.9841647400357066, 0.885879783296964, 0.8134305350561191, 0.8327723389520769, 0.8494579985946302]
