training_data_sizes: [0.1, 0.2, 0.3]
times: [100.0, 218.0, 327.0]
scores: [0.907654808822953, 0.8948524749252911, 1.0]
