training_data_sizes: [0.1, 0.2, 0.3, 0.4, 0.5, 0.6, 0.7, 0.8]
times: [166.03, 327.7, 490.77, 654.11, 812.71, 978.18, 1147.41, 1301.52]
scores: [0.9480553329335816, 0.893875408708797, 0.9830746723071653, 1.0, 0.9565964299208728, 1.0, 1.0, 1.0]
