training_data_sizes: [0.1, 0.2, 0.3, 0.4, 0.5, 0.6]
times: [118.12, 242.16, 354.96, 471.68, 588.8, 708.89]
scores: [0.8996093074593491, 0.8170421230174085, 0.8433231305687026, 0.8434412145916845, 0.9073904323653283, 1.0]
