training_data_sizes: [0.1, 0.2, 0.3, 0.4, 0.5]
times: [265.93, 528.35, 784.13, 1047.41, 1308.77]
scores: [0.9003546799411251, 0.8153967964478874, 0.9127187351980046, 0.8342080482201817, 0.8896036738502255]
