training_data_sizes: [0.1, 0.2, 0.3, 0.4, 0.5, 0.6, 0.7]
times: [149.66, 295.56, 432.5, 574.2, 717.53, 857.68, 1008.94]
scores: [0.7921929570244256, 0.8215663892187622, 0.8141821903646735, 0.9316410965795828, 0.86937157547172, 0.96337209266395, 0.9631444360323209]
