training_data_sizes: [0.1, 0.2, 0.3, 0.4, 0.5, 0.6, 0.7, 0.8]
times: [180.68, 359.28, 525.14, 702.89, 884.19, 1058.03, 1230.88, 1407.04]
scores: [0.8271935416177922, 0.7753854033659469, 0.8830047999554786, 0.9503377432521529, 1.0, 1.0, 1.0, 1.0]
