training_data_sizes: [0.1, 0.2, 0.3, 0.4, 0.5, 0.6]
times: [136.77, 266.85, 403.71, 537.6, 667.21, 801.1]
scores: [0.7608867020100325, 0.8899130971127477, 0.8385089802327816, 0.8391093936598659, 0.9367275849274179, 1.0]
