training_data_sizes: [0.1, 0.2, 0.3, 0.4, 0.5, 0.6]
times: [41.0, 91.0, 148.0, 198.0, 246.0, 299.0]
scores: [0.6383807785290829, 0.7115216272538305, 0.6365255154172025, 0.6412881539063339, 0.7336060107662061, 0.9227632481033579]
