training_data_sizes: [0.1, 0.2, 0.3, 0.4, 0.5, 0.6, 0.7, 0.8]
times: [95.0, 196.0, 293.0, 393.0, 498.0, 592.0, 698.0, 793.0]
scores: [0.9292357471252448, 0.9767652040362882, 0.9265281973856994, 1.0, 0.995365456447832, 1.0, 1.0, 1.0]
