training_data_sizes: [0.1, 0.2, 0.3, 0.4, 0.5, 0.6]
times: [37.0, 76.0, 118.0, 155.0, 194.0, 239.0]
scores: [0.8999934138053641, 0.7959675243078848, 0.884183131606794, 0.7090074780588377, 0.7712893664690024, 0.7849214160189333]
