training_data_sizes: [0.1, 0.2]
times: [54.0, 114.0]
scores: [0.7025178870322449, 0.5937964401619465]
