training_data_sizes: [0.1, 0.2, 0.3, 0.4, 0.5, 0.6, 0.7, 0.8, 0.9, 1.0]
times: [115.89, 222.2, 336.43, 441.55, 552.91, 668.47, 779.9, 883.14, 991.75, 1102.37]
scores: [0.7421761505354367, 0.8981194693487022, 0.8221786523061267, 0.9382533090867964, 1.0, 1.0, 1.0, 1.0, 1.0, 1.0]
