training_data_sizes: [0.1, 0.2, 0.3, 0.4, 0.5]
times: [40.0, 95.0, 149.0, 198.0, 245.0]
scores: [0.9469739688043997, 0.8033188937973312, 0.7908625161466828, 0.9193072858534737, 0.9020853884305668]
