training_data_sizes: [0.1, 0.2, 0.3, 0.4]
times: [331.34, 652.79, 976.45, 1303.21]
scores: [0.7986367719362563, 0.8469311414758076, 0.894406536667113, 0.9412078938160375]
