training_data_sizes: [0.1, 0.2, 0.3, 0.4, 0.5, 0.6]
times: [38.0, 72.0, 114.0, 154.0, 194.0, 234.0]
scores: [0.855414968140894, 0.7902502626302975, 0.8281128063930587, 0.8489658923804629, 0.7951745334671585, 0.9200058886754421]
