training_data_sizes: [0.1, 0.2, 0.3, 0.4, 0.5, 0.6, 0.7, 0.8, 0.9, 1.0]
times: [36.2, 117.9, 190.45, 290.22, 328.89, 403.85, 459.08, 530.76, 610.4, 689.74]
scores: [1.0, 1.0, 0.9999999820456238, 0.9999998871112918, 0.9999985139263601, 0.9999832558642647, 0.9999436558761621, 0.9996603263418096, 0.9991165087958702, 0.9978037158830975]
