training_data_sizes: [0.1, 0.2, 0.3, 0.4, 0.5, 0.6, 0.7]
times: [67.0, 133.0, 201.0, 279.0, 342.0, 410.0, 483.99999999999994]
scores: [0.6052204745389193, 0.7783918668730005, 0.8063330945389736, 0.793406105644569, 0.94236089756758, 0.8955221100015986, 0.9842265266110757]
