training_data_sizes: [0.1, 0.2, 0.3, 0.4, 0.5, 0.6, 0.7]
times: [186.28, 378.56, 560.29, 750.48, 929.53, 1120.72, 1303.74]
scores: [0.9424120188654435, 1.0, 0.9764216642429402, 0.9138335833729854, 0.9424342486056909, 0.9632839987249825, 0.9626276789104594]
