training_data_sizes: [0.1, 0.2]
times: [706.19, 1405.12]
scores: [0.9269063089572755, 0.9032156885219428]
