training_data_sizes: [0.1, 0.2]
times: [505.03, 1003.26]
scores: [0.8385198096696614, 0.7646096429533165]
