training_data_sizes: [0.1, 0.2, 0.3, 0.4, 0.5, 0.6, 0.7, 0.8, 0.9, 1.0]
times: [111.54, 221.08, 335.01, 444.22, 553.97, 663.91, 778.39, 881.0, 997.13, 1108.25]
scores: [0.9029783117690524, 0.8587047558736356, 0.7873036745517523, 0.8377061904198772, 0.9007723467386244, 0.8832667460587583, 0.927668689022161, 0.8867788892043259, 0.8632568248156792, 0.8123424842637215]
