training_data_sizes: [0.1, 0.2, 0.3, 0.4, 0.5, 0.6, 0.7]
times: [157.85, 315.34, 477.27, 629.61, 786.59, 948.14, 1102.97]
scores: [0.8587890441534245, 0.9110042149440949, 0.8908722802077177, 0.9335294688897782, 0.8367181792334983, 0.9116786304561563, 0.8709044612625316]
