training_data_sizes: [0.1, 0.2, 0.3, 0.4, 0.5, 0.6, 0.7, 0.8]
times: [24.0, 53.0, 86.0, 113.0, 146.0, 174.0, 201.0, 232.0]
scores: [0.5535379873997605, 0.5378548448505049, 0.6408140936129669, 0.7047447942805835, 0.6726525454084722, 0.9069242516816973, 0.8407909590809874, 0.8639665413620177]
