training_data_sizes: [0.1, 0.2]
times: [92.0, 196.0]
scores: [0.9309425013876542, 0.9437618068413471]
