training_data_sizes: [0.1, 0.2, 0.3, 0.4]
times: [30.0, 72.0, 110.0, 157.0]
scores: [0.7348226921431391, 0.7551203217054634, 0.892301142064384, 0.9599503834835625]
