training_data_sizes: [0.1, 0.2, 0.3, 0.4]
times: [81.58, 261.26, 544.24, 910.03]
scores: [0.9992514011434559, 0.9990630066244609, 0.9991098019321585, 0.9990995540586903]
