training_data_sizes: [0.1, 0.2, 0.3, 0.4, 0.5, 0.6]
times: [79.0, 156.0, 238.0, 312.0, 399.0, 471.0]
scores: [0.9336925797297309, 0.9517772621967242, 0.9643843827679712, 1.0, 1.0, 1.0]
