training_data_sizes: [0.1, 0.2, 0.3]
times: [76.0, 152.0, 234.0]
scores: [0.7302396701992899, 0.7739772790223435, 0.8477585199963299]
