training_data_sizes: [0.1, 0.2, 0.3]
times: [46.0, 99.0, 140.0]
scores: [0.5622375929225896, 0.5653230441098838, 0.6274636613644672]
