training_data_sizes: [0.1, 0.2, 0.3, 0.4, 0.5, 0.6, 0.7, 0.8, 0.9, 1.0]
times: [2.0, 19.0, 28.0, 34.0, 48.0, 59.0, 64.0, 71.0, 88.0, 95.0]
scores: [0.8763142217518536, 0.8170450049271709, 0.9409945065763425, 0.9052217490514199, 0.9164645148391417, 0.8876172889639462, 0.972618125428711, 1.0, 0.9484935560088572, 1.0]
