training_data_sizes: [0.1, 0.2]
times: [57.0, 119.0]
scores: [0.7720592353540086, 0.7446955620461633]
