training_data_sizes: [0.1, 0.2, 0.3, 0.4, 0.5, 0.6, 0.7]
times: [208.03, 408.23, 605.27, 809.81, 1003.12, 1209.34, 1408.53]
scores: [0.8072166197617505, 0.8318781403493306, 0.9748213709185021, 0.8978637104283282, 0.9799548827139537, 0.9570176028247475, 0.9221087334507758]
