training_data_sizes: [0.1, 0.2, 0.3, 0.4, 0.5, 0.6, 0.7]
times: [118.0, 237.0, 353.0, 479.0, 591.0, 714.0, 836.0]
scores: [0.6491966034965057, 0.5890836984173048, 0.6990793887615573, 0.6844090143529815, 0.770274445978958, 0.8527587354777257, 1.0]
