training_data_sizes: [0.1, 0.2, 0.3, 0.4, 0.5, 0.6]
times: [140.95, 273.96, 408.94, 542.71, 676.26, 803.82]
scores: [0.8993961290478198, 0.8712411784190983, 1.0, 0.9884984332627196, 0.9605749323057688, 1.0]
