training_data_sizes: [0.1, 0.2, 0.3, 0.4, 0.5, 0.6, 0.7, 0.8, 0.9, 1.0]
times: [106.0, 212.0, 320.0, 435.0, 548.0, 658.0, 761.0, 872.0, 986.0, 1091.0]
scores: [0.774979428939111, 0.9153116177863116, 0.9574435593749012, 0.9366675687567598, 1.0, 0.9893242177999235, 0.9533768342426155, 0.9816303116640998, 1.0, 0.9821225477989891]
