training_data_sizes: [0.1, 0.2, 0.3]
times: [229.23, 624.98, 1153.39]
scores: [0.9729080369928885, 0.984339282302789, 0.988438939784588]
