training_data_sizes: [0.1, 0.2, 0.3, 0.4, 0.5, 0.6, 0.7, 0.8, 0.9, 1.0]
times: [1.95, 3.79, 5.89, 7.68, 10.12, 13.65, 16.47, 18.75, 21.68, 24.56]
scores: [1.0, 1.0, 0.9999999854319832, 0.9999999857943969, 0.9999999908966277, 0.999999980792021, 0.999999976194381, 0.9999999702226428, 0.9999999704454656, 0.999999975963993]
