training_data_sizes: [0.1, 0.2, 0.3, 0.4, 0.5, 0.6, 0.7, 0.8, 0.9, 1.0]
times: [20.02, 34.58, 50.79, 68.51, 88.07, 104.51, 122.87, 143.17, 165.63, 181.04]
scores: [0.6610653469663434, 0.6071253872688434, 0.6138725020721785, 0.6104510673630059, 0.561721067966146, 0.5908181641693488, 0.5853404363700063, 0.5792731557194537, 0.5432483348322483, 0.5529734746903938]
