training_data_sizes: [0.1, 0.2, 0.3, 0.4, 0.5]
times: [130.0, 275.0, 414.0, 551.0, 698.0]
scores: [0.8797115620804958, 0.8647791528747649, 0.9680011060147599, 0.9679936985782598, 0.9910951268065813]
