training_data_sizes: [0.1, 0.2, 0.3, 0.4, 0.5]
times: [73.0, 155.0, 231.0, 312.0, 399.0]
scores: [0.9164754460375193, 0.9282610788511871, 0.8549202447498285, 0.9761181229956029, 0.965915097719844]
