training_data_sizes: [0.1, 0.2, 0.3, 0.4, 0.5]
times: [10.0, 34.0, 52.0, 71.0, 98.0]
scores: [0.8289604216971117, 0.9697759552917007, 1.0, 1.0, 1.0]
