training_data_sizes: [0.1, 0.2, 0.3, 0.4, 0.5, 0.6, 0.7, 0.8, 0.9, 1.0]
times: [6.86, 10.64, 14.31, 17.26, 20.7, 23.09, 27.98, 31.18, 34.25, 37.86]
scores: [0.2482408677810904, 0.2886429739469164, 0.3006625688258665, 0.30509659971169334, 0.3127437849372747, 0.313745691894315, 0.32330104370829366, 0.32185423115623324, 0.3218439200640404, 0.3213785780787427]
