training_data_sizes: [0.1, 0.2, 0.3, 0.4, 0.5]
times: [141.5, 287.02, 420.12, 567.36, 708.8]
scores: [0.705633573043549, 0.7315639907440667, 0.844439618258592, 0.8063346726470755, 0.9916238171636413]
