training_data_sizes: [0.1, 0.2, 0.3, 0.4, 0.5, 0.6, 0.7, 0.8, 0.9, 1.0]
times: [83.0, 168.54, 241.45, 321.2, 401.26, 480.76, 563.94, 649.94, 726.43, 808.8]
scores: [0.9731453796666693, 0.9004523857941644, 0.894533596985637, 0.8592819540537558, 0.9144732243516687, 0.9881561312236171, 0.9213212587960171, 0.9679488794538582, 0.9665870279993056, 1.0]
