training_data_sizes: [0.1, 0.2]
times: [308.36, 603.49]
scores: [0.5330057603562727, 0.6814726579519786]
