training_data_sizes: [0.1, 0.2, 0.3, 0.4, 0.5, 0.6, 0.7]
times: [18.0, 39.0, 54.0, 77.0, 95.0, 115.0, 130.0]
scores: [0.5922017443215766, 0.592802536966213, 0.6929876259229872, 0.6664508140078131, 0.728921818725766, 0.8163423512813928, 0.8287287437867186]
