training_data_sizes: [0.1, 0.2, 0.3]
times: [373.65, 740.25, 1103.79]
scores: [0.7997120376642308, 0.9294716857166561, 0.8970770084449483]
