training_data_sizes: [0.1, 0.2, 0.3, 0.4, 0.5, 0.6, 0.7, 0.8]
times: [178.62, 353.31, 533.26, 705.36, 876.94, 1058.61, 1233.75, 1403.27]
scores: [0.7837667123138902, 0.7977005827673362, 0.8522163840027585, 0.8633986480083053, 0.9846727145880652, 0.9434475661633455, 0.9015232712261685, 1.0]
