training_data_sizes: [0.1, 0.2, 0.3, 0.4, 0.5]
times: [280.45, 561.51, 844.49, 1120.18, 1400.87]
scores: [0.9386254130690963, 0.9004030973263205, 1.0, 0.8869294519918688, 0.9899773439987076]
