training_data_sizes: [0.1, 0.2, 0.3, 0.4, 0.5]
times: [142.47, 284.21, 428.26, 561.9, 706.03]
scores: [0.6032170205138877, 0.6513076289649844, 0.821845703476191, 0.7012173624411165, 0.9068998615018781]
