training_data_sizes: [0.1, 0.2, 0.3]
times: [271.59, 541.38, 807.71]
scores: [0.7760679708178994, 0.7374875332335286, 0.8474148201416106]
