training_data_sizes: [0.1, 0.2, 0.3, 0.4, 0.5, 0.6, 0.7, 0.8, 0.9, 1.0]
times: [136.28, 268.85, 397.99, 528.26, 656.36, 781.86, 919.16, 1043.93, 1174.74, 1305.88]
scores: [0.7899354626237944, 0.8428858271378079, 0.7793674257992562, 0.9195010053577214, 0.9684734377499024, 0.922040261151934, 1.0, 1.0, 1.0, 1.0]
