training_data_sizes: [0.1, 0.2, 0.3, 0.4, 0.5, 0.6, 0.7, 0.8, 0.9]
times: [98.34, 186.81, 276.4, 364.54, 445.95, 536.82, 629.99, 715.48, 807.26]
scores: [0.5073995300234672, 0.6771385940207238, 0.6992365427997128, 0.5503569456682834, 0.6997080750859032, 0.6531228892986828, 0.6891373912000482, 0.8159684849692295, 0.8760923396212208]
