training_data_sizes: [0.1, 0.2, 0.3, 0.4, 0.5, 0.6, 0.7, 0.8]
times: [118.0, 231.0, 357.0, 477.0, 596.0, 716.0, 835.0, 950.0]
scores: [0.8667877012853595, 0.782398012841147, 0.9759094300825535, 0.8307775288921498, 0.9513449604436439, 0.9765491102626199, 1.0, 1.0]
