training_data_sizes: [0.1, 0.2, 0.3, 0.4, 0.5, 0.6, 0.7, 0.8]
times: [176.61, 351.87, 525.33, 705.2, 876.87, 1052.83, 1228.7, 1407.53]
scores: [0.7026342009459743, 0.6615321487182827, 0.6994141582929555, 0.7626557915980394, 0.8527593201391896, 0.82227728424534, 1.0, 0.915617090022424]
