training_data_sizes: [0.1, 0.2, 0.3, 0.4, 0.5, 0.6]
times: [124.34, 234.4, 356.05, 470.33, 589.5, 700.49]
scores: [0.7208210343848016, 0.7726196770099703, 0.7196476375634142, 0.7501181997647662, 0.641050323331279, 0.6953798769472508]
