training_data_sizes: [0.1, 0.2, 0.3, 0.4, 0.5, 0.6]
times: [183.91, 372.91, 553.42, 738.52, 920.01, 1109.49]
scores: [0.8610224578430654, 0.9657845559717971, 1.0, 0.9946939746241394, 1.0, 0.9803992723096158]
