training_data_sizes: [0.1, 0.2, 0.3, 0.4, 0.5, 0.6, 0.7, 0.8, 0.9]
times: [105.76, 209.23, 309.03, 407.97, 501.02, 606.57, 702.01, 809.14, 907.55]
scores: [0.8351423752423925, 0.8516004571463465, 0.7347339575450476, 0.7846743664525458, 0.8593502446433222, 0.8473621127322539, 0.7976627303242039, 0.8348164628683836, 0.8975952558280055]
