training_data_sizes: [0.1, 0.2, 0.3, 0.4, 0.5, 0.6, 0.7, 0.8]
times: [125.15, 250.79, 382.81, 509.7, 626.14, 755.49, 877.13, 1009.68]
scores: [0.9144742771599335, 0.8543604114102314, 0.9951269247317858, 1.0, 1.0, 1.0, 1.0, 1.0]
