training_data_sizes: [0.1, 0.2, 0.3, 0.4, 0.5]
times: [263.5, 522.78, 786.87, 1049.82, 1305.0]
scores: [0.8616345959387051, 1.0, 1.0, 0.9687920877900522, 0.9126012461471611]
