training_data_sizes: [0.1, 0.2]
times: [355.04, 707.43]
scores: [0.8135278515385311, 0.8060170559815942]
