training_data_sizes: [0.1, 0.2, 0.3, 0.4, 0.5]
times: [97.0, 194.0, 296.0, 396.0, 491.0]
scores: [0.8327488589942075, 0.9107727812378494, 0.9754620341750331, 0.9979920284498394, 1.0]
