training_data_sizes: [0.1, 0.2, 0.3, 0.4, 0.5, 0.6, 0.7, 0.8, 0.9]
times: [112.0, 235.0, 357.0, 473.0, 592.0, 715.0, 835.0, 952.0, 1071.0]
scores: [0.9414379319951596, 0.869385727492036, 0.8670894731532741, 0.97643506055559, 0.9944958270622685, 0.993709745241512, 0.9451400539260426, 1.0, 0.9908985662721749]
