training_data_sizes: [0.1, 0.2, 0.3, 0.4, 0.5]
times: [182.47, 360.48, 541.77, 725.72, 904.37]
scores: [0.9069688285903725, 0.7536940224166957, 0.730717349535875, 0.8456329258416071, 0.8865290473054604]
