training_data_sizes: [0.1, 0.2, 0.3, 0.4, 0.5, 0.6, 0.7]
times: [195.26, 378.16, 565.98, 744.83, 936.8, 1120.96, 1303.16]
scores: [0.8700311051528442, 0.8725945520249171, 0.934600995664689, 0.8649654056313143, 0.8789460422727478, 0.8621954253949904, 1.0]
