training_data_sizes: [0.1, 0.2, 0.3, 0.4, 0.5, 0.6]
times: [121.0, 251.0, 383.0, 514.0, 640.0, 777.0]
scores: [0.82551691425174, 0.8491295619769166, 0.931108471834849, 0.9187618695958075, 1.0, 1.0]
