training_data_sizes: [0.1, 0.2]
times: [501.07, 1007.48]
scores: [0.8397118658072542, 0.7968646675814237]
