training_data_sizes: [0.1, 0.2]
times: [308.62, 605.3]
scores: [0.7566352980857547, 0.8526972930505179]
