training_data_sizes: [0.1, 0.2, 0.3, 0.4, 0.5, 0.6, 0.7, 0.8, 0.9]
times: [127.0, 251.0, 380.0, 519.0, 641.0, 771.0, 899.9999999999999, 1039.0, 1164.0]
scores: [0.8413440461401682, 0.9691908843095353, 0.9881825278931795, 0.9490703920313928, 0.9946811615130196, 1.0, 0.992610813030263, 1.0, 1.0]
