training_data_sizes: [0.1, 0.2, 0.3, 0.4, 0.5]
times: [289.6, 562.64, 845.54, 1122.78, 1404.12]
scores: [0.9037594212456205, 0.807828288922436, 0.7380897577829273, 0.8037048570849443, 0.7442864587705997]
