training_data_sizes: [0.1, 0.2, 0.3, 0.4, 0.5]
times: [165.52, 323.73, 486.78, 646.08, 806.32]
scores: [0.859536532201143, 0.9164425282977198, 0.9194052530630012, 0.8179217671474746, 0.9053183845540083]
