training_data_sizes: [0.1, 0.2, 0.3, 0.4, 0.5, 0.6, 0.7, 0.8]
times: [28.0, 51.0, 89.0, 112.0, 140.0, 174.0, 208.0, 238.0]
scores: [0.7245803342854897, 0.8985528653080017, 0.853280488398663, 0.9960088354908434, 1.0, 1.0, 1.0, 1.0]
