training_data_sizes: [0.1, 0.2, 0.3, 0.4, 0.5, 0.6, 0.7, 0.8, 0.9, 1.0]
times: [57.0, 114.0, 174.0, 231.0, 293.0, 352.0, 412.0, 470.0, 533.0, 593.0]
scores: [0.8360278495963742, 0.7613116373088218, 0.9234328569782244, 0.8118474868451507, 1.0, 1.0, 1.0, 0.9382042831218925, 1.0, 0.9964600674729096]
