training_data_sizes: [0.1, 0.2]
times: [39.0, 78.0]
scores: [0.9892286950241769, 0.8742503862109869]
