training_data_sizes: [0.1, 0.2, 0.3, 0.4, 0.5, 0.6, 0.7]
times: [82.0, 177.0, 261.0, 354.0, 445.0, 539.0, 623.0]
scores: [0.8346834190154491, 0.8191901901082124, 0.849677129676786, 0.7677841941452119, 0.9169089163130387, 0.761657040189469, 0.8456675358962595]
