training_data_sizes: [0.1, 0.2, 0.3, 0.4, 0.5, 0.6]
times: [205.52, 400.12, 600.52, 801.32, 1004.86, 1202.24]
scores: [0.8907694568520654, 0.9022643785554236, 0.8393421753107206, 0.8755329652303728, 0.8605194442668522, 0.9895176464326816]
