training_data_sizes: [0.1, 0.2, 0.3, 0.4, 0.5, 0.6, 0.7, 0.8]
times: [145.9, 279.47, 419.41, 555.28, 691.36, 828.33, 963.9, 1104.71]
scores: [0.7866560364371206, 0.6724362177690715, 0.7971362656068904, 0.8525480784612858, 0.8524528971056327, 0.9754774572866362, 1.0, 1.0]
