training_data_sizes: [0.1, 0.2, 0.3, 0.4, 0.5, 0.6, 0.7]
times: [193.95, 377.84, 564.56, 748.99, 930.41, 1119.29, 1300.4]
scores: [0.8673324620431646, 0.9740560097162612, 0.8753530091469418, 0.96702314237797, 1.0, 0.9795182616905405, 0.9373446942311912]
