training_data_sizes: [0.1, 0.2, 0.3, 0.4, 0.5, 0.6, 0.7, 0.8]
times: [75.0, 156.0, 236.0, 315.0, 390.0, 472.0, 555.0, 639.0]
scores: [0.647369636884853, 0.5991382956024287, 0.7516932812574018, 0.6286217986289853, 0.8477745616849486, 0.9126128317893536, 0.8538535646775781, 1.0]
