training_data_sizes: [0.1, 0.2, 0.3, 0.4, 0.5, 0.6, 0.7, 0.8]
times: [182.53, 334.12, 465.61, 583.09, 796.16, 1105.64, 913.25, 1068.13]
scores: [0.9986311155101346, 0.999265899561847, 0.999067709472107, 0.9989912556053739, 0.9989070048750892, 0.9993382333948156, 0.9993787733772328, 0.9993618361591057]
