training_data_sizes: [0.1, 0.2, 0.3, 0.4, 0.5]
times: [246.24, 486.67, 722.86, 969.08, 1202.37]
scores: [0.9345839617070446, 0.8454670166352122, 0.8331901420508042, 0.8781498345229679, 0.9947622598474561]
