training_data_sizes: [0.1, 0.2, 0.3, 0.4, 0.5, 0.6, 0.7]
times: [179.02, 346.46, 524.1, 692.63, 866.1, 1034.94, 1201.52]
scores: [0.9613333896414175, 0.9765911686253224, 0.9822022292341762, 1.0, 0.9460343453659789, 1.0, 1.0]
