training_data_sizes: [0.1, 0.2]
times: [3.0, 14.0]
scores: [0.7688516879391876, 0.9244809446076859]
