training_data_sizes: [0.1, 0.2]
times: [553.32, 1103.14]
scores: [0.8221024397977172, 0.841155339840995]
