training_data_sizes: [0.1, 0.2, 0.3, 0.4, 0.5, 0.6, 0.7, 0.8, 0.9, 1.0]
times: [2.13, 3.68, 4.94, 6.13, 7.82, 9.15, 10.87, 12.6, 14.83, 15.38]
scores: [0.698417504276257, 0.6840134335385015, 0.6943323067947769, 0.731830687077084, 0.7297450266576213, 0.7385932413138778, 0.7172598922732645, 0.7112917614149541, 0.7008293680748265, 0.6801342011479845]
