training_data_sizes: [0.1, 0.2, 0.3, 0.4, 0.5, 0.6, 0.7, 0.8, 0.9, 1.0]
times: [3.83, 5.47, 7.22, 8.46, 9.67, 9.77, 11.73, 12.23, 13.29, 14.56]
scores: [0.8735103290876982, 0.8349568483047025, 0.8275332820809143, 0.8144992198635292, 0.8074877038524078, 0.7900766641620245, 0.7779641078981272, 0.7630769807532571, 0.7582760748273545, 0.7494014345132418]
