training_data_sizes: [0.1, 0.2]
times: [603.92, 1208.26]
scores: [0.9600499424481759, 0.9397898669220648]
