training_data_sizes: [0.1, 0.2, 0.3, 0.4, 0.5, 0.6, 0.7]
times: [186.16, 380.65, 560.13, 746.89, 938.13, 1117.16, 1304.63]
scores: [0.8578297213525778, 0.9587430001090655, 0.9331191276409371, 0.7724823107158886, 0.9665043844968063, 0.9042857603321959, 0.8507857078084387]
