training_data_sizes: [0.1, 0.2, 0.3, 0.4]
times: [59.0, 116.0, 171.0, 236.0]
scores: [0.8975921669197588, 0.9831547595981124, 1.0, 1.0]
