training_data_sizes: [0.1, 0.2, 0.3, 0.4, 0.5, 0.6, 0.7]
times: [144.35, 291.36, 436.1, 579.84, 716.19, 864.14, 1009.22]
scores: [0.9904642010987232, 0.9497213266710656, 0.9039635447029084, 0.9745890054426707, 0.9657013571503441, 1.0, 1.0]
