training_data_sizes: [0.1, 0.2, 0.3, 0.4, 0.5, 0.6, 0.7]
times: [70.0, 155.0, 234.0, 313.0, 394.0, 476.0, 552.0]
scores: [1.0, 0.9501427613438047, 1.0, 0.9404925832572657, 1.0, 1.0, 1.0]
