training_data_sizes: [0.1, 0.2, 0.3, 0.4, 0.5, 0.6, 0.7, 0.8, 0.9, 1.0]
times: [3.98, 9.53, 15.72, 21.85, 28.91, 35.84, 43.26, 48.48, 55.98, 62.81]
scores: [1.0, 1.0, 1.0, 1.0, 0.9962922980652174, 0.9851250016827754, 0.9707615830361768, 0.9539527358375434, 0.9172766649118967, 0.893622337360854]
