training_data_sizes: [0.1, 0.2, 0.3, 0.4]
times: [50.0, 116.0, 170.0, 237.0]
scores: [0.9471719604969364, 0.898186234183658, 1.0, 1.0]
