training_data_sizes: [0.1, 0.2, 0.3, 0.4, 0.5]
times: [188.46, 365.34, 549.95, 723.82, 908.1]
scores: [0.8607356480139359, 0.9442003481419874, 0.9512984303282199, 0.9645627902926258, 0.9569242893505543]
