training_data_sizes: [0.1, 0.2, 0.3, 0.4, 0.5, 0.6, 0.7, 0.8, 0.9, 1.0]
times: [97.77, 185.92, 271.98, 366.27, 458.12, 542.11, 638.97, 723.89, 817.54, 908.85]
scores: [0.7215820956810166, 0.7867972782644215, 0.823557952898984, 0.866397475609841, 0.8850611637580597, 0.7130260716703943, 0.7036686166443086, 0.8149358954765641, 0.7238313929109872, 0.720122060008509]
