training_data_sizes: [0.1, 0.2, 0.3, 0.4, 0.5, 0.6, 0.7, 0.8, 0.9, 1.0]
times: [44.0, 98.0, 145.0, 194.0, 245.0, 296.0, 344.0, 399.0, 447.0, 494.0]
scores: [0.42163431335790363, 0.48684283162365016, 0.6012510935312514, 0.6420818818428927, 0.5251025236820328, 0.6019985888752658, 0.6949700150692553, 0.728202465255167, 0.9287048417993271, 0.9024965030801322]
