training_data_sizes: [0.1, 0.2, 0.3, 0.4, 0.5]
times: [261.3, 525.58, 781.17, 1040.71, 1304.84]
scores: [0.8832613767470163, 0.9260717065323634, 0.9547686890359754, 0.7872838069200769, 0.8588138524214612]
