training_data_sizes: [0.1, 0.2, 0.3, 0.4, 0.5, 0.6, 0.7, 0.8]
times: [79.19, 156.36, 233.86, 300.2, 377.78, 450.26, 532.02, 608.63]
scores: [0.7985783063043024, 0.6406492220517571, 0.754729741774333, 0.657631997341564, 0.7285185773442808, 0.6696674202877893, 0.5425864910366538, 0.6465124121634048]
