training_data_sizes: [0.1, 0.2, 0.3, 0.4, 0.5, 0.6, 0.7, 0.8, 0.9, 1.0]
times: [103.37, 201.81, 307.39, 408.97, 504.75, 600.51, 706.94, 802.36, 907.55, 1000.53]
scores: [0.739784325565894, 0.7922143525304282, 0.9315863621189302, 0.8680549640593849, 0.9281514593344038, 0.9042938271256712, 0.941768816249264, 0.8963227987311679, 1.0, 1.0]
