training_data_sizes: [0.1, 0.2, 0.3, 0.4, 0.5, 0.6, 0.7, 0.8, 0.9, 1.0]
times: [1.87, 2.64, 54.58, 75.25, 91.56, 116.12, 137.83, 165.69, 183.67, 207.08]
scores: [0.9729080369928885, 0.984339282302789, 0.988438939784588, 0.9908959635425209, 0.9923282053787613, 0.9935442955497925, 0.99434647175049, 0.9949547710734571, 0.9954679611932256, 0.995857428777556]
