training_data_sizes: [0.1, 0.2]
times: [309.02, 603.05]
scores: [0.8793453407829636, 0.9051371095526617]
