training_data_sizes: [0.1, 0.2, 0.3, 0.4, 0.5, 0.6, 0.7, 0.8, 0.9, 1.0]
times: [110.0, 236.0, 350.0, 478.0, 594.0, 714.0, 833.0, 953.0, 1070.0, 1196.0]
scores: [0.9111528472693813, 0.777951059646742, 0.9403005194662004, 0.9116146310007254, 1.0, 0.9203849990561487, 0.96911505278845, 0.971600410491392, 0.9860332295337285, 1.0]
