training_data_sizes: [0.1, 0.2, 0.3, 0.4, 0.5, 0.6, 0.7, 0.8, 0.9, 1.0]
times: [100.44, 202.67, 303.22, 402.01, 508.05, 603.79, 704.74, 802.42, 901.65, 1001.82]
scores: [0.6738445035108848, 0.7949041430241133, 0.8769607468816737, 0.9071799907011091, 0.8977142042155452, 0.975643935449743, 0.9892886304537349, 0.9528382973259117, 1.0, 1.0]
