training_data_sizes: [0.1, 0.2, 0.3, 0.4, 0.5, 0.6]
times: [123.57, 240.1, 352.54, 475.46, 592.85, 705.35]
scores: [0.5912790208870476, 0.8007147965764352, 0.7116627776320894, 0.8144007963286671, 0.9134208538434646, 0.8338058870434694]
