training_data_sizes: [0.1, 0.2, 0.3, 0.4, 0.5, 0.6, 0.7]
times: [28.0, 51.0, 83.0, 116.0, 140.0, 174.0, 200.0]
scores: [0.7364389423938297, 0.6011046471820599, 0.6640935668685646, 0.719035037268155, 0.9124895842198586, 0.9313929495768896, 0.944734284823222]
