training_data_sizes: [0.1, 0.2, 0.3, 0.4, 0.5, 0.6, 0.7, 0.8, 0.9]
times: [128.74, 254.2, 368.68, 493.15, 614.1, 743.17, 858.84, 985.95, 1102.9]
scores: [0.8601969757621404, 0.8158006931588522, 0.9069843966100039, 0.882802768882115, 0.9082882460016646, 0.9506697369739789, 0.8365159879427829, 0.8866441725699317, 1.0]
