training_data_sizes: [0.1, 0.2, 0.3, 0.4, 0.5, 0.6, 0.7, 0.8, 0.9, 1.0]
times: [86.61, 175.32, 253.94, 325.72, 416.74, 462.28, 492.19, 615.79, 629.29, 675.19]
scores: [0.9925182918788366, 0.9766523963055671, 0.9428387963661056, 0.8955763892103955, 0.8835410817981261, 0.8427063250247735, 0.8062145791718172, 0.7972145492122951, 0.7643455949314163, 0.7405325521954055]
