training_data_sizes: [0.1, 0.2, 0.3, 0.4, 0.5, 0.6, 0.7, 0.8]
times: [100.0, 215.0, 323.0, 434.0, 547.0, 658.0, 765.0, 873.0]
scores: [0.881092294293679, 0.9677329259416918, 0.8519869102194941, 1.0, 1.0, 1.0, 1.0, 1.0]
