training_data_sizes: [0.1, 0.2, 0.3, 0.4, 0.5, 0.6, 0.7, 0.8]
times: [144.06, 276.12, 417.91, 554.91, 695.68, 832.57, 968.64, 1105.14]
scores: [0.7411706780808026, 0.7260422610742119, 0.7097090646860089, 0.5975171771676939, 0.6588342154088899, 0.6488329461150704, 0.5964951095198623, 0.5737194993900426]
