training_data_sizes: [0.1, 0.2, 0.3, 0.4, 0.5, 0.6]
times: [122.52, 242.05, 350.6, 469.34, 592.6, 701.81]
scores: [0.7756550373551704, 0.6668202417323204, 0.6854659256071778, 0.8901399465014594, 0.8013730325106896, 0.8025587049236644]
