training_data_sizes: [0.1, 0.2, 0.3, 0.4, 0.5, 0.6, 0.7, 0.8, 0.9, 1.0]
times: [2.41, 6.28, 12.23, 20.42, 30.65, 42.88, 56.7, 71.92, 90.33, 110.1]
scores: [0.5982415916035472, 0.6000449362226866, 0.5935888131503358, 0.6154993661179488, 0.608272749101508, 0.6202190798307828, 0.6215113243249181, 0.6188118617658388, 0.6139934929004474, 0.6117121641970429]
