training_data_sizes: [0.1, 0.2, 0.3, 0.4, 0.5, 0.6, 0.7, 0.8, 0.9, 1.0]
times: [24.0, 59.0, 85.0, 118.0, 142.0, 172.0, 209.0, 236.0, 261.0, 299.0]
scores: [0.8764335550323135, 0.9811980694939568, 0.8970045699819243, 1.0, 1.0, 1.0, 1.0, 1.0, 1.0, 1.0]
