training_data_sizes: [0.1, 0.2, 0.3, 0.4, 0.5, 0.6, 0.7, 0.8, 0.9, 1.0]
times: [8.5, 15.49, 22.4, 29.4, 37.76, 46.63, 55.11, 69.22, 75.24, 81.95]
scores: [0.21293050151217896, 0.19394952522715536, 0.1917901258416692, 0.18939382641925717, 0.18345241981191274, 0.18057748212669145, 0.17987742476413004, 0.17671050837832236, 0.17486524642508983, 0.17606149643603586]
