training_data_sizes: [0.1, 0.2, 0.3, 0.4, 0.5, 0.6, 0.7]
times: [115.0, 230.0, 354.0, 479.0, 598.0, 711.0, 836.0]
scores: [0.9357115599642163, 1.0, 0.9951613024843697, 1.0, 0.9559118752118381, 0.9793320872259108, 1.0]
