training_data_sizes: [0.1, 0.2, 0.3]
times: [471.46, 941.23, 1409.34]
scores: [0.667646176798915, 0.6798372666912946, 0.7442419741444202]
