training_data_sizes: [0.1, 0.2, 0.3, 0.4, 0.5, 0.6]
times: [117.91, 240.11, 358.01, 468.06, 592.06, 708.81]
scores: [0.8385193309182783, 0.7476388574698597, 0.7419176194867746, 0.8989593124016342, 0.7815704200954716, 0.8362361611887646]
