training_data_sizes: [0.1, 0.2, 0.3, 0.4, 0.5]
times: [126.0, 257.0, 388.0, 512.0, 649.0]
scores: [0.8967721755656723, 0.9224591582074773, 0.9629696102145038, 0.970478967343037, 0.9065691889309782]
