training_data_sizes: [0.1, 0.2, 0.3, 0.4, 0.5, 0.6, 0.7, 0.8]
times: [142.33, 276.76, 413.51, 555.59, 691.81, 830.11, 972.41, 1103.07]
scores: [0.8126963195463706, 0.9023151115033665, 0.8289826842926652, 1.0, 0.9080804395778495, 1.0, 1.0, 1.0]
