training_data_sizes: [0.1, 0.2]
times: [73.0, 150.0]
scores: [0.8536053345698189, 0.9995147886529236]
