training_data_sizes: [0.1, 0.2, 0.3, 0.4, 0.5, 0.6]
times: [95.0, 190.0, 298.0, 396.0, 499.0, 590.0]
scores: [0.900908011920309, 0.978456634753311, 0.9664055870771401, 0.84312007429817, 0.9125307753628176, 0.9631732984459909]
