training_data_sizes: [0.1, 0.2, 0.3, 0.4, 0.5, 0.6]
times: [49.0, 91.0, 141.0, 198.0, 248.0, 290.0]
scores: [0.7937088127837273, 0.7919350207867444, 0.7486281300694898, 0.8260130611818822, 0.7945033474318159, 0.8231462809138148]
