training_data_sizes: [0.1, 0.2, 0.3, 0.4, 0.5, 0.6, 0.7]
times: [92.95, 177.98, 262.2, 347.1, 435.17, 522.58, 606.13]
scores: [0.5252060426699225, 0.5091758313134055, 0.5559836881835714, 0.4831454917866277, 0.6527228577152397, 0.5444898028117184, 0.6431851140558538]
