training_data_sizes: [0.1, 0.2, 0.3, 0.4, 0.5, 0.6, 0.7, 0.8, 0.9, 1.0]
times: [102.93, 192.97, 282.34, 361.75, 454.82, 542.68, 642.44, 712.55, 782.71, 884.66]
scores: [0.5513031382588245, 0.6097482131728353, 0.6464899886831854, 0.6689112566516424, 0.6868892174180794, 0.698837506764491, 0.7089945841918293, 0.7143831513253771, 0.7204634216759205, 0.7255966794287727]
