training_data_sizes: [0.1, 0.2, 0.3, 0.4, 0.5]
times: [186.94, 367.74, 544.62, 722.64, 908.23]
scores: [0.7897526776809252, 0.8783162236595925, 0.9057704937703179, 0.8009589249901741, 0.8842186140627626]
