training_data_sizes: [0.1, 0.2, 0.3, 0.4, 0.5]
times: [78.0, 156.0, 236.0, 312.0, 391.0]
scores: [0.9284289107647925, 0.8923150739816987, 0.8226031978412143, 0.9370103916409332, 0.9330450070324523]
