training_data_sizes: [0.1, 0.2, 0.3, 0.4, 0.5, 0.6, 0.7]
times: [95.45, 172.22, 258.5, 344.84, 431.09, 521.35, 600.92]
scores: [0.9219757356336669, 0.8510334124128227, 0.8851307090519205, 0.8959740222002599, 1.0, 1.0, 0.9180695859355692]
