training_data_sizes: [0.1, 0.2, 0.3, 0.4, 0.5, 0.6, 0.7]
times: [88.69, 174.23, 262.54, 352.0, 430.99, 514.58, 603.36]
scores: [0.9222860610906709, 0.9110674176014264, 0.9974930940124653, 1.0, 1.0, 0.9249080590116181, 0.9638553060015723]
