training_data_sizes: [0.1, 0.2, 0.3, 0.4, 0.5, 0.6, 0.7, 0.8]
times: [30.0, 78.0, 114.0, 156.0, 199.0, 230.0, 278.0, 312.0]
scores: [0.6239033463523933, 0.6044736409966578, 0.8092464955740857, 0.808877751728802, 0.8232451954821343, 0.8859634078930183, 1.0, 1.0]
