training_data_sizes: [0.1, 0.2, 0.3, 0.4, 0.5, 0.6, 0.7, 0.8, 0.9]
times: [24.0, 54.0, 81.0, 112.0, 147.0, 177.0, 202.0, 237.0, 266.0]
scores: [0.7630351599088028, 0.7929717762092082, 0.6577485854417147, 0.7944307342028365, 0.6796473449607487, 0.5838406599385186, 0.6089079215183204, 0.7013560854559198, 0.5551236018232591]
