training_data_sizes: [0.1, 0.2, 0.3, 0.4, 0.5, 0.6, 0.7, 0.8, 0.9, 1.0]
times: [1.21, 2.37, 3.63, 4.91, 6.45, 8.06, 9.54, 10.82, 12.04, 13.61]
scores: [0.1934912448502392, 0.20927844772794338, 0.22305492078382372, 0.22615881586629216, 0.2324200995188256, 0.23961223372726628, 0.2388420679288572, 0.24247926034004216, 0.2422525864962656, 0.24485423858761987]
