training_data_sizes: [0.1, 0.2, 0.3, 0.4, 0.5]
times: [133.0, 278.0, 413.0, 559.0, 697.0]
scores: [0.8310217004411449, 0.824483196587269, 0.8442950205115971, 0.7406353717318241, 0.6990372825887866]
