training_data_sizes: [0.1, 0.2, 0.3, 0.4, 0.5, 0.6, 0.7, 0.8, 0.9, 1.0]
times: [26.0, 55.0, 81.0, 110.0, 149.0, 177.0, 203.0, 236.0, 261.0, 297.0]
scores: [0.8518556504578689, 0.9340091058192359, 0.8145998910705463, 0.9541766911334488, 0.8533429539187737, 0.8960064864087365, 0.968541980660948, 1.0, 0.9414160918671561, 0.9397320704907842]
