training_data_sizes: [0.1, 0.2, 0.3, 0.4, 0.5, 0.6]
times: [222.48, 433.95, 657.04, 870.83, 1086.93, 1302.93]
scores: [0.9574068018560449, 1.0, 1.0, 0.9529811720492689, 1.0, 1.0]
