training_data_sizes: [0.1, 0.2, 0.3, 0.4, 0.5, 0.6, 0.7, 0.8, 0.9]
times: [104.0, 216.0, 325.0, 438.0, 541.0, 658.0, 763.0, 874.0, 983.0]
scores: [0.8951117675786353, 0.9184941798595067, 0.8627255629088222, 0.9509547933185951, 0.8769247596304774, 0.9530350075243759, 0.8956043665155218, 1.0, 0.9641031928482051]
