training_data_sizes: [0.1, 0.2, 0.3, 0.4, 0.5, 0.6, 0.7, 0.8, 0.9]
times: [75.0, 154.0, 237.0, 312.0, 395.0, 479.0, 553.0, 632.0, 715.0]
scores: [0.7091208786390277, 0.7454313181347002, 0.6987305339204395, 0.7749399071279205, 0.683416754320242, 0.7401508876956171, 0.7202259638948969, 0.8760884571923333, 0.7183985009926278]
