training_data_sizes: [0.1, 0.2, 0.3, 0.4, 0.5, 0.6, 0.7, 0.8]
times: [95.44, 177.29, 262.66, 357.04, 445.31, 534.27, 618.14, 709.51]
scores: [0.8169324260743993, 0.8642341348482198, 0.8192413170490882, 0.8258070462889113, 0.786899430396343, 0.9311075193325391, 0.8375691927260753, 0.962522849061769]
