training_data_sizes: [0.1, 0.2, 0.3, 0.4, 0.5, 0.6, 0.7, 0.8, 0.9, 1.0]
times: [0.38, 0.63, 0.89, 1.16, 1.32, 1.65, 1.86, 2.15, 2.38, 2.7]
scores: [0.9985863628753389, 0.9990092165822114, 0.9939450868063587, 0.9946114034770345, 0.9874409129943765, 0.9875345921952419, 0.9778873565181312, 0.9792832144095094, 0.9713664734743217, 0.973199757466424]
