training_data_sizes: [0.1, 0.2, 0.3, 0.4, 0.5]
times: [63.0, 135.0, 201.0, 272.0, 344.0]
scores: [1.0, 0.9294030317438218, 0.8967126224073307, 0.993738439574084, 1.0]
