training_data_sizes: [0.1, 0.2, 0.3, 0.4, 0.5, 0.6, 0.7, 0.8, 0.9, 1.0]
times: [28.0, 57.0, 83.0, 116.0, 141.0, 172.0, 203.0, 238.0, 260.0, 294.0]
scores: [0.8060365667415044, 0.8931777103367003, 0.8578835270116193, 1.0, 0.9820606420062381, 1.0, 1.0, 1.0, 1.0, 1.0]
