training_data_sizes: [0.1, 0.2, 0.3, 0.4, 0.5, 0.6, 0.7, 0.8]
times: [3.0, 19.0, 28.0, 34.0, 46.0, 50.0, 64.0, 77.0]
scores: [0.9176278723175806, 0.938503619919864, 1.0, 1.0, 0.979430748827683, 1.0, 1.0, 1.0]
