training_data_sizes: [0.1, 0.2, 0.3, 0.4, 0.5, 0.6, 0.7, 0.8, 0.9]
times: [0.0, 10.0, 29.0, 35.0, 43.0, 53.0, 61.0, 74.0, 80.0]
scores: [0.8819226026939697, 0.8857248486609359, 0.8299745664896924, 0.9867261011759205, 0.9972679786898243, 1.0, 1.0, 1.0, 1.0]
