training_data_sizes: [0.1, 0.2, 0.3, 0.4, 0.5, 0.6, 0.7, 0.8]
times: [15.0, 33.0, 59.0, 73.0, 90.0, 115.0, 139.0, 154.0]
scores: [0.6830912639216429, 0.7824818935995841, 0.7752035706497591, 0.6993180906222434, 0.7774240910312261, 0.6828823649361466, 0.671384777957738, 0.5783239744468743]
