training_data_sizes: [0.1, 0.2, 0.3]
times: [48.0, 97.0, 144.0]
scores: [0.8928973630228821, 0.8418907317822424, 0.8854553159310068]
