training_data_sizes: [0.1, 0.2, 0.3, 0.4, 0.5]
times: [268.3, 522.67, 782.33, 1043.1, 1301.63]
scores: [0.8469648293669076, 0.8125270653083323, 0.8738385176871013, 0.9102187257130807, 0.989582512270081]
