training_data_sizes: [0.1, 0.2, 0.3, 0.4, 0.5, 0.6, 0.7, 0.8]
times: [163.7, 333.43, 487.86, 650.18, 816.69, 983.29, 1144.78, 1302.72]
scores: [0.9137027909434396, 0.8396682490084779, 0.9773692475909076, 0.9064132678917057, 1.0, 0.969613350029144, 0.9890907175909454, 1.0]
