training_data_sizes: [0.1, 0.2, 0.3, 0.4, 0.5, 0.6, 0.7]
times: [12.0, 39.0, 56.0, 73.0, 93.0, 119.0, 134.0]
scores: [0.8036154606281488, 0.788833064028687, 0.9339676014079275, 0.863859595134395, 1.0, 0.9936087905648454, 1.0]
