training_data_sizes: [0.1, 0.2, 0.3, 0.4, 0.5]
times: [53.0, 119.0, 177.0, 230.0, 290.0]
scores: [0.9628464350745443, 0.922493566682351, 0.867688352442219, 0.8059035346357531, 0.8771829629495429]
