training_data_sizes: [0.1, 0.2, 0.3, 0.4, 0.5, 0.6]
times: [152.45, 306.59, 454.24, 605.96, 754.23, 902.75]
scores: [0.6910977883181552, 0.5631625689889119, 0.6693413451478629, 0.7893644452180051, 0.7953910275769317, 0.8683967934945125]
