training_data_sizes: [0.1, 0.2, 0.3, 0.4, 0.5, 0.6, 0.7, 0.8]
times: [146.25, 279.11, 416.47, 552.74, 690.25, 827.07, 970.36, 1107.09]
scores: [0.4831821814149649, 0.5287230393308177, 0.6899160909749659, 0.7527083756243164, 0.7592437165490179, 0.8697706596186516, 0.9285271208165202, 0.89635643567823]
