training_data_sizes: [0.1, 0.2, 0.3, 0.4, 0.5, 0.6, 0.7, 0.8, 0.9]
times: [29.0, 59.0, 81.0, 119.0, 148.0, 173.0, 206.0, 234.0, 269.0]
scores: [0.8909212963919322, 0.8192232281521434, 0.88810833871858, 0.9720472155632404, 0.9303509926665918, 0.9024941694321568, 0.8542033400821807, 0.8716051259149971, 0.9836933239777866]
