training_data_sizes: [0.1, 0.2, 0.3, 0.4, 0.5, 0.6, 0.7]
times: [151.39, 286.42, 433.0, 580.93, 715.0, 864.93, 1000.3]
scores: [0.8750836116242068, 0.9909563439923221, 0.9204021426642803, 0.9610067289034527, 1.0, 0.8743381712993119, 0.976424484569995]
