training_data_sizes: [0.1, 0.2, 0.3, 0.4, 0.5, 0.6, 0.7, 0.8]
times: [117.0, 233.0, 350.0, 475.0, 596.0, 716.0, 833.0, 955.0]
scores: [0.7850454461320241, 0.8234441656646546, 0.937618253387242, 0.9329800266302386, 0.7764702287916673, 0.8933575563779206, 0.9099555046659102, 0.8948341972749378]
