training_data_sizes: [0.1, 0.2, 0.3, 0.4, 0.5, 0.6, 0.7, 0.8, 0.9]
times: [33.0, 77.0, 114.0, 152.0, 194.0, 235.0, 273.0, 313.0, 352.0]
scores: [0.9628150602345016, 0.9819458021314977, 0.9774983212892396, 0.864984607022261, 1.0, 0.9637213677525407, 0.8730394318183892, 0.976689323166235, 1.0]
