training_data_sizes: [0.1, 0.2, 0.3, 0.4, 0.5, 0.6, 0.7, 0.8, 0.9, 1.0]
times: [1.67, 3.22, 6.19, 11.08, 13.13, 14.93, 19.4, 20.62, 21.45, 26.06]
scores: [1.0, 1.0, 1.0, 1.0, 0.998438558939829, 0.9824596159707406, 0.9459842325695984, 0.9605344166798799, 0.9350076703708456, 0.9164715066354412]
