training_data_sizes: [0.1, 0.2, 0.3, 0.4, 0.5]
times: [10.0, 33.0, 55.0, 79.0, 98.0]
scores: [0.7531798305146671, 0.9170823825430748, 0.8259102590654015, 0.8692153999780288, 0.9058524949630833]
