training_data_sizes: [0.1, 0.2, 0.3, 0.4, 0.5, 0.6, 0.7]
times: [94.92, 172.94, 261.07, 352.63, 431.38, 522.13, 603.99]
scores: [0.645122444858335, 0.6793175550585755, 0.705211712437334, 0.6091859864535658, 0.6815483748972391, 0.6019162393031191, 0.6188997516701826]
