training_data_sizes: [0.1, 0.2, 0.3, 0.4, 0.5, 0.6]
times: [99.0, 199.0, 293.0, 399.0, 499.0, 597.0]
scores: [0.48372142467729873, 0.5684640920962216, 0.7055384448093929, 0.6915329700935124, 0.6053710982620714, 0.7002517439797865]
