training_data_sizes: [0.1, 0.2, 0.3, 0.4, 0.5, 0.6, 0.7]
times: [21.0, 54.0, 85.0, 114.0, 146.0, 170.0, 202.0]
scores: [0.8352015935431045, 0.7798441204662617, 0.8937301300344282, 0.939093260843567, 1.0, 1.0, 1.0]
