training_data_sizes: [0.1, 0.2, 0.3, 0.4]
times: [28.0, 51.0, 87.0, 114.0]
scores: [0.9820313874003728, 0.8284975957462795, 1.0, 0.9108516712224665]
