training_data_sizes: [0.1, 0.2, 0.3, 0.4, 0.5, 0.6]
times: [42.0, 90.0, 147.0, 198.0, 249.0, 298.0]
scores: [0.47550555084418444, 0.5713627324636441, 0.6845626394756803, 0.7337163515067179, 0.6254385670456617, 0.7500020672474738]
