training_data_sizes: [0.1, 0.2, 0.3, 0.4, 0.5]
times: [203.47, 405.9, 606.78, 801.7, 1006.83]
scores: [0.9330076414909689, 0.9021390900683302, 1.0, 0.9795242055588634, 1.0]
