training_data_sizes: [0.1, 0.2]
times: [120.0, 251.0]
scores: [0.8071811903372172, 0.8516974437003086]
