training_data_sizes: [0.1, 0.2, 0.3, 0.4, 0.5, 0.6, 0.7, 0.8, 0.9]
times: [138.75, 269.16, 404.42, 542.99, 667.64, 808.48, 934.07, 1074.29, 1206.85]
scores: [0.9840959398657003, 1.0, 0.896429965814658, 1.0, 1.0, 1.0, 1.0, 1.0, 1.0]
