training_data_sizes: [0.1, 0.2, 0.3]
times: [50.0, 115.0, 179.0]
scores: [0.9107664760530482, 0.7376443293848485, 0.8861966592233782]
