training_data_sizes: [0.1, 0.2, 0.3, 0.4]
times: [110.0, 238.0, 357.0, 479.0]
scores: [1.0, 0.8932138895962334, 0.8683170658388641, 0.8911871696433842]
