training_data_sizes: [0.1, 0.2, 0.3, 0.4, 0.5]
times: [46.0, 99.0, 145.0, 193.0, 249.0]
scores: [0.6436316716097266, 0.5525507137318201, 0.6527998500381496, 0.6914223985107304, 0.5325423801463728]
