training_data_sizes: [0.1, 0.2, 0.3, 0.4, 0.5, 0.6, 0.7]
times: [73.0, 152.0, 233.0, 310.0, 391.0, 475.0, 557.0]
scores: [0.8474169875751485, 0.9125907631841979, 0.9241282788791352, 0.8678132209624181, 0.9266836843798313, 0.9296050307848382, 0.9068352887256051]
