training_data_sizes: [0.1, 0.2, 0.3, 0.4, 0.5, 0.6, 0.7]
times: [173.33, 351.58, 518.65, 686.29, 859.7, 1030.27, 1200.59]
scores: [0.828079623004695, 0.9769242079260624, 1.0, 0.9169752773156773, 0.9945085761638311, 1.0, 1.0]
