training_data_sizes: [0.1, 0.2, 0.3, 0.4, 0.5, 0.6, 0.7, 0.8, 0.9]
times: [84.66, 161.1, 234.41, 314.34, 394.18, 474.54, 546.78, 623.79, 704.59]
scores: [0.7176015934132224, 0.8601923556579953, 0.9436502009775167, 0.8776310613765186, 1.0, 0.9969062566885234, 0.9160121914532389, 1.0, 0.9564084246121325]
