training_data_sizes: [0.1, 0.2, 0.3, 0.4, 0.5]
times: [64.0, 139.0, 205.0, 276.0, 346.0]
scores: [0.679171081232538, 0.7751212696202658, 0.8437548462641431, 0.9102673317553549, 0.9438584283884788]
