training_data_sizes: [0.1, 0.2]
times: [351.89, 706.72]
scores: [0.7806509743825388, 0.8624261406383136]
