training_data_sizes: [0.1, 0.2, 0.3]
times: [116.0, 239.0, 350.0]
scores: [0.9181685897063352, 0.960123450885113, 1.0]
