training_data_sizes: [0.1, 0.2, 0.3, 0.4]
times: [205.37, 402.85, 605.01, 805.04]
scores: [0.9074495350007865, 0.7692620952793748, 0.9699095055589568, 0.9442714014285072]
