training_data_sizes: [0.1, 0.2, 0.3, 0.4, 0.5, 0.6]
times: [171.85, 340.95, 503.62, 676.03, 834.51, 1001.09]
scores: [0.9208863912588021, 0.9578779280937093, 0.972215590948974, 1.0, 0.9267549193450656, 1.0]
