training_data_sizes: [0.1, 0.2, 0.3, 0.4]
times: [258.03, 506.23, 755.43, 1035.15]
scores: [0.7316535852702237, 0.5181903062598299, 0.4448986319806506, 0.4091281560715032]
