training_data_sizes: [0.1, 0.2, 0.3, 0.4, 0.5, 0.6]
times: [54.0, 112.0, 172.0, 234.0, 294.0, 355.0]
scores: [0.8770167535082352, 0.9919414043770733, 0.9391490957551996, 1.0, 1.0, 1.0]
