training_data_sizes: [0.1, 0.2]
times: [554.59, 1104.36]
scores: [0.6317899817763238, 0.562594932816343]
