training_data_sizes: [0.1, 0.2]
times: [351.88, 701.56]
scores: [0.9029338141765086, 0.8956855821998593]
