training_data_sizes: [0.1, 0.2, 0.3, 0.4, 0.5, 0.6, 0.7]
times: [105.0, 212.0, 329.0, 439.0, 544.0, 651.0, 762.0]
scores: [0.716272321213272, 0.8219123249922178, 0.8030433481722346, 0.9468690946185614, 0.8838327496914083, 0.9308223007854532, 0.9045647376834451]
