training_data_sizes: [0.1, 0.2, 0.3, 0.4, 0.5, 0.6, 0.7, 0.8]
times: [103.0, 215.0, 326.0, 439.0, 548.0, 650.0, 765.0, 871.0]
scores: [0.8086047219095155, 0.7701256230606178, 0.7762248035587377, 0.9221165233324395, 0.8390763103577276, 0.90722646149044, 0.9631243533497813, 0.9963975828793203]
