training_data_sizes: [0.1, 0.2, 0.3, 0.4, 0.5, 0.6, 0.7, 0.8, 0.9, 1.0]
times: [84.0, 173.0, 268.0, 353.0, 447.0, 532.0, 628.0, 713.0, 805.0, 898.0]
scores: [0.5836512722075354, 0.6455300367845495, 0.601097179965307, 0.7436142761746835, 0.8564467431033613, 0.8646837876049526, 1.0, 1.0, 1.0, 1.0]
