training_data_sizes: [0.1, 0.2, 0.3, 0.4, 0.5, 0.6, 0.7, 0.8, 0.9, 1.0]
times: [0.39, 0.52, 0.64, 0.77, 0.89, 1.04, 1.17, 1.31, 1.44, 1.57]
scores: [0.9430056927805321, 0.8948399297982077, 0.8597264875555729, 0.8403871343771956, 0.8321456288250432, 0.8237929127328205, 0.8056808471971049, 0.8014051448098746, 0.7941050421841329, 0.7902451493133065]
