training_data_sizes: [0.1, 0.2, 0.3, 0.4, 0.5, 0.6, 0.7]
times: [88.0, 178.0, 265.0, 358.0, 442.0, 531.0, 628.0]
scores: [0.8251535619229674, 0.783254740100516, 0.9012060519290637, 0.866923381471228, 0.9058168217668434, 0.9608823328935009, 0.977454081226578]
