training_data_sizes: [0.1, 0.2, 0.3, 0.4]
times: [52.0, 110.0, 175.0, 235.0]
scores: [0.9678084104701354, 0.9904162400404005, 0.9299082164043975, 0.9536309183944571]
