training_data_sizes: [0.1, 0.2, 0.3, 0.4, 0.5]
times: [125.59, 240.3, 369.91, 485.66, 609.15]
scores: [0.883261199446374, 0.9250426454667948, 0.8834477145994943, 0.9150742238811798, 0.943728841526466]
