training_data_sizes: [0.1, 0.2, 0.3, 0.4, 0.5, 0.6, 0.7, 0.8, 0.9, 1.0]
times: [121.51, 235.55, 351.44, 454.83, 579.67, 681.89, 799.72, 908.13, 1040.05, 1161.27]
scores: [0.5293813560012871, 0.41001439488324, 0.3765549463814246, 0.355664911487522, 0.34931384195328585, 0.34191515035228326, 0.336283123783083, 0.33088570948642027, 0.3309705295638167, 0.32860923700346634]
