training_data_sizes: [0.1, 0.2, 0.3, 0.4, 0.5, 0.6]
times: [118.0, 238.0, 355.0, 479.0, 599.0, 712.0]
scores: [0.6248021266938277, 0.6991797419008974, 0.8446841019260141, 0.7597377743042523, 0.8695156085824707, 0.8629237447619418]
