training_data_sizes: [0.1, 0.2, 0.3, 0.4, 0.5, 0.6, 0.7, 0.8, 0.9, 1.0]
times: [32.84, 60.02, 88.26, 116.85, 144.06, 176.2, 205.35, 239.96, 271.39, 302.28]
scores: [-1.663789997608812e-12, -1.8372049526896945e-11, -8.741582051144305e-12, -1.1060604437352006e-11, -7.888231814195586e-12, -5.619930842267564e-12, -2.7452160616727483e-12, -3.0108985017952735e-12, -4.362134941205698e-12, -2.5703847107175975e-12]
