training_data_sizes: [0.1, 0.2]
times: [85.0, 179.0]
scores: [0.7624791067852603, 0.7480983779834072]
