training_data_sizes: [0.1, 0.2, 0.3, 0.4]
times: [353.86, 708.04, 1059.21, 1405.82]
scores: [0.5585629875448336, 0.5890472697832911, 0.756493213834414, 0.6297509390463322]
