training_data_sizes: [0.1, 0.2]
times: [303.21, 608.74]
scores: [0.8514952789407275, 0.8827436672020508]
