training_data_sizes: [0.1, 0.2, 0.3, 0.4, 0.5, 0.6, 0.7, 0.8, 0.9, 1.0]
times: [1.3, 2.72, 4.35, 6.0, 7.85, 9.51, 9.48, 11.97, 12.98, 13.49]
scores: [0.4631627367465279, 0.5392041799583823, 0.6692933242384099, 0.7298101785005875, 0.7463231179829073, 0.7553994598444912, 0.7534172158536073, 0.7565052485879645, 0.7578777491388435, 0.7571099236222602]
