training_data_sizes: [0.1, 0.2, 0.3]
times: [470.83, 936.36, 1405.5]
scores: [0.8594875944722888, 0.8579229569324865, 0.8635410677842322]
