training_data_sizes: [0.1, 0.2, 0.3, 0.4, 0.5]
times: [17.0, 35.0, 52.0, 79.0, 99.0]
scores: [0.8352463987855997, 0.6350374099373407, 0.6266256003221975, 0.7936783549529585, 0.752821510413008]
