training_data_sizes: [0.1, 0.2, 0.3, 0.4, 0.5, 0.6]
times: [126.55, 239.13, 350.51, 469.77, 590.72, 707.64]
scores: [0.655205759479533, 0.6659960996504054, 0.7416852580843305, 0.7414794131053989, 0.7190431033502647, 0.9345634590639426]
