training_data_sizes: [0.1, 0.2, 0.3, 0.4, 0.5, 0.6, 0.7]
times: [71.0, 151.0, 230.0, 315.0, 390.0, 479.0, 559.0]
scores: [0.914259672254293, 0.8334757878601896, 0.9532276652191434, 0.9567126657120189, 1.0, 1.0, 1.0]
