training_data_sizes: [0.1, 0.2, 0.3, 0.4, 0.5, 0.6, 0.7, 0.8, 0.9]
times: [42.0, 90.0, 143.0, 190.0, 240.0, 293.0, 348.0, 392.0, 441.0]
scores: [0.5629726260212309, 0.4760112182252572, 0.48984128866282534, 0.6144630430914938, 0.6063247881427334, 0.5226772463118475, 0.4900542601339789, 0.6064033022098697, 0.6023237964371909]
