training_data_sizes: [0.1, 0.2, 0.3, 0.4, 0.5, 0.6, 0.7, 0.8]
times: [184.67, 357.67, 526.99, 705.42, 876.71, 1052.33, 1231.26, 1409.27]
scores: [0.6692422069338337, 0.8242205344074824, 0.8476030140543576, 0.7929717908169016, 0.9674166765940615, 1.0, 1.0, 1.0]
