training_data_sizes: [0.1, 0.2]
times: [48.0, 96.0]
scores: [0.9813354580803773, 0.9747482709689773]
