training_data_sizes: [0.1, 0.2, 0.3, 0.4, 0.5, 0.6, 0.7, 0.8, 0.9]
times: [93.62, 187.17, 267.6, 357.41, 451.81, 536.94, 628.7, 717.78, 803.21]
scores: [0.8793354360008356, 0.8133222153153501, 0.8433841616329318, 0.8611487462121277, 0.9080787526748452, 0.8948225747333114, 0.8038145418079308, 0.9083100754315179, 0.8981128428519418]
