training_data_sizes: [0.1, 0.2, 0.3, 0.4, 0.5, 0.6, 0.7, 0.8, 0.9, 1.0]
times: [1.04, 2.05, 3.64, 7.94, 4.85, 5.79, 7.55, 9.45, 11.54, 14.05]
scores: [0.702297967569343, 0.6904238115544227, 0.6889622026546771, 0.6926851783052981, 0.6933827120234167, 0.6998502281346651, 0.7078810527571606, 0.7043225981585323, 0.7102171222372214, 0.7051230331826699]
