training_data_sizes: [0.1, 0.2, 0.3]
times: [77.0, 158.0, 236.0]
scores: [0.7963071556388581, 0.8577760567190061, 0.9363482667882934]
