training_data_sizes: [0.1, 0.2, 0.3, 0.4, 0.5, 0.6, 0.7]
times: [116.26, 229.28, 352.67, 457.52, 577.66, 692.87, 809.46]
scores: [0.9414316676246371, 0.7689324152235768, 0.8692690124272797, 0.8794994843259295, 0.948796008790647, 0.8378574917794521, 0.9559435571805728]
