training_data_sizes: [0.1, 0.2, 0.3, 0.4, 0.5, 0.6, 0.7]
times: [105.0, 210.0, 320.0, 439.0, 541.0, 651.0, 769.0]
scores: [0.8498670040784282, 0.6947302261319519, 0.8404377408837068, 0.69025769084034, 0.6740708119890514, 0.6947269213257228, 0.7604856258612663]
