training_data_sizes: [0.1, 0.2, 0.3, 0.4, 0.5, 0.6, 0.7]
times: [46.0, 91.0, 148.0, 198.0, 249.0, 297.0, 346.0]
scores: [0.986101164892495, 0.9213820779877672, 0.9665649550067283, 1.0, 1.0, 1.0, 1.0]
