training_data_sizes: [0.1, 0.2, 0.3, 0.4, 0.5, 0.6]
times: [69.22, 141.05, 233.45, 324.04, 423.51, 509.25]
scores: [0.4324510438852942, 0.4243742035956645, 0.40895586839890635, 0.4173642025098367, 0.41393624621456976, 0.4092193558073217]
