training_data_sizes: [0.1, 0.2, 0.3, 0.4, 0.5, 0.6, 0.7]
times: [129.0, 253.0, 381.0, 516.0, 644.0, 774.0, 901.9999999999999]
scores: [0.6886611934124096, 0.6796562310970787, 0.7476158670465529, 0.892917653314864, 0.8372354145869622, 0.896895245405751, 1.0]
