training_data_sizes: [0.1, 0.2, 0.3, 0.4, 0.5, 0.6, 0.7, 0.8, 0.9, 1.0]
times: [100.34, 200.17, 302.59, 408.27, 504.64, 604.06, 706.09, 803.64, 901.26, 1008.27]
scores: [0.9424235178727222, 1.0, 0.9714643840181048, 1.0, 1.0, 1.0, 1.0, 1.0, 1.0, 1.0]
