training_data_sizes: [0.1, 0.2, 0.3, 0.4, 0.5]
times: [165.39, 322.81, 488.2, 645.77, 802.36]
scores: [0.7518082767504872, 0.7367114619694705, 0.7600398514877094, 0.9239678865118048, 0.9191624784261723]
