training_data_sizes: [0.1, 0.2, 0.3, 0.4]
times: [15.0, 36.0, 52.0, 79.0]
scores: [0.7717284970182546, 0.8660355544534807, 0.9283936776274129, 0.9956762236163594]
