training_data_sizes: [0.1, 0.2, 0.3, 0.4, 0.5, 0.6, 0.7]
times: [193.41, 378.42, 559.65, 744.89, 933.21, 1121.43, 1309.51]
scores: [0.7433377157804762, 0.7967440793125999, 0.8430144564655592, 0.8215313722977746, 0.7610556054383228, 0.8097693151722447, 0.6861265408683619]
