training_data_sizes: [0.1, 0.2]
times: [44.0, 96.0]
scores: [0.7901892877038489, 0.816923367205142]
