training_data_sizes: [0.1, 0.2, 0.3, 0.4, 0.5, 0.6, 0.7, 0.8, 0.9, 1.0]
times: [149.05, 287.54, 428.67, 560.29, 709.88, 845.86, 985.25, 1125.78, 1264.7, 1400.52]
scores: [0.8974982009954611, 0.9608746186130603, 0.8612387902509593, 0.9618250038641272, 0.9170840667418123, 1.0, 1.0, 1.0, 1.0, 1.0]
