training_data_sizes: [0.1, 0.2]
times: [39.0, 77.0]
scores: [0.8107359893423376, 0.8416111666807794]
