training_data_sizes: [0.1, 0.2, 0.3, 0.4, 0.5, 0.6, 0.7, 0.8]
times: [20.0, 55.0, 85.0, 112.0, 142.0, 174.0, 205.0, 239.0]
scores: [0.7739182589424546, 0.9197599078719612, 0.8670805924417473, 0.9494587270569961, 0.9408755870846732, 0.9501116750372162, 1.0, 0.9523939858692971]
