training_data_sizes: [0.1, 0.2, 0.3, 0.4, 0.5, 0.6]
times: [122.22, 242.42, 353.87, 475.43, 586.9, 704.45]
scores: [0.7187046792848681, 0.7980290596060364, 0.728254272843915, 0.7815694541970333, 0.7448814811810391, 0.9115043138670483]
