training_data_sizes: [0.1, 0.2, 0.3, 0.4, 0.5, 0.6, 0.7, 0.8, 0.9, 1.0]
times: [97.31, 182.54, 273.69, 364.63, 457.54, 548.95, 639.07, 729.31, 817.39, 902.73]
scores: [0.7024230453837781, 0.7309302607048149, 0.6043549851322203, 0.6364283991900614, 0.5591085858925176, 0.6275848805743848, 0.5555704846946671, 0.48522807163210846, 0.5284762541542938, 0.555040182421133]
