training_data_sizes: [0.1, 0.2, 0.3, 0.4, 0.5, 0.6]
times: [36.0, 79.0, 110.0, 159.0, 198.0, 231.0]
scores: [0.9183885900776205, 0.8250667136004628, 0.8021067716516921, 0.9321209221110333, 0.9288715916332442, 0.960682308813776]
