training_data_sizes: [0.1, 0.2]
times: [104.0, 211.0]
scores: [0.7064208549137647, 0.766926891563807]
