training_data_sizes: [0.1, 0.2, 0.3, 0.4]
times: [70.0, 159.0, 230.0, 317.0]
scores: [1.0, 0.9727051645754397, 0.9821944143015062, 1.0]
