training_data_sizes: [0.1, 0.2, 0.3, 0.4, 0.5, 0.6, 0.7, 0.8]
times: [145.33, 284.37, 420.31, 557.03, 688.07, 829.28, 971.81, 1108.85]
scores: [0.907647048630913, 0.8464357975917127, 0.9679821739331779, 0.8817026286128706, 0.9491981976467972, 0.9748533884383812, 1.0, 1.0]
