training_data_sizes: [0.1, 0.2, 0.3, 0.4, 0.5, 0.6, 0.7]
times: [53.0, 119.0, 173.0, 236.0, 296.0, 356.0, 412.0]
scores: [0.5987144970046177, 0.5623238277650942, 0.6344633517605259, 0.6837042454826847, 0.6401661315877896, 0.8026704460457573, 0.783248434099416]
