training_data_sizes: [0.1, 0.2]
times: [651.12, 1307.47]
scores: [0.8288390619374484, 0.8275073595321427]
