training_data_sizes: [0.1, 0.2, 0.3, 0.4, 0.5, 0.6, 0.7, 0.8, 0.9]
times: [70.0, 157.0, 233.0, 317.0, 394.0, 473.0, 556.0, 634.0, 713.0]
scores: [1.0, 0.9154634364682362, 0.952440356462732, 1.0, 1.0, 1.0, 1.0, 1.0, 1.0]
