training_data_sizes: [0.1, 0.2, 0.3, 0.4, 0.5]
times: [161.43, 328.5, 485.93, 644.14, 801.49]
scores: [0.8473019648693563, 0.8324580902859149, 0.7900684731812135, 0.8305899563523755, 0.9159617698416804]
