training_data_sizes: [0.1, 0.2, 0.3, 0.4]
times: [15.0, 39.0, 56.0, 75.0]
scores: [0.6670550703220436, 0.6532698315277177, 0.7535770214033347, 0.9400220674958458]
