training_data_sizes: [0.1, 0.2, 0.3, 0.4, 0.5, 0.6, 0.7, 0.8, 0.9]
times: [124.0, 255.0, 380.0, 518.0, 640.0, 778.0, 904.9999999999999, 1036.0, 1160.0]
scores: [0.7696606003173401, 0.8387063437743036, 0.7036481637292142, 0.8109705312877312, 0.8252761504881694, 0.7865235560935855, 0.8335347205109872, 0.7689667873519768, 0.6597667701155221]
