training_data_sizes: [0.1, 0.2, 0.3, 0.4]
times: [56.0, 110.0, 172.0, 237.0]
scores: [0.868092887232331, 0.9121184762908168, 0.8644629774273725, 0.8060389835310311]
