training_data_sizes: [0.1, 0.2, 0.3, 0.4, 0.5, 0.6]
times: [237.03, 467.76, 707.72, 934.97, 1176.35, 1403.3]
scores: [0.5067019866783725, 0.5467651761427211, 0.4778887659912902, 0.5070006596491876, 0.49265993389473245, 0.7052541653912999]
