training_data_sizes: [0.1, 0.2, 0.3, 0.4, 0.5, 0.6, 0.7, 0.8, 0.9]
times: [68.71, 139.61, 202.71, 266.85, 342.18, 401.98, 469.76, 536.64, 609.61]
scores: [0.6938252173945934, 0.7849961654359497, 0.8534310793567634, 0.8088653595626639, 0.8816446448048134, 0.8710371015878824, 1.0, 0.9992061897160388, 1.0]
