training_data_sizes: [0.1, 0.2, 0.3, 0.4]
times: [205.63, 400.17, 600.68, 805.82]
scores: [0.6252965817205034, 0.7776380764926635, 0.7952288969999276, 0.8688052769784691]
