training_data_sizes: [0.1, 0.2, 0.3]
times: [201.25, 404.86, 605.74]
scores: [0.7696767404180465, 0.7316580390259763, 0.8696996050113093]
