training_data_sizes: [0.1, 0.2, 0.3, 0.4, 0.5, 0.6, 0.7, 0.8, 0.9, 1.0]
times: [67.0, 133.0, 200.0, 275.0, 346.0, 417.0, 485.99999999999994, 555.0, 624.0, 690.0]
scores: [0.7274413507366166, 0.7112611467353459, 0.6588064611837607, 0.5884506263417536, 0.6082497430753664, 0.7129273053549576, 0.6201118021123483, 0.5721646449962421, 0.6924383787876613, 0.556004199427703]
