training_data_sizes: [0.1, 0.2, 0.3, 0.4, 0.5, 0.6, 0.7, 0.8, 0.9, 1.0]
times: [0.56, 0.69, 1.16, 1.33, 1.74, 2.11, 2.67, 3.0, 3.81, 4.46]
scores: [0.6291056910569106, 0.6405382076669206, 0.6269348728125563, 0.6675439864294352, 0.6450270684305504, 0.6564183477966865, 0.6713272643723842, 0.6773619351894111, 0.675673482635508, 0.666154796761953]
