training_data_sizes: [0.1, 0.2, 0.3]
times: [4.0, 10.0, 29.0]
scores: [0.6257255119674298, 0.5606234697900336, 0.6022662395951585]
