training_data_sizes: [0.1, 0.2, 0.3, 0.4, 0.5, 0.6]
times: [134.23, 276.59, 407.15, 541.26, 668.66, 800.47]
scores: [1.0, 1.0, 0.9322853379976954, 1.0, 1.0, 0.9189365718464451]
