training_data_sizes: [0.1, 0.2]
times: [90.0, 199.0]
scores: [0.7527858031139644, 0.7379073752762578]
