training_data_sizes: [0.1, 0.2, 0.3, 0.4, 0.5, 0.6, 0.7, 0.8, 0.9]
times: [46.0, 94.0, 147.0, 194.0, 247.0, 294.0, 343.0, 392.0, 441.0]
scores: [0.8185900193385558, 0.8805294549348874, 1.0, 0.9791765133871699, 0.9179424728667294, 0.9417874897468965, 1.0, 1.0, 1.0]
