training_data_sizes: [0.1, 0.2, 0.3, 0.4, 0.5, 0.6]
times: [171.12, 336.4, 507.46, 676.31, 842.45, 1000.28]
scores: [0.7777191110598133, 0.8026640139128232, 0.836397414617209, 0.9436821974875896, 0.8523258039962567, 0.8414772120580536]
