training_data_sizes: [0.1, 0.2, 0.3]
times: [204.46, 408.37, 602.22]
scores: [0.4430507918311312, 0.5244439714830275, 0.6114194020737944]
