training_data_sizes: [0.1, 0.2, 0.3, 0.4]
times: [80.0, 171.0, 265.0, 359.0]
scores: [1.0, 0.8363187852628893, 0.98850738751019, 0.8826324201590681]
