training_data_sizes: [0.1, 0.2, 0.3, 0.4, 0.5, 0.6, 0.7, 0.8]
times: [146.35, 281.92, 417.69, 550.46, 687.67, 829.29, 964.44, 1109.62]
scores: [0.8313442726736089, 0.9001722081098071, 0.8750772990139348, 0.8288188916767062, 0.7888496681893602, 0.8556716570330565, 0.9081652138913956, 0.7999829905887503]
