training_data_sizes: [0.1, 0.2, 0.3, 0.4, 0.5, 0.6, 0.7, 0.8]
times: [24.0, 56.0, 83.0, 111.0, 146.0, 173.0, 209.0, 232.0]
scores: [0.5354507488120154, 0.6085142912080423, 0.5828371838916381, 0.44223411907350535, 0.6163394756317233, 0.5764115551090986, 0.544950396247568, 0.5576735617582639]
