training_data_sizes: [0.1, 0.2]
times: [709.98, 1402.75]
scores: [0.8927526832337231, 0.9486567065252358]
