training_data_sizes: [0.1, 0.2, 0.3, 0.4, 0.5, 0.6, 0.7, 0.8, 0.9, 1.0]
times: [1.92, 2.63, 3.38, 3.67, 4.18, 4.58, 4.99, 5.64, 6.07, 6.44]
scores: [0.8750770276450168, 0.8386974232587898, 0.8302965379105698, 0.8158600286890545, 0.80937883483215, 0.792400532541663, 0.779593995690155, 0.7688552855061466, 0.7634792194635875, 0.7508012699178708]
