training_data_sizes: [0.1, 0.2, 0.3, 0.4, 0.5, 0.6, 0.7]
times: [89.0, 173.0, 263.0, 357.0, 440.0, 536.0, 627.0]
scores: [0.834840825333287, 0.8915976408986166, 0.8419286318088218, 0.867048982764314, 0.8610227861088313, 0.8770323733861638, 0.9463593280715396]
