training_data_sizes: [0.1, 0.2, 0.3, 0.4, 0.5, 0.6]
times: [34.0, 73.0, 115.0, 153.0, 194.0, 234.0]
scores: [0.9242669938302784, 0.9356121540511766, 0.9835147217498594, 0.9706277805486164, 0.8799312491149771, 0.9353360735682319]
