training_data_sizes: [0.1, 0.2, 0.3, 0.4, 0.5, 0.6, 0.7]
times: [47.0, 94.0, 144.0, 197.0, 241.0, 290.0, 345.0]
scores: [0.4892052278847761, 0.6023112968497325, 0.504874272110764, 0.45883854402927576, 0.5567716044850323, 0.44478097441459624, 0.5607877090588724]
