training_data_sizes: [0.1, 0.2, 0.3, 0.4]
times: [254.04, 501.06, 754.42, 1005.79]
scores: [0.8570131546656315, 0.8074050602117535, 0.8432312650984902, 0.890627322875437]
