training_data_sizes: [0.1, 0.2, 0.3, 0.4, 0.5, 0.6, 0.7]
times: [62.0, 139.0, 201.0, 275.0, 343.0, 410.0, 484.99999999999994]
scores: [0.7801242834030198, 0.7852963613632776, 0.8272174478720306, 0.8592349544854865, 0.9500522884437983, 0.9126994200355505, 1.0]
