training_data_sizes: [0.1, 0.2, 0.3, 0.4, 0.5, 0.6, 0.7, 0.8, 0.9, 1.0]
times: [0.94, 2.03, 2.99, 4.57, 5.99, 8.07, 9.05, 11.97, 14.83, 16.85]
scores: [0.7843824605076131, 0.7499721413053959, 0.7224970125535708, 0.7019821837713967, 0.7029628497288789, 0.7001648202828434, 0.6960442891694962, 0.6957012557733564, 0.7071000395290508, 0.7013206000448371]
