training_data_sizes: [0.1, 0.2, 0.3, 0.4, 0.5]
times: [116.0, 230.0, 355.0, 477.0, 598.0]
scores: [0.7825688390448534, 0.9520093260369147, 0.9564752090151989, 0.971887351996471, 1.0]
