training_data_sizes: [0.1, 0.2]
times: [501.74, 1009.75]
scores: [0.6283871495458557, 0.7150113683413275]
