training_data_sizes: [0.1, 0.2, 0.3, 0.4, 0.5, 0.6, 0.7]
times: [12.0, 37.0, 50.0, 73.0, 93.0, 110.0, 136.0]
scores: [0.850400423254775, 0.7772156104522256, 0.673054797899492, 0.834540646034044, 0.6298409949493035, 0.7403141638753372, 0.7087786774772538]
