training_data_sizes: [0.1, 0.2, 0.3, 0.4, 0.5, 0.6, 0.7, 0.8, 0.9, 1.0]
times: [2.57, 4.28, 5.48, 6.36, 7.24, 7.93, 8.88, 8.9, 10.43, 11.08]
scores: [0.8456805806317604, 0.7727081737349157, 0.73755214705189, 0.6886113184202209, 0.6358677965156292, 0.5849672430547013, 0.5417423731598288, 0.5121978766014559, 0.49642387908957075, 0.4823040225627435]
