training_data_sizes: [0.1, 0.2, 0.3, 0.4]
times: [201.94, 407.98, 603.36, 808.82]
scores: [0.8957134586825258, 1.0, 0.9834835759788445, 1.0]
