training_data_sizes: [0.1, 0.2, 0.3, 0.4, 0.5, 0.6, 0.7, 0.8, 0.9, 1.0]
times: [68.22, 122.95, 187.47, 242.54, 300.43, 365.45, 429.91, 488.58, 548.56, 609.43]
scores: [0.5604790959285159, 0.6781303447645168, 0.6677601299022579, 0.7181751055337883, 0.7425946964013905, 0.790646112005355, 0.9922326351166209, 1.0, 1.0, 1.0]
