training_data_sizes: [0.1, 0.2, 0.3, 0.4, 0.5, 0.6, 0.7]
times: [90.0, 195.0, 291.0, 390.0, 494.0, 590.0, 696.0]
scores: [0.7743967367809447, 0.819724822849075, 0.7127346886637506, 0.8108907037797202, 0.8011111714371639, 0.94456822010759, 0.9531967021587948]
