training_data_sizes: [0.1, 0.2, 0.3, 0.4, 0.5]
times: [268.19, 522.73, 787.25, 1041.55, 1307.98]
scores: [0.8474027522946652, 0.857805229279159, 0.925471855544183, 0.9967133861756581, 1.0]
