training_data_sizes: [0.1, 0.2, 0.3, 0.4, 0.5, 0.6]
times: [109.69, 204.7, 300.15, 400.47, 503.44, 602.7]
scores: [0.5752312249584745, 0.5324630978987037, 0.5985602790086594, 0.46789382066789675, 0.6382628039589745, 0.5307583585565596]
