training_data_sizes: [0.1, 0.2, 0.3, 0.4, 0.5]
times: [11.0, 33.0, 51.0, 76.0, 91.0]
scores: [0.9369800512709878, 0.9997720221776405, 0.9585136258669733, 0.9518500441666538, 0.9040510014252687]
