training_data_sizes: [0.1, 0.2, 0.3, 0.4, 0.5, 0.6, 0.7]
times: [123.48, 233.21, 345.62, 466.69, 575.26, 688.79, 802.84]
scores: [0.9051889811341742, 0.973745809274252, 0.9479498139505365, 0.9827862595757554, 1.0, 1.0, 0.9895430134675238]
