training_data_sizes: [0.1, 0.2, 0.3, 0.4]
times: [11.0, 31.0, 54.0, 70.0]
scores: [0.6967864718833763, 0.6490496507560208, 0.6797682043476846, 0.748376170094279]
