training_data_sizes: [0.1, 0.2, 0.3, 0.4]
times: [180.03, 356.01, 525.28, 701.06]
scores: [0.7466410856666335, 0.8795210591606044, 0.8852932381655535, 0.8847049078459337]
