training_data_sizes: [0.1, 0.2, 0.3, 0.4, 0.5, 0.6, 0.7, 0.8, 0.9, 1.0]
times: [108.0, 211.0, 329.0, 431.0, 549.0, 659.0, 761.0, 878.0, 982.0, 1090.0]
scores: [0.8054915615689453, 0.7091457280027798, 0.7996402019236555, 0.791302937692882, 0.7787431016846514, 0.6835046218392783, 0.6385503539288645, 0.6091422060285192, 0.7421466014532949, 0.7963898786565761]
