training_data_sizes: [0.1, 0.2, 0.3]
times: [50.0, 116.0, 175.0]
scores: [0.7527031090855162, 0.805576786347074, 0.6975911774734276]
