training_data_sizes: [0.1, 0.2, 0.3, 0.4, 0.5, 0.6, 0.7, 0.8, 0.9, 1.0]
times: [74.25, 144.78, 210.28, 280.49, 350.33, 429.33, 499.09, 568.57, 630.14, 704.01]
scores: [0.7958646632205122, 0.8114629473885979, 0.8828431021175908, 0.9743924439512814, 1.0, 1.0, 1.0, 1.0, 1.0, 1.0]
