training_data_sizes: [0.1, 0.2, 0.3, 0.4, 0.5]
times: [182.48, 367.09, 548.57, 723.4, 908.46]
scores: [0.7125072574460598, 0.7253844296686739, 0.814649113499318, 0.7660168957522913, 0.8173354310580867]
