training_data_sizes: [0.1, 0.2, 0.3, 0.4]
times: [251.28, 505.92, 756.68, 1004.75]
scores: [0.6615416994357701, 0.6739792684150515, 0.7259136818505556, 0.8221319927381378]
