training_data_sizes: [0.1, 0.2, 0.3, 0.4, 0.5, 0.6]
times: [208.92, 403.76, 603.17, 801.9, 1008.56, 1209.94]
scores: [0.7925159461383731, 0.886892462780616, 1.0, 0.967848672332392, 1.0, 1.0]
