training_data_sizes: [0.1, 0.2, 0.3, 0.4, 0.5, 0.6]
times: [114.0, 230.0, 357.0, 475.0, 599.0, 710.0]
scores: [0.7996530516767215, 0.9372914641463435, 0.9996025889894753, 0.8567756421605305, 0.9320220059670322, 1.0]
