training_data_sizes: [0.1, 0.2, 0.3, 0.4]
times: [51.0, 115.0, 174.0, 234.0]
scores: [0.5871438034852596, 0.608437329394672, 0.5075284843227856, 0.6548340407223079]
