training_data_sizes: [0.1, 0.2, 0.3, 0.4, 0.5, 0.6, 0.7, 0.8, 0.9]
times: [115.16, 228.88, 341.72, 452.0, 564.38, 668.25, 779.49, 898.84, 1005.21]
scores: [0.6071450513265734, 0.7148659395730066, 0.7067557290432882, 0.7205639950945086, 0.9102245847849588, 0.8396067953675463, 0.9132956117058717, 1.0, 0.9964151370334328]
