training_data_sizes: [0.1, 0.2, 0.3, 0.4]
times: [49.0, 97.0, 143.0, 197.0]
scores: [0.9180419232049672, 0.9162827906387898, 0.9367407008284542, 0.9629994176101493]
