training_data_sizes: [0.1, 0.2, 0.3, 0.4, 0.5, 0.6, 0.7, 0.8, 0.9, 1.0]
times: [69.0, 134.0, 207.0, 274.0, 345.0, 413.0, 479.99999999999994, 557.0, 624.0, 694.0]
scores: [1.0, 0.9640815527513195, 1.0, 1.0, 1.0, 1.0, 1.0, 1.0, 1.0, 1.0]
