training_data_sizes: [0.1, 0.2]
times: [75.0, 152.0]
scores: [0.6626117435770433, 0.7226861256732497]
