training_data_sizes: [0.1, 0.2, 0.3, 0.4, 0.5, 0.6, 0.7, 0.8, 0.9]
times: [140.89, 269.97, 409.88, 541.49, 675.71, 804.6, 941.76, 1067.23, 1209.76]
scores: [0.7003068379310557, 0.7837574101039866, 0.9025806385147513, 0.8161232997143189, 0.8756786201095612, 0.8681991466993468, 0.935930104787374, 1.0, 0.9857030421276938]
