training_data_sizes: [0.1, 0.2]
times: [400.62, 808.01]
scores: [0.8638306340482313, 0.766182376873723]
