training_data_sizes: [0.1, 0.2, 0.3, 0.4, 0.5]
times: [185.8, 369.88, 546.24, 720.36, 906.61]
scores: [0.7804701196158443, 0.9029131779610013, 0.8824410594156787, 0.9514955831583369, 1.0]
