training_data_sizes: [0.1, 0.2, 0.3]
times: [130.0, 275.0, 416.0]
scores: [0.8488455587684719, 0.9353088754995225, 0.9927030658250087]
