training_data_sizes: [0.1, 0.2, 0.3, 0.4, 0.5, 0.6]
times: [142.41, 272.24, 409.91, 538.39, 676.3, 807.17]
scores: [0.931820836554998, 0.8692715164101471, 0.8562116718865417, 0.9127401302661677, 1.0, 0.9972562664822242]
