training_data_sizes: [0.1, 0.2, 0.3, 0.4, 0.5, 0.6, 0.7, 0.8, 0.9]
times: [165.39, 317.18, 474.48, 630.77, 784.89, 941.65, 1097.44, 1246.08, 1406.33]
scores: [0.8123270544813992, 0.8031838478121461, 0.7719262862840597, 0.8807462245413009, 0.8840407752518624, 0.8597090858964171, 0.9655812342792396, 1.0, 1.0]
