training_data_sizes: [0.1, 0.2, 0.3, 0.4, 0.5, 0.6, 0.7, 0.8, 0.9, 1.0]
times: [32.48, 68.26, 106.97, 149.85, 186.23, 235.65, 276.36, 325.49, 357.68, 406.53]
scores: [-0.05425276093959841, -0.21750059169840585, -0.30289156132500206, -0.35321957118312586, -0.39261340285929647, -0.39873251634391016, -0.39296312408137135, -0.395957160422149, -0.3997981717635035, -0.41631234211922385]
