training_data_sizes: [0.1, 0.2, 0.3, 0.4]
times: [184.07, 351.37, 529.14, 703.44]
scores: [0.7920415164301515, 0.8125710604947125, 0.8422471628165609, 0.9647400423289807]
