training_data_sizes: [0.1, 0.2, 0.3, 0.4, 0.5, 0.6, 0.7, 0.8]
times: [46.0, 96.0, 147.0, 195.0, 242.0, 291.0, 341.0, 395.0]
scores: [0.4727118181935426, 0.5462544049763562, 0.6250767892990722, 0.736016234004411, 0.6654435264440883, 0.6620282519508358, 0.8811511292483049, 0.9022195736771434]
