training_data_sizes: [0.1, 0.2, 0.3, 0.4, 0.5, 0.6, 0.7, 0.8, 0.9, 1.0]
times: [0.96, 1.26, 1.48, 1.68, 1.9, 2.06, 2.31, 2.46, 2.71, 2.87]
scores: [0.8761090993242537, 0.8399991607610475, 0.8336186147974973, 0.8236596366017674, 0.8191115956543167, 0.8034836052303, 0.7942527792316822, 0.7829695923714033, 0.7805124431741286, 0.7715989378560151]
