training_data_sizes: [0.1, 0.2, 0.3, 0.4, 0.5, 0.6, 0.7, 0.8]
times: [113.34, 229.89, 338.53, 452.45, 568.3, 682.11, 792.48, 901.92]
scores: [0.9027719337204364, 0.9064107139108692, 0.92259867729511, 0.9520932847212089, 0.882270623222591, 0.8018575659050768, 0.8619242186169369, 0.9410804149804021]
