training_data_sizes: [0.1, 0.2, 0.3, 0.4, 0.5, 0.6, 0.7, 0.8, 0.9]
times: [67.01, 141.46, 202.56, 270.72, 334.43, 402.91, 470.98, 534.68, 600.37]
scores: [0.8911288369729272, 0.9768434891858975, 1.0, 0.9158674567029268, 1.0, 0.9906762657072956, 1.0, 1.0, 1.0]
