training_data_sizes: [0.1, 0.2, 0.3, 0.4, 0.5, 0.6, 0.7, 0.8, 0.9, 1.0]
times: [139.3, 261.07, 392.3, 520.22, 659.66, 787.29, 911.46, 1041.17, 1179.43, 1305.95]
scores: [0.8552033355857185, 0.8131552337460907, 0.8690914937541325, 0.6984267335844043, 0.6707570851099254, 0.7826106878574961, 0.7999422301173067, 0.646580790165509, 0.697361596373418, 0.7064817855583794]
