training_data_sizes: [0.1, 0.2, 0.3]
times: [59.0, 119.0, 179.0]
scores: [0.9528898322661785, 0.9419789507021945, 0.9896385028672037]
