training_data_sizes: [0.1, 0.2]
times: [459.51, 903.57]
scores: [0.6220427490283243, 0.7549978157374634]
