training_data_sizes: [0.1, 0.2, 0.3, 0.4, 0.5, 0.6, 0.7, 0.8, 0.9, 1.0]
times: [1.25, 2.48, 3.67, 5.2, 6.71, 8.14, 9.9, 11.09, 12.87, 13.73]
scores: [0.29735799751763475, 0.2992806172430254, 0.31242892989772414, 0.3125345994321623, 0.3139557034519152, 0.3247512625815232, 0.32589087458036287, 0.32753535400089345, 0.3281023432247558, 0.32982037449619767]
