training_data_sizes: [0.1, 0.2, 0.3, 0.4, 0.5, 0.6, 0.7, 0.8]
times: [30.0, 78.0, 114.0, 151.0, 192.0, 236.0, 270.0, 316.0]
scores: [0.5668545775374304, 0.6652690528300865, 0.6935646579230075, 0.7541503189052454, 0.8085555647922151, 0.958213993179259, 0.915114778859352, 1.0]
