training_data_sizes: [0.1, 0.2, 0.3, 0.4, 0.5, 0.6, 0.7, 0.8, 0.9, 1.0]
times: [74.17, 140.16, 213.37, 285.81, 354.79, 425.2, 494.16, 562.74, 632.2, 705.68]
scores: [0.925825994904439, 0.8941688404574027, 0.8520573869697259, 0.8618735563400071, 0.8851377163571876, 0.9271957000360902, 1.0, 1.0, 1.0, 1.0]
