training_data_sizes: [0.1, 0.2, 0.3, 0.4, 0.5, 0.6, 0.7, 0.8]
times: [97.0, 195.0, 296.0, 392.0, 498.0, 599.0, 693.0, 792.0]
scores: [0.8780850664714599, 0.8495768899442622, 0.7994690631012922, 0.9258094674885597, 0.9748730146818896, 0.8793892768303733, 0.983282835945373, 0.8740614913582565]
