training_data_sizes: [0.1, 0.2, 0.3, 0.4, 0.5, 0.6, 0.7, 0.8, 0.9, 1.0]
times: [1.55, 2.1, 2.39, 2.49, 3.02, 3.49, 3.69, 4.04, 4.53, 5.26]
scores: [0.876822959788635, 0.8398453077311647, 0.8342078966793727, 0.824300912022409, 0.8201319972196321, 0.8049632902579351, 0.7961769042500999, 0.7846414501400771, 0.7824502396134665, 0.7739438028037364]
