training_data_sizes: [0.1, 0.2, 0.3]
times: [25.0, 59.0, 80.0]
scores: [0.6092034899796569, 0.6208830082409008, 0.7036324027134399]
