training_data_sizes: [0.1, 0.2, 0.3, 0.4, 0.5, 0.6]
times: [192.36, 367.79, 553.18, 735.8, 924.57, 1108.9]
scores: [0.7384849191317031, 0.7684878094756729, 0.8478085334554142, 0.9252034562202966, 0.8621515392010402, 0.9713123398176733]
