training_data_sizes: [0.1, 0.2, 0.3, 0.4, 0.5, 0.6, 0.7, 0.8, 0.9]
times: [95.0, 199.0, 293.0, 395.0, 490.0, 591.0, 690.0, 799.0, 898.0]
scores: [0.8661493731697603, 0.9732827726183849, 1.0, 1.0, 1.0, 1.0, 1.0, 1.0, 1.0]
