training_data_sizes: [0.1, 0.2, 0.3, 0.4, 0.5, 0.6, 0.7, 0.8, 0.9]
times: [148.69, 302.74, 393.7, 470.62, 428.76, 612.03, 737.84, 1052.22, 1178.5]
scores: [0.9896739079334301, 0.9914279161519658, 0.9913215846463351, 0.9868551573367376, 0.9785536631586085, 0.9843661649313451, 0.9841551457099115, 0.9883667955947754, 0.9862256052100031]
