training_data_sizes: [0.1, 0.2, 0.3, 0.4, 0.5, 0.6, 0.7, 0.8, 0.9, 1.0]
times: [53.2, 118.39, 194.83, 293.7, 384.41, 498.96, 621.5, 757.48, 929.61, 1068.74]
scores: [0.6062829726042707, 0.7329483432626352, 0.7853618911411814, 0.8181759631527397, 0.8365040976034184, 0.8547231373796014, 0.8733334384352914, 0.8843646819227202, 0.8940581238151626, 0.9039398440884253]
