training_data_sizes: [0.1, 0.2, 0.3, 0.4, 0.5, 0.6]
times: [59.0, 118.0, 179.0, 238.0, 295.0, 356.0]
scores: [0.954019856559515, 0.8477646641380765, 0.8866761834427574, 0.9966575965041531, 1.0, 1.0]
