training_data_sizes: [0.1, 0.2, 0.3, 0.4, 0.5]
times: [6.0, 16.0, 26.0, 33.0, 45.0]
scores: [0.8749827563162909, 0.9988998208770263, 1.0, 0.9113376999126257, 0.9326799886644241]
