training_data_sizes: [0.1, 0.2, 0.3, 0.4, 0.5, 0.6, 0.7, 0.8, 0.9, 1.0]
times: [2.44, 0.02, 7.58, 10.42, 14.08, 17.37, 20.89, 24.14, 27.94, 31.23]
scores: [0.5249734893924234, 0.530683788529151, 0.5543316555027838, 0.5570695239633796, 0.5728720138305671, 0.5652300515806876, 0.5686507684562714, 0.5709207659575972, 0.5810982299688001, 0.5838391107213896]
