training_data_sizes: [0.1, 0.2, 0.3, 0.4, 0.5, 0.6, 0.7]
times: [52.0, 112.0, 174.0, 231.0, 299.0, 356.0, 416.0]
scores: [0.6714643635843853, 0.6855413606937022, 0.7246021370097461, 0.7635270346826757, 0.849232576582839, 0.9434337029119848, 1.0]
