training_data_sizes: [0.1, 0.2, 0.3, 0.4, 0.5, 0.6, 0.7, 0.8, 0.9]
times: [39.0, 71.0, 111.0, 156.0, 194.0, 230.0, 279.0, 310.0, 352.0]
scores: [0.8803246938963467, 0.9170659862820623, 0.9001442423401865, 0.7553901447671778, 0.7783651095844681, 0.8174317698415574, 0.8470801998112173, 0.7413373376177124, 0.7339073813424337]
