training_data_sizes: [0.1, 0.2, 0.3, 0.4, 0.5, 0.6, 0.7, 0.8, 0.9]
times: [94.0, 199.0, 290.0, 391.0, 491.0, 593.0, 693.0, 796.0, 893.0]
scores: [0.5338102932807961, 0.5222150404261208, 0.596978884437168, 0.7429319807929401, 0.671836271020253, 0.7023125673220307, 0.7618116688440991, 0.8916987302515271, 0.8653955775223593]
