training_data_sizes: [0.1, 0.2, 0.3, 0.4, 0.5]
times: [25.0, 57.0, 85.0, 112.0, 144.0]
scores: [0.5723571882770317, 0.6171961084471007, 0.5822214685593937, 0.5002345602461817, 0.5687006362225993]
