training_data_sizes: [0.1, 0.2, 0.3, 0.4, 0.5, 0.6]
times: [120.62, 241.01, 350.39, 472.12, 588.87, 700.32]
scores: [0.9543156789892837, 1.0, 0.9234217393350869, 1.0, 0.967652219884273, 1.0]
