training_data_sizes: [0.1, 0.2, 0.3, 0.4, 0.5, 0.6, 0.7, 0.8, 0.9]
times: [150.93, 286.03, 398.16, 406.34, 432.69, 592.16, 849.04, 918.39, 1157.61]
scores: [0.9938914707951291, 0.9913628989043504, 0.9932096470380164, 0.9788509663323788, 0.9827031975638121, 0.9844963951235578, 0.9886137638962718, 0.9788476184419747, 0.9875128821470588]
