training_data_sizes: [0.1, 0.2, 0.3, 0.4, 0.5, 0.6, 0.7]
times: [165.02, 315.93, 477.51, 630.45, 789.03, 944.37, 1102.58]
scores: [0.9741335869170475, 0.9063812331717085, 0.9106255138355108, 0.9058195173949006, 0.9892764000251737, 0.9201384790449327, 0.9123607520387249]
