training_data_sizes: [0.1, 0.2, 0.3, 0.4, 0.5, 0.6, 0.7, 0.8, 0.9, 1.0]
times: [123.14, 234.62, 328.69, 411.59, 501.29, 577.07, 651.21, 749.59, 820.77, 884.15]
scores: [0.16170796728464198, 0.15500617993879232, 0.14679985160299155, 0.14707007002620184, 0.14813719821945004, 0.15392531100776574, 0.15859344293805963, 0.16683291028709704, 0.16821154975533364, 0.16902294989226468]
