training_data_sizes: [0.1, 0.2, 0.3, 0.4, 0.5]
times: [228.81, 442.16, 660.43, 888.48, 1109.71]
scores: [0.832049967983201, 0.7417976359996532, 0.7668958957125818, 0.8314023664357646, 0.8017391866712502]
