training_data_sizes: [0.1, 0.2, 0.3, 0.4, 0.5, 0.6, 0.7]
times: [159.05, 316.83, 473.02, 633.36, 789.09, 948.47, 1103.2]
scores: [0.9155526738466797, 0.927086924884621, 0.8177390322793698, 0.7541988357765069, 0.8833939575884381, 0.740182540380323, 0.8855880784401504]
