training_data_sizes: [0.1, 0.2, 0.3]
times: [48.0, 97.0, 143.0]
scores: [0.5507713812287848, 0.4622023012446931, 0.621563600356592]
