training_data_sizes: [0.1, 0.2, 0.3, 0.4, 0.5, 0.6, 0.7]
times: [149.74, 295.31, 433.65, 579.19, 715.57, 861.86, 1006.09]
scores: [0.84749506812883, 0.9463120384570244, 1.0, 1.0, 1.0, 1.0, 1.0]
