training_data_sizes: [0.1, 0.2, 0.3, 0.4, 0.5, 0.6]
times: [57.0, 110.0, 172.0, 231.0, 297.0, 352.0]
scores: [0.7868326556017883, 0.8881639312088951, 0.925892845808413, 0.8191090887813679, 0.8128696288317457, 0.8827658536989756]
