training_data_sizes: [0.1, 0.2, 0.3, 0.4, 0.5]
times: [50.0, 110.0, 170.0, 233.0, 295.0]
scores: [0.7282789516637075, 0.7131166406795356, 0.5903755423588342, 0.5557939905667111, 0.6048442763152478]
