training_data_sizes: [0.1, 0.2]
times: [121.0, 257.0]
scores: [0.6046976715885793, 0.6018697104589926]
