training_data_sizes: [0.1, 0.2, 0.3, 0.4, 0.5, 0.6]
times: [218.38, 436.19, 655.56, 870.38, 1089.47, 1303.15]
scores: [0.8145539575156511, 0.7652104538492154, 0.7335515532689519, 0.8199672794227082, 0.8697289712671252, 0.6973506134512765]
