training_data_sizes: [0.1, 0.2, 0.3, 0.4, 0.5, 0.6, 0.7, 0.8, 0.9]
times: [53.0, 112.0, 175.0, 235.0, 293.0, 350.0, 417.0, 474.0, 531.0]
scores: [0.8924424288251904, 0.882431903226033, 0.9745752483231755, 0.847876718958875, 0.975091896458501, 1.0, 0.9672471583810995, 1.0, 1.0]
