training_data_sizes: [0.1, 0.2, 0.3, 0.4, 0.5, 0.6, 0.7, 0.8]
times: [98.0, 196.0, 293.0, 393.0, 497.0, 596.0, 695.0, 798.0]
scores: [0.7727292128066476, 0.8809080766894861, 0.8253878146091549, 0.8877347774953162, 1.0, 0.992416589353448, 0.9612930300810472, 1.0]
