training_data_sizes: [0.1, 0.2, 0.3, 0.4, 0.5, 0.6, 0.7, 0.8]
times: [72.0, 156.0, 233.0, 312.0, 393.0, 470.0, 556.0, 636.0]
scores: [0.8860111423895289, 1.0, 1.0, 0.9485274573452842, 1.0, 1.0, 1.0, 1.0]
