training_data_sizes: [0.1, 0.2, 0.3, 0.4, 0.5, 0.6, 0.7, 0.8, 0.9, 1.0]
times: [71.0, 154.0, 231.0, 315.0, 398.0, 470.0, 555.0, 634.0, 710.0, 793.0]
scores: [0.9404465587813287, 0.9329130172567321, 0.8812966517737747, 1.0, 1.0, 1.0, 1.0, 1.0, 1.0, 1.0]
