training_data_sizes: [0.1, 0.2, 0.3, 0.4, 0.5, 0.6, 0.7]
times: [162.2, 319.78, 475.9, 633.94, 792.59, 946.71, 1104.71]
scores: [0.8325061340804483, 0.7880007357998218, 0.7980485515570163, 0.8082272167635005, 0.8225739794911768, 0.9908486846997091, 0.9255577661802714]
