training_data_sizes: [0.1, 0.2, 0.3, 0.4, 0.5, 0.6, 0.7, 0.8, 0.9, 1.0]
times: [50.0, 114.0, 173.0, 231.0, 295.0, 353.0, 419.0, 478.0, 530.0, 590.0]
scores: [0.826535015731467, 0.775413430937499, 0.9793783920385402, 0.8365846635120698, 0.8961769178180425, 1.0, 1.0, 1.0, 1.0, 1.0]
