training_data_sizes: [0.1, 0.2, 0.3, 0.4, 0.5, 0.6, 0.7, 0.8, 0.9]
times: [105.37, 205.08, 301.32, 402.69, 509.47, 603.26, 708.69, 808.69, 900.15]
scores: [0.47521548044493334, 0.6582791856807824, 0.5055271069484093, 0.5726456240633557, 0.49730254894879805, 0.5244395294257689, 0.563143660933173, 0.4978471990406829, 0.47728547668025456]
