training_data_sizes: [0.1, 0.2, 0.3, 0.4]
times: [33.0, 76.0, 119.0, 157.0]
scores: [0.8539743503440878, 0.7741357870440748, 0.8411611663356711, 0.8373842895980753]
