training_data_sizes: [0.1, 0.2]
times: [508.9, 1001.96]
scores: [0.4941068156357011, 0.5332888811841713]
