training_data_sizes: [0.1, 0.2, 0.3, 0.4, 0.5, 0.6, 0.7, 0.8, 0.9, 1.0]
times: [85.38, 167.89, 249.47, 323.51, 405.22, 488.08, 564.89, 649.52, 726.72, 806.37]
scores: [0.4659727716897768, 0.6389974382432717, 0.6002227431272796, 0.5668218098522373, 0.7150773736443298, 0.6705076967500234, 0.8310706067039295, 0.8776464736491648, 1.0, 0.9512974863396395]
