training_data_sizes: [0.1, 0.2]
times: [22.0, 50.0]
scores: [0.6565753113274065, 0.5821125971009989]
