training_data_sizes: [0.1, 0.2, 0.3]
times: [34.0, 72.0, 113.0]
scores: [0.6716017115382189, 0.7051862401001209, 0.6812049894054885]
