training_data_sizes: [0.1, 0.2, 0.3, 0.4, 0.5, 0.6, 0.7, 0.8]
times: [166.42, 327.1, 491.37, 657.95, 822.29, 981.22, 1139.14, 1309.19]
scores: [0.7958196640380354, 0.7291903939247939, 0.8992984009560545, 0.7639159491579742, 0.9305055767557653, 0.8842103651640771, 0.8569600932483546, 0.9709390082694901]
