training_data_sizes: [0.1, 0.2, 0.3]
times: [272.77, 542.99, 804.96]
scores: [0.8890552425926174, 0.8178511028198945, 0.8960647802788282]
