training_data_sizes: [0.1, 0.2, 0.3, 0.4, 0.5, 0.6, 0.7, 0.8, 0.9]
times: [94.77, 184.88, 276.61, 364.27, 449.39, 536.11, 630.29, 715.76, 801.82]
scores: [0.8808384085052166, 0.760407692940522, 0.8091356799908416, 0.8699783560693914, 0.9644704690786464, 0.9644042773941313, 0.9846655032708661, 1.0, 1.0]
