training_data_sizes: [0.1, 0.2, 0.3, 0.4, 0.5, 0.6, 0.7]
times: [23.0, 55.0, 85.0, 115.0, 146.0, 177.0, 207.0]
scores: [0.7674703583489079, 0.7756348889919844, 0.6069379954462287, 0.6372350979246488, 0.6689069788121693, 0.5357084794788299, 0.5325357761599961]
