training_data_sizes: [0.1, 0.2]
times: [491.11, 923.84]
scores: [0.2988656479027345, 0.3190557423422917]
