training_data_sizes: [0.1, 0.2, 0.3, 0.4, 0.5, 0.6, 0.7, 0.8, 0.9, 1.0]
times: [84.68, 168.27, 248.81, 324.62, 405.86, 484.68, 565.91, 648.43, 722.52, 800.24]
scores: [0.9456441010283034, 0.9095645505981016, 0.9843643507222168, 1.0, 0.9750233059938351, 1.0, 1.0, 1.0, 1.0, 1.0]
