training_data_sizes: [0.1, 0.2, 0.3, 0.4, 0.5, 0.6, 0.7]
times: [33.0, 71.0, 112.0, 151.0, 199.0, 234.0, 278.0]
scores: [0.9080341129343696, 0.8802496748448156, 0.8327906772959881, 0.7941506195939436, 0.7985342120028114, 0.8892391371686301, 0.7626500606569324]
