training_data_sizes: [0.1, 0.2, 0.3, 0.4, 0.5, 0.6, 0.7, 0.8, 0.9, 1.0]
times: [1.68, 2.05, 2.41, 2.75, 3.08, 3.37, 3.63, 4.02, 4.02, 4.27]
scores: [0.9738112301648104, 0.9853898634523535, 0.9896757947267738, 0.9919476817502244, 0.9933695682180371, 0.9943381847396493, 0.9950507108040154, 0.9955989610137193, 0.9960303659673782, 0.996382374606992]
