training_data_sizes: [0.1, 0.2, 0.3, 0.4, 0.5, 0.6, 0.7]
times: [157.85, 314.42, 476.13, 634.79, 793.7, 944.72, 1106.08]
scores: [0.9045270661298255, 0.8065938837826279, 0.7476756947340809, 0.7583820935994223, 0.8082381453509013, 0.8563310632802521, 0.750121123080123]
