training_data_sizes: [0.1, 0.2, 0.3, 0.4, 0.5, 0.6, 0.7, 0.8, 0.9]
times: [84.0, 178.0, 266.0, 352.0, 448.0, 533.0, 626.0, 713.0, 801.0]
scores: [0.6075847217957856, 0.5839902900795477, 0.6387062851147777, 0.727450844722456, 0.6091855180943513, 0.7603591402107045, 0.8278186157734213, 0.7728915522964657, 0.9944472576471685]
