training_data_sizes: [0.1, 0.2, 0.3]
times: [70.0, 158.0, 230.0]
scores: [0.7761779580337791, 0.739738640582492, 0.9075737333549232]
