training_data_sizes: [0.1, 0.2, 0.3]
times: [33.0, 75.0, 113.0]
scores: [0.8217843568485685, 0.8966019016465638, 0.8069819537504808]
