training_data_sizes: [0.1, 0.2, 0.3, 0.4, 0.5, 0.6, 0.7, 0.8]
times: [9.0, 18.0, 22.0, 34.0, 40.0, 57.0, 63.0, 70.0]
scores: [0.7636961934920734, 0.7128826188762188, 0.8370013737708522, 0.8667655381008471, 0.8271988537212787, 0.9183087701142587, 1.0, 1.0]
