training_data_sizes: [0.1, 0.2, 0.3, 0.4, 0.5, 0.6, 0.7]
times: [158.98, 323.97, 473.85, 632.35, 790.63, 943.14, 1103.9]
scores: [0.8546541230127088, 0.882880500781142, 1.0, 1.0, 1.0, 1.0, 1.0]
