training_data_sizes: [0.1, 0.2, 0.3, 0.4, 0.5, 0.6, 0.7, 0.8, 0.9, 1.0]
times: [71.25, 146.76, 212.39, 289.41, 358.7, 423.07, 495.15, 569.56, 633.43, 703.24]
scores: [0.7224484868968182, 0.6190872582709205, 0.7095970388694723, 0.6759978402690024, 0.5598031046354263, 0.534261191878966, 0.5537961036987336, 0.49693568482121775, 0.555644792099783, 0.6126543077003997]
