training_data_sizes: [0.1, 0.2, 0.3, 0.4, 0.5, 0.6, 0.7, 0.8, 0.9]
times: [122.0, 255.0, 388.0, 514.0, 645.0, 770.0, 901.9999999999999, 1039.0, 1166.0]
scores: [0.823533193352775, 0.8159365046928763, 0.8896945459354253, 0.8721437067645312, 0.9990290569526205, 0.8410862452654025, 0.9291699227337777, 0.9089352654605154, 1.0]
