training_data_sizes: [0.1, 0.2, 0.3]
times: [26.0, 56.0, 81.0]
scores: [0.8516859826805916, 0.927568558545352, 0.9241671058948089]
