training_data_sizes: [0.1, 0.2, 0.3, 0.4, 0.5, 0.6]
times: [239.32, 467.07, 709.0, 942.28, 1174.86, 1405.78]
scores: [0.7530473056603503, 0.8197348693692437, 0.8521753186128029, 0.8118731915041522, 0.9954403740315745, 1.0]
