training_data_sizes: [0.1, 0.2, 0.3, 0.4, 0.5, 0.6, 0.7, 0.8, 0.9, 1.0]
times: [43.17, 120.65, 188.63, 243.28, 292.8, 460.95, 565.66, 686.25, 737.32, 823.27]
scores: [0.9987158389478464, 0.9991480814738856, 0.9987293355087808, 0.9986685058928741, 0.9989866600618219, 0.9989680013735196, 0.9980250755718568, 0.9980977231203753, 0.9986521132331064, 0.9966420255072005]
