training_data_sizes: [0.1, 0.2, 0.3, 0.4, 0.5, 0.6, 0.7, 0.8, 0.9, 1.0]
times: [128.27, 248.2, 365.91, 484.16, 606.42, 726.68, 841.69, 966.94, 1081.15, 1202.16]
scores: [0.7485856197275726, 0.7168952014102705, 0.741408607227239, 0.7730977682537217, 0.7353332611295131, 0.7344855861483514, 0.7512777561625021, 0.6379727710090228, 0.7233435350229174, 0.6368043367651754]
