training_data_sizes: [0.1, 0.2, 0.3, 0.4]
times: [307.45, 605.79, 909.11, 1208.2]
scores: [0.6329982675432225, 0.7643129661862125, 0.7137140156493994, 0.6023927477130832]
