training_data_sizes: [0.1, 0.2, 0.3, 0.4, 0.5, 0.6]
times: [151.92, 304.53, 455.22, 605.52, 758.49, 905.31]
scores: [0.7991923862248679, 0.7406694115102335, 0.8083543746976694, 0.7444811247044127, 0.7855157191809283, 0.8370682501468634]
