training_data_sizes: [0.1, 0.2, 0.3, 0.4, 0.5, 0.6, 0.7, 0.8, 0.9]
times: [22.0, 56.0, 82.0, 117.0, 144.0, 170.0, 204.0, 239.0, 268.0]
scores: [0.7256500978489879, 0.6557122247056821, 0.7864169926581376, 0.9004605458539834, 0.8424073816672669, 0.8104322883188824, 0.8976452086432503, 0.9579786096064884, 1.0]
