training_data_sizes: [0.1, 0.2, 0.3, 0.4, 0.5, 0.6, 0.7, 0.8]
times: [25.0, 52.0, 81.0, 116.0, 142.0, 174.0, 207.0, 237.0]
scores: [0.5672362851510688, 0.6766544850488071, 0.670061517275435, 0.7830860495577563, 0.8926547183306137, 0.8391096638575903, 0.9939987011858594, 0.9517038346497044]
