training_data_sizes: [0.1, 0.2, 0.3]
times: [73.0, 158.0, 236.0]
scores: [0.8972908024890917, 0.939486291108658, 0.7857231118806605]
