training_data_sizes: [0.1, 0.2, 0.3, 0.4, 0.5, 0.6, 0.7, 0.8, 0.9, 1.0]
times: [117.27, 222.55, 333.67, 440.92, 558.5, 664.05, 777.74, 887.95, 991.4, 1108.94]
scores: [0.6894521731789324, 0.7223639397555741, 0.6964284208945857, 0.7236410368276427, 0.7844636408619119, 0.8792648371904388, 0.923709887052075, 1.0, 0.909983861050244, 1.0]
