training_data_sizes: [0.1, 0.2, 0.3, 0.4, 0.5, 0.6, 0.7]
times: [102.62, 203.89, 308.46, 407.2, 502.73, 607.44, 702.48]
scores: [0.6204414367044296, 0.6257317178146478, 0.5321344746293334, 0.7466446304283147, 0.8099212686941766, 0.6933318795983869, 0.8241863705794068]
