training_data_sizes: [0.1, 0.2, 0.3, 0.4]
times: [330.94, 657.67, 975.47, 1302.54]
scores: [0.801443257665688, 0.7714184642634629, 0.9289600747102874, 0.8007550145521338]
