training_data_sizes: [0.1, 0.2, 0.3, 0.4, 0.5, 0.6, 0.7]
times: [125.0, 254.0, 383.0, 515.0, 649.0, 773.0, 901.9999999999999]
scores: [0.8928556893009495, 0.9217306916413968, 0.9221197159502514, 0.9354518282105219, 0.9362254293703195, 1.0, 0.9898240929472992]
