training_data_sizes: [0.1, 0.2]
times: [706.79, 1408.11]
scores: [0.6401765810501776, 0.6299679276301066]
