training_data_sizes: [0.1, 0.2, 0.3, 0.4, 0.5]
times: [36.0, 73.0, 118.0, 151.0, 190.0]
scores: [0.9091325170506541, 0.796382178736575, 0.7753904730024501, 0.7989610941520956, 0.7498935000652357]
