training_data_sizes: [0.1, 0.2, 0.3, 0.4, 0.5, 0.6, 0.7, 0.8, 0.9, 1.0]
times: [0.73, 1.34, 1.97, 2.52, 3.17, 3.77, 4.43, 4.94, 5.52, 11.53]
scores: [0.801213256509172, 0.7779207962639456, 0.7770715488448526, 0.7629413188803681, 0.7564063127344385, 0.7500538512944204, 0.7398579047485337, 0.7379185910357, 0.7327814121611569, 0.7277226889648162]
