training_data_sizes: [0.1, 0.2, 0.3, 0.4]
times: [156.1, 308.62, 457.34, 602.66]
scores: [0.8637362746017432, 0.8493718372194615, 0.8476994107895611, 0.9758418782124885]
