training_data_sizes: [0.1, 0.2, 0.3, 0.4, 0.5, 0.6, 0.7]
times: [57.0, 113.0, 172.0, 235.0, 292.0, 355.0, 410.0]
scores: [0.9051108714754532, 0.8152905725822261, 0.8667620491105309, 0.9737345701183053, 1.0, 1.0, 1.0]
