training_data_sizes: [0.1, 0.2, 0.3, 0.4]
times: [30.0, 72.0, 110.0, 159.0]
scores: [0.8936235292908621, 0.8289088798193057, 0.8328178435389938, 0.8457674237482977]
