training_data_sizes: [0.1, 0.2]
times: [657.68, 1301.75]
scores: [0.7105113666605347, 0.8833043726323382]
