training_data_sizes: [0.1, 0.2, 0.3, 0.4, 0.5, 0.6, 0.7, 0.8, 0.9, 1.0]
times: [68.0, 139.0, 209.0, 275.0, 342.0, 410.0, 480.99999999999994, 554.0, 629.0, 694.0]
scores: [0.6897205573718996, 0.8230298046853599, 0.8409808998341257, 0.7776373007796651, 0.96918329520431, 0.9533615598236027, 1.0, 1.0, 1.0, 1.0]
