training_data_sizes: [0.1, 0.2, 0.3, 0.4]
times: [355.13, 706.45, 1052.47, 1406.04]
scores: [0.9195187421209694, 0.823939621938638, 0.8880362917417683, 1.0]
