training_data_sizes: [0.1, 0.2, 0.3, 0.4, 0.5, 0.6, 0.7, 0.8, 0.9]
times: [28.0, 51.0, 83.0, 116.0, 143.0, 177.0, 204.0, 236.0, 268.0]
scores: [0.9509146776238281, 1.0, 0.9583154913707362, 0.9085555780894674, 0.902246543039439, 0.986843090594176, 1.0, 1.0, 0.9032129375024107]
