training_data_sizes: [0.1, 0.2, 0.3, 0.4, 0.5, 0.6, 0.7, 0.8, 0.9, 1.0]
times: [121.53, 240.13, 368.37, 484.65, 606.08, 722.76, 846.63, 963.84, 1081.97, 1203.84]
scores: [0.8649245099308301, 0.8831322287735159, 0.9912013537608699, 1.0, 1.0, 1.0, 1.0, 1.0, 1.0, 1.0]
