training_data_sizes: [0.1, 0.2, 0.3]
times: [100.0, 212.0, 328.0]
scores: [0.8775362043861259, 1.0, 0.9977102691001962]
