training_data_sizes: [0.1, 0.2, 0.3, 0.4, 0.5]
times: [227.31, 446.55, 662.76, 884.89, 1103.68]
scores: [0.5987794869336955, 0.7475315876550941, 0.8926705810294937, 0.8456311510211796, 0.859136153855429]
