training_data_sizes: [0.1, 0.2, 0.3, 0.4, 0.5]
times: [61.0, 139.0, 200.0, 277.0, 341.0]
scores: [0.6720363297380587, 0.5033568438224112, 0.6517552421681256, 0.5582113790461805, 0.48933986998182905]
