training_data_sizes: [0.1, 0.2, 0.3, 0.4, 0.5, 0.6, 0.7, 0.8, 0.9]
times: [102.0, 216.0, 321.0, 430.0, 546.0, 653.0, 763.0, 870.0, 983.0]
scores: [0.9659408578006974, 0.8549015624346276, 0.8964138717446506, 0.975335634230867, 0.950944694124136, 1.0, 1.0, 0.9706574792404807, 0.9791817280982142]
