training_data_sizes: [0.1, 0.2, 0.3, 0.4, 0.5, 0.6, 0.7, 0.8, 0.9, 1.0]
times: [142.79, 286.36, 421.14, 560.15, 707.93, 844.67, 989.8, 1122.72, 1260.73, 1408.54]
scores: [0.7136333253197775, 0.742169517224114, 0.6354327629084575, 0.6347420575370728, 0.6752563494776489, 0.6272839981274569, 0.6333111538797226, 0.6954514567737884, 0.6825412422197027, 0.6841497045340843]
