training_data_sizes: [0.1, 0.2, 0.3, 0.4, 0.5]
times: [28.0, 50.0, 84.0, 116.0, 140.0]
scores: [0.7962705735345728, 0.8368886599389466, 0.8645217195378471, 0.8021977905638282, 0.704950627622663]
