training_data_sizes: [0.1, 0.2, 0.3, 0.4, 0.5, 0.6, 0.7, 0.8, 0.9]
times: [26.0, 56.0, 86.0, 110.0, 147.0, 171.0, 203.0, 230.0, 262.0]
scores: [0.594963533113284, 0.7995140689639977, 0.8163768380263177, 0.7526290457960695, 0.9087556760504083, 0.9400112545978083, 0.9225412588270053, 0.9378209279461813, 0.9845302397505001]
