training_data_sizes: [0.1, 0.2, 0.3, 0.4, 0.5, 0.6, 0.7, 0.8, 0.9, 1.0]
times: [0.1, 0.13, 0.16, 0.2, 0.25, 0.35, 0.35, 0.38, 0.49, 0.53]
scores: [0.0, 0.0, 0.011077034097059402, 0.18468088127530846, 0.18967050514754558, 0.20675983320184832, 0.18921579585770631, 0.1990212485420153, 0.19162248909084356, 0.20049017798061453]
