training_data_sizes: [0.1, 0.2, 0.3, 0.4, 0.5, 0.6, 0.7, 0.8, 0.9]
times: [127.06, 250.39, 373.81, 496.95, 619.83, 743.28, 858.93, 981.52, 1104.81]
scores: [0.5834964374420352, 0.507227043136158, 0.6020351829136446, 0.5907285714180325, 0.7457595276058713, 0.7781614189283226, 0.7223696251114533, 0.9051988485152183, 1.0]
