training_data_sizes: [0.1, 0.2, 0.3, 0.4, 0.5, 0.6]
times: [200.89, 409.53, 604.85, 805.19, 1008.74, 1200.95]
scores: [0.5601370314760116, 0.5610111504883167, 0.43006595391204394, 0.604242844181127, 0.5552713008472627, 0.5615536272917264]
