training_data_sizes: [0.1, 0.2, 0.3, 0.4]
times: [43.0, 92.0, 144.0, 192.0]
scores: [0.8780285598721516, 0.8093573099201665, 0.8756624366441264, 0.8492565744981587]
