training_data_sizes: [0.1, 0.2, 0.3]
times: [474.22, 941.04, 1403.1]
scores: [0.8719395837330532, 0.8924076983523672, 0.9752615325726572]
