training_data_sizes: [0.1, 0.2, 0.3, 0.4, 0.5]
times: [285.56, 561.45, 840.26, 1121.76, 1405.43]
scores: [0.8843704295859194, 1.0, 0.9991018368026143, 0.9353409706426631, 1.0]
