training_data_sizes: [0.1, 0.2, 0.3, 0.4, 0.5]
times: [143.35, 283.01, 423.66, 560.74, 703.14]
scores: [0.9077316915880813, 0.938518388309987, 1.0, 1.0, 0.9749248617350059]
