training_data_sizes: [0.1, 0.2, 0.3, 0.4, 0.5, 0.6, 0.7, 0.8, 0.9, 1.0]
times: [2.44, 4.73, 7.45, 10.74, 14.43, 19.01, 23.63, 28.39, 33.94, 38.49]
scores: [1.0, 1.0, 0.9999999854319832, 0.9999999857943969, 0.9999999908966277, 0.999999980792021, 0.999999976194381, 0.9999999702226428, 0.9999999704454656, 0.999999975963993]
