training_data_sizes: [0.1, 0.2, 0.3, 0.4]
times: [27.0, 59.0, 82.0, 119.0]
scores: [0.8352304663747424, 0.9775681185030516, 0.9008664557012052, 1.0]
