training_data_sizes: [0.1, 0.2, 0.3, 0.4, 0.5]
times: [133.0, 270.0, 415.0, 552.0, 693.0]
scores: [0.7599030467034107, 0.6584881023130416, 0.8792278184374838, 0.8675246613452797, 0.9388936079397052]
