training_data_sizes: [0.1, 0.2, 0.3, 0.4]
times: [176.18, 359.25, 527.31, 703.62]
scores: [0.6741188738019184, 0.6867355979109646, 0.8440258717280662, 0.7837160925116217]
