training_data_sizes: [0.1, 0.2, 0.3, 0.4, 0.5, 0.6]
times: [60.0, 132.0, 201.0, 273.0, 343.0, 419.0]
scores: [0.6741705643701845, 0.5710929022876203, 0.7094867931226883, 0.514374839855219, 0.509841724137621, 0.6348721548364215]
