training_data_sizes: [0.1, 0.2, 0.3]
times: [11.0, 36.0, 58.0]
scores: [0.6623899914705204, 0.7590705263909118, 0.828413600078326]
