training_data_sizes: [0.1, 0.2, 0.3, 0.4, 0.5, 0.6, 0.7, 0.8, 0.9, 1.0]
times: [13.28, 24.56, 35.27, 42.26, 53.19, 69.64, 80.67, 91.02, 101.86, 113.51]
scores: [0.6673914789211182, 0.6824637254192263, 0.6929226515815854, 0.7024684751312795, 0.7078185810768192, 0.7129341717498501, 0.7174506857673681, 0.719348901017836, 0.7229885154291127, 0.7255291606715444]
