training_data_sizes: [0.1, 0.2, 0.3]
times: [238.8, 474.91, 708.3]
scores: [0.9010507046013436, 0.803036478673227, 0.8751520003535957]
