training_data_sizes: [0.1, 0.2, 0.3, 0.4, 0.5]
times: [164.41, 329.71, 486.79, 641.69, 804.46]
scores: [0.806424022041136, 0.7995282266824577, 0.8348544047542945, 0.9610256883663836, 0.9371259791355506]
