training_data_sizes: [0.1, 0.2, 0.3, 0.4, 0.5, 0.6, 0.7, 0.8, 0.9, 1.0]
times: [105.87, 204.63, 303.32, 404.26, 501.34, 608.04, 709.91, 808.51, 904.99, 1002.56]
scores: [0.7220611756082758, 0.8434610781777286, 0.8450642612837431, 0.9490158055119604, 0.9332320938086429, 0.8271087331448257, 0.9754288804713342, 0.9800422769837696, 0.9832134933694108, 1.0]
