training_data_sizes: [0.1, 0.2, 0.3, 0.4, 0.5, 0.6, 0.7, 0.8, 0.9, 1.0]
times: [119.46, 222.88, 334.17, 446.23, 555.22, 667.33, 775.01, 883.23, 996.66, 1104.7]
scores: [0.7928179619349922, 0.8776799916291887, 0.968047708132991, 0.8821753981256042, 0.9992399873592362, 1.0, 1.0, 1.0, 1.0, 1.0]
