training_data_sizes: [0.1, 0.2, 0.3, 0.4, 0.5, 0.6, 0.7, 0.8, 0.9, 1.0]
times: [0.81, 1.42, 1.92, 2.79, 3.4, 4.53, 4.81, 6.47, 7.55, 8.65]
scores: [0.9996863703288252, 0.9996380653211858, 0.9994753515485808, 0.999213576421033, 0.9990879725452255, 0.9988975477556454, 0.9987332501989472, 0.9987347096559762, 0.9985840635975562, 0.9984986890782817]
