training_data_sizes: [0.1, 0.2, 0.3, 0.4, 0.5]
times: [181.57, 361.0, 543.26, 723.85, 904.99]
scores: [0.6897594764807723, 0.8248172974968078, 0.8790974263626408, 0.7605986044949034, 0.8364348558251797]
