training_data_sizes: [0.1, 0.2, 0.3, 0.4, 0.5, 0.6]
times: [78.0, 158.0, 236.0, 312.0, 393.0, 475.0]
scores: [0.6836903383703631, 0.7969801377820345, 0.8111056491313988, 0.8501999138780016, 0.9147337254940855, 0.8042723311272921]
