training_data_sizes: [0.1, 0.2, 0.3, 0.4, 0.5, 0.6, 0.7, 0.8, 0.9, 1.0]
times: [3.5, 5.32, 5.43, 8.0, 9.2, 10.86, 12.22, 12.52, 15.79, 18.16]
scores: [0.999552870264784, 0.999415154954701, 0.9964017271072814, 0.9986458175602297, 0.9987806408455513, 0.9972353678691179, 0.9986614509991769, 0.9974579970274298, 0.9973783807170147, 0.9959041716611801]
