training_data_sizes: [0.1, 0.2, 0.3]
times: [54.0, 115.0, 176.0]
scores: [0.8016456887141661, 0.978350833918342, 1.0]
