training_data_sizes: [0.1, 0.2, 0.3, 0.4, 0.5, 0.6, 0.7, 0.8]
times: [90.0, 192.0, 291.0, 390.0, 496.0, 592.0, 695.0, 796.0]
scores: [0.7127407931379708, 0.7967167243064499, 0.8509344771162803, 0.7996840318429662, 0.9537281706898024, 0.8508845416185481, 0.8724197183836757, 0.9663018083216968]
