training_data_sizes: [0.1, 0.2, 0.3, 0.4, 0.5, 0.6, 0.7, 0.8, 0.9, 1.0]
times: [3.29, 6.14, 12.18, 19.01, 27.14, 36.93, 47.39, 59.81, 73.58, 86.09]
scores: [0.4378843788437883, 0.4502107661246315, 0.47590693671745266, 0.49430223940986573, 0.5076597131681877, 0.4914601965631742, 0.49887893998350963, 0.49513097639426484, 0.5065242189208741, 0.4990771502399409]
