training_data_sizes: [0.1, 0.2, 0.3, 0.4, 0.5, 0.6, 0.7, 0.8, 0.9, 1.0]
times: [29.0, 55.0, 84.0, 115.0, 141.0, 176.0, 206.0, 236.0, 263.0, 299.0]
scores: [0.9268763236601217, 0.8068786446971409, 0.8256330091288365, 0.8464729416435157, 0.7864164793214086, 0.7649410108676109, 0.7350998099093378, 0.7118130096075017, 0.8503895706484887, 0.8519298591871989]
