training_data_sizes: [0.1, 0.2, 0.3, 0.4, 0.5, 0.6, 0.7, 0.8, 0.9, 1.0]
times: [47.0, 97.0, 148.0, 199.0, 246.0, 299.0, 341.0, 390.0, 440.0, 491.0]
scores: [0.42999206830111025, 0.4820446072127346, 0.5248498282042263, 0.6389235457511698, 0.6243895250101892, 0.5134871659723028, 0.6934752427813724, 0.6798368829336539, 0.9390207513789216, 0.8889505459530187]
