training_data_sizes: [0.1, 0.2, 0.3, 0.4, 0.5, 0.6, 0.7, 0.8, 0.9]
times: [117.0, 232.0, 354.0, 475.0, 592.0, 715.0, 836.0, 950.0, 1076.0]
scores: [0.6988482440464395, 0.7666920673658213, 0.6460628455084684, 0.5881625055672779, 0.6689409640378159, 0.6543519192211849, 0.5334137327537108, 0.5680644356705118, 0.5414846751192838]
