training_data_sizes: [0.1, 0.2, 0.3, 0.4, 0.5, 0.6, 0.7, 0.8]
times: [107.5, 207.66, 305.0, 404.53, 508.4, 601.1, 700.18, 804.57]
scores: [0.7698360613603759, 0.7906225274921452, 0.8118429751391367, 0.8874974686019033, 0.9599345089257085, 0.9546347959636212, 0.9291266188335727, 0.8810474224021849]
