training_data_sizes: [0.1, 0.2, 0.3, 0.4, 0.5]
times: [43.0, 92.0, 146.0, 196.0, 248.0]
scores: [0.7140418987256829, 0.6137789650979677, 0.5395048040470606, 0.5788247670115432, 0.6445295979239759]
