training_data_sizes: [0.1, 0.2, 0.3, 0.4]
times: [27.0, 59.0, 84.0, 115.0]
scores: [0.8021858707372056, 0.8962821557664405, 0.868947672146914, 0.8716984698803327]
