training_data_sizes: [0.1, 0.2, 0.3, 0.4, 0.5, 0.6, 0.7, 0.8, 0.9, 1.0]
times: [0.72, 21.06, 37.06, 46.28, 62.27, 69.88, 83.27, 102.0, 108.11, 125.16]
scores: [0.9773223832069731, 0.9876425682633295, 0.9914288170355853, 0.9934041507794479, 0.9946031850553059, 0.9954483545753384, 0.9959922190554725, 0.9964209604392366, 0.9967303098176828, 0.997053872978085]
