training_data_sizes: [0.1, 0.2]
times: [607.4, 1204.82]
scores: [0.7111393884200742, 0.7471315379880432]
