training_data_sizes: [0.1, 0.2, 0.3, 0.4, 0.5]
times: [110.0, 230.0, 353.0, 475.0, 592.0]
scores: [0.8017182852021969, 0.8860414412407587, 0.8091154615008729, 0.7998434264355293, 0.8071508272957225]
