training_data_sizes: [0.1, 0.2, 0.3, 0.4, 0.5, 0.6, 0.7, 0.8, 0.9]
times: [149.35, 295.99, 435.94, 584.51, 723.88, 875.48, 1019.69, 1161.36, 1302.16]
scores: [0.954206215498878, 0.9464254322707606, 0.9108506737166814, 0.9558947239808835, 1.0, 0.9422049568765696, 0.859415896534401, 0.8688606026919241, 0.9578382087404629]
