training_data_sizes: [0.1, 0.2, 0.3, 0.4, 0.5]
times: [202.6, 406.13, 602.98, 803.54, 1008.8]
scores: [0.8997657894205214, 0.9132139441112079, 1.0, 1.0, 0.98426983243258]
