training_data_sizes: [0.1, 0.2, 0.3, 0.4]
times: [56.0, 117.0, 173.0, 237.0]
scores: [0.594479373577832, 0.6903275801586324, 0.7167535363112189, 0.6952846241920538]
