training_data_sizes: [0.1, 0.2, 0.3, 0.4]
times: [209.66, 406.61, 604.31, 802.36]
scores: [0.5355723617158727, 0.6634177390142376, 0.6669662200577149, 0.6328989628233732]
