training_data_sizes: [0.1, 0.2, 0.3, 0.4, 0.5, 0.6, 0.7, 0.8]
times: [182.87, 359.44, 530.47, 709.81, 875.86, 1056.07, 1226.61, 1409.27]
scores: [0.7835129049619357, 0.8936035504596136, 0.9029279291719765, 0.9871063681693002, 0.9109048922484297, 0.8772645208365868, 1.0, 0.9709175884875314]
