training_data_sizes: [0.1, 0.2]
times: [39.0, 78.0]
scores: [0.6351724714041573, 0.8032693978866162]
