training_data_sizes: [0.1, 0.2, 0.3, 0.4, 0.5, 0.6, 0.7, 0.8, 0.9]
times: [120.12, 224.0, 339.6, 445.64, 556.18, 676.36, 784.44, 893.54, 1001.12]
scores: [0.793069665115032, 0.7713887965156221, 0.8140054969667543, 0.8316834249769773, 0.903293767263653, 0.9561503984676745, 1.0, 0.9045897922966524, 0.9750934352433291]
