training_data_sizes: [0.1, 0.2]
times: [506.72, 1002.82]
scores: [0.7941171289098542, 0.7309678907661729]
