training_data_sizes: [0.1, 0.2, 0.3, 0.4]
times: [259.57, 503.52, 757.12, 1001.73]
scores: [0.5620561342776822, 0.6660554493427988, 0.7403646828747051, 0.7376808704932201]
