training_data_sizes: [0.1, 0.2, 0.3, 0.4]
times: [22.0, 57.0, 81.0, 114.0]
scores: [0.8729421264449349, 0.9681152832112497, 1.0, 1.0]
