training_data_sizes: [0.1, 0.2, 0.3, 0.4, 0.5, 0.6]
times: [156.3, 309.8, 454.33, 604.01, 752.85, 909.67]
scores: [0.579207368257807, 0.7225551394924213, 0.660676881732661, 0.8039622436628482, 0.7485199434179404, 0.8594856112075908]
