training_data_sizes: [0.1, 0.2]
times: [109.0, 210.0]
scores: [0.8044191974289974, 0.7533568604769293]
