training_data_sizes: [0.1, 0.2, 0.3, 0.4, 0.5, 0.6, 0.7, 0.8, 0.9]
times: [118.0, 239.0, 359.0, 476.0, 599.0, 718.0, 835.0, 950.0, 1070.0]
scores: [0.8706086630304657, 0.9201786603716553, 0.8617644685652471, 0.7509465820620224, 0.8935167668180279, 0.9489267867055287, 0.817627461486763, 0.8458721234484714, 0.905495828634374]
