training_data_sizes: [0.1, 0.2, 0.3, 0.4, 0.5, 0.6, 0.7, 0.8, 0.9, 1.0]
times: [79.91, 148.03, 216.3, 286.62, 356.55, 422.22, 498.17, 567.61, 639.81, 707.75]
scores: [0.7322061930766268, 0.7399735821743543, 0.7152717671432036, 0.7966242127111551, 0.8262094921615553, 0.9791476766658305, 0.9292704914691164, 1.0, 1.0, 1.0]
