training_data_sizes: [0.1, 0.2, 0.3, 0.4, 0.5, 0.6, 0.7, 0.8, 0.9]
times: [155.66, 319.82, 472.07, 627.3, 786.96, 936.91, 1096.93, 1248.14, 1409.8]
scores: [0.6687397526383372, 0.7636288808555863, 0.6271462242603407, 0.6489764075551248, 0.7647669473107799, 0.706124657912526, 0.6152616751665669, 0.593760274538909, 0.6982970187722859]
