training_data_sizes: [0.1, 0.2, 0.3, 0.4, 0.5, 0.6, 0.7, 0.8]
times: [153.46, 303.66, 452.25, 604.59, 755.78, 909.8, 1053.09, 1205.51]
scores: [0.811187048578754, 0.8733891594737675, 1.0, 0.9513536808421251, 0.883941421344866, 1.0, 0.9591822578875651, 1.0]
