training_data_sizes: [0.1, 0.2]
times: [555.28, 1106.84]
scores: [0.9130517332379764, 0.9128721659768279]
