training_data_sizes: [0.1, 0.2, 0.3, 0.4]
times: [333.61, 655.78, 979.39, 1300.98]
scores: [0.8607105529230276, 0.7917703644881346, 0.8558400619394708, 0.8903172325661979]
