training_data_sizes: [0.1, 0.2, 0.3, 0.4, 0.5, 0.6, 0.7, 0.8]
times: [100.19, 202.15, 308.91, 401.43, 509.18, 607.16, 700.78, 807.34]
scores: [0.9178334064345621, 0.833981673017159, 0.888400805759878, 0.9492416008690581, 0.9093198792002009, 0.8825341929484474, 0.9674226376069744, 0.8526236784070216]
