training_data_sizes: [0.1, 0.2, 0.3]
times: [443.11, 871.05, 1302.34]
scores: [1.0, 0.955063937207843, 0.9005971635301155]
