training_data_sizes: [0.1, 0.2, 0.3, 0.4]
times: [358.6, 704.46, 1050.38, 1408.41]
scores: [0.787656169885493, 0.7605213065650704, 0.957582077131526, 0.9976556078752967]
