training_data_sizes: [0.1, 0.2, 0.3, 0.4, 0.5, 0.6, 0.7, 0.8, 0.9]
times: [123.38, 251.62, 376.58, 495.29, 619.34, 734.78, 864.21, 985.36, 1104.72]
scores: [0.8414055380535266, 0.8820454983544135, 0.8936176130154176, 0.9032253298669939, 0.973554390815718, 0.9361916621685209, 0.9753161903906127, 1.0, 1.0]
