training_data_sizes: [0.1, 0.2, 0.3, 0.4, 0.5]
times: [20.0, 53.0, 81.0, 119.0, 148.0]
scores: [0.7224492990422782, 0.806300282470457, 0.9176611614784779, 0.934961092682264, 1.0]
