training_data_sizes: [0.1, 0.2, 0.3]
times: [205.89, 402.55, 603.66]
scores: [0.46627206383432884, 0.48324451521924233, 0.6895265950607082]
