training_data_sizes: [0.1, 0.2, 0.3]
times: [366.94, 740.75, 1100.17]
scores: [0.8277275125426161, 0.917187464217625, 1.0]
