training_data_sizes: [0.1, 0.2, 0.3, 0.4, 0.5, 0.6, 0.7, 0.8, 0.9, 1.0]
times: [18.37, 35.72, 59.88, 85.71, 117.76, 153.59, 193.71, 235.46, 281.93, 332.87]
scores: [0.6969175678945788, 0.7918166964927921, 0.8266148419532396, 0.8682201889178078, 0.8876383072242837, 0.8996977099614238, 0.910704943846083, 0.9236947863265638, 0.9305021512314496, 0.9370291066125719]
