training_data_sizes: [0.1, 0.2]
times: [568.24, 1068.04]
scores: [0.7255726474527602, 0.5185733329772618]
