training_data_sizes: [0.1, 0.2, 0.3, 0.4, 0.5, 0.6]
times: [65.0, 137.0, 208.0, 272.0, 348.0, 414.0]
scores: [0.9484340744062829, 0.7883581677095619, 0.8503796101580889, 0.9713926301666984, 0.9246687335494473, 1.0]
