training_data_sizes: [0.1, 0.2, 0.3, 0.4, 0.5, 0.6, 0.7, 0.8, 0.9]
times: [18.0, 39.0, 50.0, 71.0, 91.0, 118.0, 135.0, 151.0, 175.0]
scores: [0.7249691239653779, 0.9168815009224942, 0.7824385041827349, 0.8742631954463989, 0.9738323313625412, 1.0, 1.0, 1.0, 1.0]
