training_data_sizes: [0.1, 0.2]
times: [400.9, 807.98]
scores: [0.8538353256646796, 0.8564115571075295]
