training_data_sizes: [0.1, 0.2, 0.3, 0.4, 0.5, 0.6, 0.7, 0.8, 0.9, 1.0]
times: [0.27, 0.45, 0.63, 0.85, 1.02, 1.19, 1.42, 1.6, 1.77, 2.01]
scores: [0.08027690162398746, 0.1744169220281024, 0.23531069130396334, 0.27509075595755295, 0.3007212811294487, 0.3091417549230225, 0.3189794658659014, 0.32443638581299566, 0.32870029019245545, 0.3304390373610361]
