training_data_sizes: [0.1, 0.2, 0.3, 0.4, 0.5, 0.6, 0.7, 0.8]
times: [27.19, 86.6, 167.06, 286.91, 436.18, 615.22, 822.62, 1056.96]
scores: [0.9773223832069731, 0.9876425682230661, 0.9914288170472463, 0.9934041598181592, 0.9946031898013089, 0.9954486205407946, 0.9959983223650676, 0.9964227206664307]
