training_data_sizes: [0.1, 0.2, 0.3, 0.4, 0.5, 0.6, 0.7, 0.8, 0.9]
times: [163.01, 318.52, 467.43, 628.75, 783.78, 936.29, 1098.11, 1249.32, 1407.2]
scores: [0.4558516629496314, 0.584246285758263, 0.6819133214467548, 0.6551598053039838, 0.5915363767426884, 0.7967052890502389, 0.7521365989967921, 0.9776353694997978, 0.958462408467136]
