training_data_sizes: [0.1, 0.2, 0.3, 0.4, 0.5, 0.6]
times: [239.4, 470.05, 702.77, 938.87, 1176.5, 1407.84]
scores: [0.6358420307633511, 0.7105013976059328, 0.8550094452438155, 0.8031450665889659, 0.8547435187803314, 0.9750632246005337]
