training_data_sizes: [0.1, 0.2, 0.3]
times: [9.0, 11.0, 23.0]
scores: [0.6331446256443233, 0.7483020324284608, 0.7261836561479018]
