training_data_sizes: [0.1, 0.2, 0.3, 0.4, 0.5, 0.6]
times: [1.0, 13.0, 24.0, 39.0, 43.0, 57.0]
scores: [0.8031354187421892, 0.9472775356319758, 0.8264138999856576, 1.0, 0.9500367042625066, 0.8841330794132578]
