training_data_sizes: [0.1, 0.2, 0.3, 0.4, 0.5, 0.6, 0.7, 0.8, 0.9]
times: [93.71, 178.74, 268.63, 361.39, 445.91, 540.91, 626.58, 714.51, 801.04]
scores: [0.842098829919278, 0.8870000406689876, 0.8313086006658037, 0.9625622243670245, 0.89620100992739, 0.9487659010437182, 1.0, 1.0, 0.9942431165359142]
