training_data_sizes: [0.1, 0.2, 0.3, 0.4]
times: [32.0, 75.0, 116.0, 159.0]
scores: [0.8069905647271662, 0.793573213332562, 0.8546642823156814, 0.9069416850702603]
