training_data_sizes: [0.1, 0.2]
times: [36.0, 72.0]
scores: [0.7763935065483858, 0.7758724733279905]
