training_data_sizes: [0.1, 0.2, 0.3, 0.4, 0.5, 0.6, 0.7, 0.8]
times: [37.0, 72.0, 114.0, 156.0, 195.0, 232.0, 278.0, 312.0]
scores: [0.8964542744437837, 0.8314872690436488, 0.7675759847951117, 0.7802097023118584, 0.8298677059266106, 0.7938105915449616, 0.9058978548386287, 0.9540202046761058]
