training_data_sizes: [0.1, 0.2, 0.3, 0.4, 0.5, 0.6, 0.7, 0.8, 0.9]
times: [120.69, 228.99, 336.77, 449.8, 562.63, 666.95, 787.55, 892.76, 1000.91]
scores: [0.7402633433984633, 0.8611337232051244, 0.9800389606128466, 0.9009751855302788, 0.8717181366285274, 0.8960214542366378, 1.0, 0.9213906884819058, 1.0]
