training_data_sizes: [0.1, 0.2, 0.3, 0.4, 0.5, 0.6, 0.7]
times: [108.11, 201.48, 300.51, 404.96, 501.56, 607.05, 708.44]
scores: [0.8518516729437864, 0.8177358146933418, 0.8409791710105823, 0.8809724691027727, 0.9883761862619063, 0.8661532275475616, 1.0]
