training_data_sizes: [0.1, 0.2, 0.3, 0.4]
times: [251.37, 508.76, 755.39, 1009.86]
scores: [0.8491840747284463, 0.9019549277092499, 0.9369877807072899, 0.9717394048685701]
