training_data_sizes: [0.1, 0.2, 0.3, 0.4, 0.5]
times: [167.57, 320.59, 486.69, 641.18, 808.68]
scores: [0.692377024275712, 0.7216482025820845, 0.836695177105018, 0.9218113305767707, 0.8198008268140755]
