training_data_sizes: [0.1, 0.2, 0.3, 0.4, 0.5, 0.6]
times: [204.06, 401.81, 609.6, 809.34, 1003.17, 1207.86]
scores: [0.7958378535518782, 0.8647743425386282, 0.8828106313489588, 0.7849972425102081, 0.8868896622716529, 0.9001658221991691]
