training_data_sizes: [0.1, 0.2, 0.3, 0.4, 0.5, 0.6, 0.7, 0.8, 0.9]
times: [78.05, 162.29, 233.56, 312.07, 390.38, 467.96, 546.31, 625.96, 707.46]
scores: [0.9055018660757412, 0.803357038355284, 0.8047836856828527, 0.9000964252344303, 0.9873416026776703, 0.9535942464594271, 0.9625000598028088, 1.0, 1.0]
