training_data_sizes: [0.1, 0.2]
times: [15.0, 34.0]
scores: [0.8315042384477473, 0.9111504616211394]
