training_data_sizes: [0.1, 0.2, 0.3, 0.4, 0.5, 0.6, 0.7]
times: [75.0, 156.0, 231.0, 310.0, 395.0, 478.0, 554.0]
scores: [0.7212918197594411, 0.8848770252539516, 0.8527185865706355, 0.7389801527602463, 0.8148028560338135, 0.8036643221810311, 0.8208487901471848]
