training_data_sizes: [0.1, 0.2, 0.3, 0.4, 0.5, 0.6, 0.7, 0.8, 0.9, 1.0]
times: [6.66, 12.16, 15.9, 18.87, 20.8, 22.55, 27.83, 26.62, 31.22, 32.22]
scores: [0.24693928061338932, 0.2526312701125982, 0.25473525944052444, 0.2550869371683544, 0.2552092705337745, 0.2558524568442504, 0.25531307979680784, 0.254811903955533, 0.2537617635670283, 0.2536536688100236]
