training_data_sizes: [0.1, 0.2]
times: [41.0, 97.0]
scores: [0.7561714197253442, 0.6901398524254594]
