training_data_sizes: [0.1, 0.2, 0.3, 0.4, 0.5, 0.6, 0.7, 0.8, 0.9]
times: [137.05, 274.53, 408.1, 542.38, 667.47, 802.75, 941.5, 1074.0, 1205.71]
scores: [0.8467835046159141, 1.0, 0.9211959727635054, 0.9740138742365607, 1.0, 1.0, 1.0, 1.0, 1.0]
