training_data_sizes: [0.1, 0.2, 0.3, 0.4, 0.5, 0.6]
times: [233.59, 472.93, 702.98, 937.88, 1171.43, 1403.23]
scores: [0.9379055326461712, 0.8209242450834427, 0.8598346827635645, 0.9087530616384267, 0.9091417092371272, 1.0]
