training_data_sizes: [0.1, 0.2, 0.3, 0.4]
times: [58.0, 113.0, 170.0, 238.0]
scores: [0.492359755575596, 0.4998144651305571, 0.480468169620069, 0.590571997273327]
