training_data_sizes: [0.1, 0.2, 0.3, 0.4, 0.5, 0.6]
times: [112.0, 231.0, 356.0, 476.0, 591.0, 712.0]
scores: [0.901059268092566, 1.0, 0.9262091744666919, 0.940817943733989, 0.8766683544524716, 0.9180675060079815]
