training_data_sizes: [0.1, 0.2, 0.3, 0.4, 0.5, 0.6, 0.7, 0.8]
times: [141.01, 284.99, 413.15, 550.26, 690.51, 832.24, 965.71, 1101.04]
scores: [0.7092823516354397, 0.7292451754306438, 0.9102096805100105, 0.9373455169834533, 0.8625958925836024, 0.8204539365595639, 0.8115672776436557, 0.9570452950857435]
