training_data_sizes: [0.1, 0.2, 0.3, 0.4, 0.5, 0.6]
times: [29.0, 53.0, 86.0, 118.0, 141.0, 171.0]
scores: [0.6341829728007733, 0.6888728192878545, 0.83262626899124, 0.9173959684387687, 0.895260103053594, 0.9088610963662531]
