training_data_sizes: [0.1, 0.2, 0.3]
times: [239.58, 471.04, 706.89]
scores: [0.8561441244345567, 0.9545256353378271, 1.0]
