training_data_sizes: [0.1, 0.2, 0.3, 0.4]
times: [28.0, 50.0, 87.0, 113.0]
scores: [0.8676086233869735, 0.855976846647557, 0.8976697269389419, 1.0]
