training_data_sizes: [0.1, 0.2, 0.3, 0.4, 0.5, 0.6, 0.7, 0.8, 0.9, 1.0]
times: [98.19, 185.75, 276.79, 363.9, 451.74, 541.99, 633.57, 725.38, 814.35, 900.46]
scores: [0.7725898751177652, 0.6750945376626438, 0.8389322111193696, 0.7987540503794874, 0.9682945332052384, 0.9222871884716393, 0.9411975013605018, 1.0, 1.0, 1.0]
