training_data_sizes: [0.1, 0.2, 0.3, 0.4]
times: [331.15, 654.87, 980.52, 1301.49]
scores: [0.9686610807866076, 0.9180724186852169, 1.0, 1.0]
