training_data_sizes: [0.1, 0.2, 0.3, 0.4, 0.5]
times: [129.0, 250.0, 384.0, 519.0, 648.0]
scores: [0.6533222951604999, 0.6594017784025827, 0.6548864456558864, 0.6811946361115166, 0.6489080537759749]
