training_data_sizes: [0.1, 0.2, 0.3, 0.4, 0.5, 0.6, 0.7, 0.8, 0.9, 1.0]
times: [82.8, 163.65, 248.96, 328.19, 404.13, 481.13, 563.54, 644.09, 720.11, 809.77]
scores: [0.6163871649929914, 0.5270792988373945, 0.6908184970206497, 0.5688218883921097, 0.4931109801844165, 0.5882277467234691, 0.5212387130911016, 0.5108535145078285, 0.5363764468352477, 0.5585714851762603]
