training_data_sizes: [0.1, 0.2, 0.3, 0.4, 0.5, 0.6, 0.7]
times: [134.0, 276.0, 415.0, 559.0, 698.0, 833.0, 970.9999999999999]
scores: [0.8867824316081936, 1.0, 0.9139334236648937, 0.9406232351760219, 1.0, 0.9105240544867164, 0.9051585314108981]
