training_data_sizes: [0.1, 0.2, 0.3, 0.4]
times: [328.09, 658.78, 984.03, 1301.8]
scores: [0.8556965206630769, 0.9031821606945758, 0.9685675719522455, 0.8577522470438144]
