training_data_sizes: [0.1, 0.2, 0.3, 0.4]
times: [159.54, 302.44, 454.05, 604.09]
scores: [0.5514180610427897, 0.5629291516835897, 0.6835079258806184, 0.810480618424447]
