training_data_sizes: [0.1, 0.2, 0.3, 0.4, 0.5, 0.6]
times: [53.0, 114.0, 170.0, 233.0, 299.0, 351.0]
scores: [0.7581076599803769, 0.9379301292912121, 0.8294166842860156, 0.8759390140134851, 0.9341137144416397, 0.9399594339602149]
