training_data_sizes: [0.1, 0.2, 0.3]
times: [111.0, 232.0, 351.0]
scores: [0.9936133271726721, 0.980351933207625, 0.8561457804601883]
