training_data_sizes: [0.1, 0.2, 0.3, 0.4, 0.5, 0.6, 0.7, 0.8, 0.9, 1.0]
times: [0.08, 0.1, 0.12, 0.13, 0.17, 0.22, 0.2, 0.24, 0.28, 0.3]
scores: [0.0, 0.0, 0.1230741475735162, 0.20220952728692665, 0.20373700131122852, 0.22588752394905898, 0.20472103892663007, 0.2197322379431006, 0.2107811316672077, 0.21453989116442207]
