training_data_sizes: [0.1, 0.2, 0.3, 0.4, 0.5, 0.6, 0.7]
times: [150.64, 292.98, 431.58, 578.47, 722.92, 865.14, 1001.66]
scores: [0.7552330270140749, 0.8618091468314075, 0.9102843735082442, 0.907761062675887, 0.8179874805535521, 0.9071605497792112, 0.9705258158318824]
