training_data_sizes: [0.1, 0.2, 0.3]
times: [436.8, 867.8, 1308.31]
scores: [0.8664733584287123, 0.9200228381132984, 0.7954271426391133]
