training_data_sizes: [0.1, 0.2, 0.3, 0.4, 0.5, 0.6, 0.7]
times: [6.0, 11.0, 27.0, 35.0, 45.0, 53.0, 66.0]
scores: [0.5075940454808259, 0.5721418499102636, 0.45391984088058956, 0.5481315746057747, 0.5164255373678797, 0.4634369521718028, 0.5658639550296923]
