training_data_sizes: [0.1, 0.2, 0.3, 0.4, 0.5, 0.6, 0.7, 0.8, 0.9, 1.0]
times: [119.24, 220.13, 333.0, 442.98, 555.89, 660.66, 774.88, 882.77, 999.47, 1106.93]
scores: [0.7677149978830218, 0.6882431532390145, 0.8403145309521712, 0.7775938753633389, 0.8111286504771991, 0.8876879472862136, 0.9959192079143498, 0.9851928116964395, 0.9961537572573707, 1.0]
