training_data_sizes: [0.1, 0.2, 0.3, 0.4]
times: [350.16, 709.08, 1054.55, 1400.95]
scores: [0.7744585450986725, 0.9517280912613078, 0.9256403163515468, 0.9688854833662461]
