training_data_sizes: [0.1, 0.2, 0.3, 0.4, 0.5, 0.6, 0.7]
times: [105.09, 209.07, 303.22, 402.8, 507.13, 600.97, 703.39]
scores: [0.8305000848552908, 0.7518609723689147, 0.8414921264775563, 0.8541478618910983, 0.889109892280737, 0.8892114756177318, 0.9277319117355293]
