training_data_sizes: [0.1, 0.2, 0.3, 0.4, 0.5, 0.6, 0.7]
times: [95.0, 195.0, 290.0, 397.0, 497.0, 593.0, 692.0]
scores: [0.8203603588370083, 0.9443321016732665, 0.9520044784240227, 0.8817415595647433, 0.9509961295280405, 0.956469154886302, 0.9925755113257013]
