training_data_sizes: [0.1, 0.2, 0.3, 0.4, 0.5, 0.6, 0.7]
times: [115.02, 235.86, 349.68, 464.44, 577.76, 688.46, 803.3]
scores: [0.6664299287941485, 0.6156749956566803, 0.7083798504908665, 0.7293877771716151, 0.8068054945374958, 0.9311473289503982, 0.950546722526084]
