training_data_sizes: [0.1, 0.2, 0.3]
times: [271.21, 538.73, 805.52]
scores: [0.5454627152364305, 0.5888179952222493, 0.6056963101059599]
