training_data_sizes: [0.1, 0.2, 0.3]
times: [238.95, 473.84, 706.28]
scores: [0.8767918078951702, 0.7491186398647156, 0.8633462460917493]
