training_data_sizes: [0.1, 0.2, 0.3]
times: [70.0, 158.0, 238.0]
scores: [0.6275784257741214, 0.4870877929825247, 0.6493141246543759]
