training_data_sizes: [0.1, 0.2, 0.3]
times: [165.74, 531.37, 743.63]
scores: [0.9992514011434559, 0.9990630066244609, 0.9936748053186086]
