training_data_sizes: [0.1, 0.2]
times: [9.0, 14.0]
scores: [0.9061674488977081, 0.8142561466616678]
