training_data_sizes: [0.1, 0.2, 0.3, 0.4, 0.5, 0.6, 0.7, 0.8, 0.9, 1.0]
times: [43.64, 123.43, 224.36, 319.98, 270.78, 442.68, 470.43, 628.28, 612.42, 861.98]
scores: [0.9962021169194397, 0.9949744426715936, 0.9963463927399785, 0.9962150187749671, 0.9955087542007538, 0.9957585437756554, 0.9951382775564959, 0.9937166717481154, 0.9954207902846616, 0.9940887336746699]
