training_data_sizes: [0.1, 0.2, 0.3, 0.4, 0.5, 0.6, 0.7, 0.8]
times: [84.42, 155.27, 231.7, 300.19, 380.28, 451.61, 531.27, 606.41]
scores: [0.9742326905614275, 0.930968339642225, 0.905930215983819, 1.0, 1.0, 1.0, 0.9222260791695365, 0.9835982702191658]
