training_data_sizes: [0.1, 0.2, 0.3]
times: [113.74, 410.35, 939.83]
scores: [0.9992024537751661, 0.9991519589048246, 0.9991496425484814]
