training_data_sizes: [0.1, 0.2, 0.3]
times: [371.9, 735.59, 1103.51]
scores: [0.7053828541522305, 0.8586589992403333, 0.7793644809160201]
