training_data_sizes: [0.1, 0.2, 0.3]
times: [476.17, 937.39, 1407.06]
scores: [0.7993018608776927, 0.8710684186103328, 1.0]
