training_data_sizes: [0.1, 0.2, 0.3, 0.4]
times: [94.0, 197.0, 291.0, 399.0]
scores: [0.6949166072933199, 0.7195206057858492, 0.8073679396588712, 0.8113600274366574]
