training_data_sizes: [0.1, 0.2]
times: [403.8, 806.62]
scores: [0.9321817646866245, 0.7775181169879608]
