training_data_sizes: [0.1, 0.2, 0.3, 0.4, 0.5, 0.6, 0.7, 0.8]
times: [76.0, 158.0, 233.0, 313.0, 395.0, 478.0, 552.0, 630.0]
scores: [0.8221758854165402, 0.8126080125294244, 0.8608928616681888, 0.8651792652579908, 0.9217942550178504, 0.8542250612641329, 0.9765297739515718, 0.9971610396009065]
