training_data_sizes: [0.1, 0.2, 0.3, 0.4, 0.5, 0.6, 0.7, 0.8, 0.9]
times: [146.7, 295.86, 440.43, 577.89, 728.19, 876.07, 1013.3, 1160.69, 1300.88]
scores: [0.6536228698326756, 0.7287206985025799, 0.7773976281948365, 0.7707034251069311, 0.7489624211504209, 0.7706841472519059, 0.8634166011194195, 1.0, 0.951842811221491]
