training_data_sizes: [0.1, 0.2, 0.3, 0.4, 0.5, 0.6, 0.7, 0.8, 0.9]
times: [164.66, 319.41, 475.14, 626.84, 787.23, 940.61, 1091.39, 1249.48, 1403.12]
scores: [0.8773564220269544, 0.867601107171577, 0.8014261455717564, 0.8540780675026526, 0.9828334161508512, 0.8401002611866137, 0.8710325279300652, 0.8297507404961619, 0.9958500844803346]
