training_data_sizes: [0.1, 0.2, 0.3, 0.4, 0.5, 0.6]
times: [31.0, 72.0, 114.0, 159.0, 195.0, 239.0]
scores: [0.8436285363601395, 0.7333584736637916, 0.7432019734238111, 0.8094143863193503, 0.7605924458254364, 0.7094260320741985]
