training_data_sizes: [0.1, 0.2, 0.3, 0.4, 0.5, 0.6, 0.7]
times: [100.19, 208.21, 309.25, 403.36, 500.79, 607.29, 706.39]
scores: [0.6714191669435569, 0.692084800057095, 0.7833042371799317, 0.8296374373905999, 0.7413933923845624, 0.911588731986633, 1.0]
