training_data_sizes: [0.1, 0.2, 0.3]
times: [80.0, 172.0, 267.0]
scores: [0.8524691808146168, 0.9278501399108067, 0.8449660055569024]
