training_data_sizes: [0.1, 0.2, 0.3, 0.4, 0.5, 0.6, 0.7]
times: [134.27, 257.88, 387.65, 520.83, 645.1, 778.2, 903.95]
scores: [0.8421371125592615, 0.8636784397672639, 0.9494213368325997, 0.912266115956619, 0.8748352062301054, 1.0, 0.9187473731508535]
