training_data_sizes: [0.1, 0.2, 0.3, 0.4, 0.5, 0.6]
times: [100.89, 201.94, 302.33, 402.96, 502.44, 604.89]
scores: [0.7007129787247779, 0.6743612868881488, 0.8810155171492804, 0.8351025742147233, 0.887688299895709, 0.876731244995531]
