training_data_sizes: [0.1, 0.2, 0.3, 0.4, 0.5, 0.6, 0.7]
times: [116.12, 230.85, 346.75, 458.79, 579.56, 687.25, 809.56]
scores: [0.7606431976065615, 0.8546613015910738, 0.962577762125996, 0.8816689073933064, 0.9505980557059839, 0.9612029909811952, 0.8592234454774811]
