training_data_sizes: [0.1, 0.2, 0.3, 0.4, 0.5, 0.6, 0.7, 0.8, 0.9]
times: [120.0, 255.0, 389.0, 518.0, 648.0, 777.0, 902.9999999999999, 1032.0, 1165.0]
scores: [0.8519563359416239, 0.7093293687594806, 0.9521491589479497, 0.8654410531527927, 0.8991086570200211, 1.0, 1.0, 1.0, 1.0]
