training_data_sizes: [0.1, 0.2, 0.3, 0.4, 0.5, 0.6, 0.7, 0.8, 0.9, 1.0]
times: [0.03, 0.04, 0.05, 0.06, 0.08, 0.1, 0.12, 0.14, 0.15, 0.16]
scores: [0.0, 0.3835251455291535, 0.41531308751545537, 0.45239587998208686, 0.490450952954427, 0.5519430051813472, 0.5651912074676302, 0.5903719670748739, 0.6202001859552255, 0.6104605776736924]
