training_data_sizes: [0.1, 0.2, 0.3, 0.4, 0.5, 0.6]
times: [124.35, 240.59, 358.82, 467.86, 585.87, 701.15]
scores: [0.7782356405605848, 0.9144706727045882, 0.887540846531616, 1.0, 0.9914291235917975, 1.0]
