training_data_sizes: [0.1, 0.2, 0.3, 0.4, 0.5, 0.6, 0.7]
times: [128.71, 257.95, 389.81, 519.06, 645.14, 776.75, 906.53]
scores: [1.0, 0.8841217922135396, 0.8771906115147238, 0.879786107802056, 0.889273659799612, 0.9910149322240476, 0.9257944207890851]
