training_data_sizes: [0.1, 0.2, 0.3, 0.4, 0.5]
times: [66.0, 137.0, 207.0, 279.0, 346.0]
scores: [0.9598252126859008, 0.9146222708060765, 0.9225083947181761, 0.919153705049426, 1.0]
