training_data_sizes: [0.1, 0.2, 0.3, 0.4, 0.5, 0.6, 0.7, 0.8, 0.9, 1.0]
times: [2.08, 3.57, 5.33, 7.11, 9.93, 11.29, 13.05, 14.42, 17.42, 19.0]
scores: [0.2059954777500641, 0.20432189880144058, 0.20419454962571337, 0.20207104846828705, 0.20245008812227305, 0.200154627966723, 0.19770763716952033, 0.19495403088103958, 0.19515066421859828, 0.19487514796782746]
