training_data_sizes: [0.1, 0.2, 0.3, 0.4, 0.5, 0.6, 0.7, 0.8, 0.9]
times: [60.0, 134.0, 203.0, 270.0, 345.0, 417.0, 479.99999999999994, 556.0, 629.0]
scores: [0.8894437868382468, 0.8531725636713889, 1.0, 1.0, 1.0, 1.0, 1.0, 1.0, 1.0]
