training_data_sizes: [0.1, 0.2, 0.3, 0.4]
times: [112.0, 233.0, 356.0, 478.0]
scores: [0.867795238996278, 0.8664787936848135, 0.86050906669498, 0.9443436356431265]
