training_data_sizes: [0.1, 0.2, 0.3, 0.4, 0.5, 0.6, 0.7, 0.8]
times: [11.0, 31.0, 58.0, 79.0, 94.0, 110.0, 139.0, 155.0]
scores: [0.749550550920397, 0.8560051464098863, 0.9088213934733773, 0.9749978626498386, 1.0, 0.9932190989184169, 0.9946062504328597, 0.923974639776181]
