training_data_sizes: [0.1, 0.2, 0.3, 0.4, 0.5, 0.6, 0.7, 0.8, 0.9]
times: [91.0, 191.0, 297.0, 394.0, 490.0, 598.0, 698.0, 790.0, 897.0]
scores: [1.0, 0.9624597156238093, 0.9742050169606552, 0.9598900673849993, 0.9395952726863874, 0.9852296586163327, 0.8798894902150127, 0.8852778547619424, 0.9879802453927485]
