training_data_sizes: [0.1, 0.2, 0.3, 0.4, 0.5, 0.6, 0.7, 0.8, 0.9, 1.0]
times: [0.28, 19.03, 30.79, 41.27, 52.47, 62.56, 77.97, 88.85, 100.5, 112.41]
scores: [1.0, 1.0, 1.0, 1.0, 1.0, 1.0, 1.0, 1.0, 0.9998554714641035, 0.9994218274469383]
