training_data_sizes: [0.1, 0.2, 0.3, 0.4, 0.5, 0.6, 0.7, 0.8, 0.9, 1.0]
times: [119.0, 234.0, 357.0, 475.0, 592.0, 710.0, 830.0, 957.0, 1074.0, 1195.0]
scores: [0.96386139376035, 0.9142575367665162, 0.9376580026862754, 1.0, 0.8863190976021385, 1.0, 1.0, 0.9495192190615773, 1.0, 1.0]
