training_data_sizes: [0.1, 0.2, 0.3, 0.4, 0.5]
times: [203.9, 407.39, 603.5, 805.25, 1004.35]
scores: [0.9150628593390426, 0.9385237134691602, 0.8150234166228116, 0.9002442699155836, 0.9144031645648064]
