training_data_sizes: [0.1, 0.2, 0.3, 0.4]
times: [64.0, 134.0, 207.0, 278.0]
scores: [0.5355933180162812, 0.6734796905418516, 0.6078379455794088, 0.7295916561021992]
