training_data_sizes: [0.1, 0.2, 0.3, 0.4]
times: [350.22, 702.37, 1059.14, 1405.72]
scores: [0.7003223433109207, 0.7088113144150379, 0.7841427464334507, 0.8849465754353736]
