training_data_sizes: [0.1, 0.2, 0.3, 0.4, 0.5, 0.6, 0.7, 0.8, 0.9]
times: [83.92, 158.93, 239.02, 313.36, 396.49, 470.16, 549.61, 631.03, 709.73]
scores: [1.0, 0.8962776455705967, 0.9924912553421076, 0.9528218763837365, 0.959334647924514, 0.9748210554758752, 1.0, 0.9733186301348806, 0.9296732015858008]
