training_data_sizes: [0.1, 0.2]
times: [52.0, 116.0]
scores: [0.8407917362543221, 0.9366808501619655]
