training_data_sizes: [0.1, 0.2, 0.3, 0.4, 0.5, 0.6, 0.7, 0.8, 0.9, 1.0]
times: [18.84, 34.06, 50.4, 68.57, 79.36, 100.97, 118.9, 136.28, 141.31, 153.01]
scores: [0.9729074255791839, 0.9843110002221944, 0.9882770307133132, 0.9904858904873673, 0.9912984164188359, 0.9915145308251576, 0.9907672909497668, 0.9897668100528576, 0.9876469660773373, 0.983647780444234]
