training_data_sizes: [0.1, 0.2, 0.3, 0.4, 0.5]
times: [129.05, 246.7, 362.88, 486.1, 601.66]
scores: [0.6531490739975038, 0.6538297452913728, 0.691717464929712, 0.81309337416255, 0.741135890185636]
