training_data_sizes: [0.1, 0.2, 0.3, 0.4, 0.5, 0.6, 0.7, 0.8]
times: [41.0, 98.0, 143.0, 197.0, 242.0, 298.0, 344.0, 391.0]
scores: [0.7188637823551387, 0.8755061388700969, 0.8038960342110786, 0.8999225832906568, 0.8529901910111514, 1.0, 0.9379281416993719, 1.0]
