training_data_sizes: [0.1, 0.2, 0.3, 0.4, 0.5]
times: [186.91, 368.99, 540.88, 726.18, 909.97]
scores: [0.6344241625575213, 0.8057083437395467, 0.806250609226826, 0.7441898334371615, 0.886245286570625]
