training_data_sizes: [0.1, 0.2, 0.3, 0.4, 0.5]
times: [0.0, 18.0, 29.0, 34.0, 45.0]
scores: [0.8523607035655452, 0.8816604690850476, 0.8622307211825696, 0.9726551710358083, 0.9176895484935128]
