training_data_sizes: [0.1, 0.2, 0.3, 0.4]
times: [41.0, 99.0, 141.0, 191.0]
scores: [0.964502276092524, 0.9317050148404291, 0.8781288966076419, 0.965359284749469]
