training_data_sizes: [0.1, 0.2]
times: [63.0, 138.0]
scores: [0.5271916334603477, 0.5529458222371764]
