training_data_sizes: [0.1, 0.2, 0.3, 0.4, 0.5, 0.6, 0.7, 0.8, 0.9]
times: [98.74, 182.6, 274.57, 355.71, 447.93, 540.11, 628.91, 713.81, 804.47]
scores: [0.8982861209694042, 0.867972187482505, 0.921583273905054, 0.921213811849142, 1.0, 1.0, 1.0, 1.0, 1.0]
