training_data_sizes: [0.1, 0.2, 0.3, 0.4, 0.5, 0.6]
times: [134.0, 273.0, 419.0, 557.0, 698.0, 835.0]
scores: [0.8734817136386703, 0.9346395213122943, 0.9155655240899845, 0.8806379862928042, 0.999478305544675, 0.8534078346409307]
