training_data_sizes: [0.1, 0.2]
times: [27.0, 59.0]
scores: [0.9464535656520403, 0.9029039931676046]
