training_data_sizes: [0.1, 0.2, 0.3, 0.4, 0.5, 0.6, 0.7]
times: [36.0, 77.0, 111.0, 154.0, 195.0, 234.0, 274.0]
scores: [0.8996060514759586, 0.8744769447234451, 0.8030292913345887, 0.9567701347082659, 0.884922353207291, 0.9491699526004651, 0.8166435007581185]
