training_data_sizes: [0.1, 0.2, 0.3, 0.4, 0.5, 0.6, 0.7, 0.8]
times: [106.77, 207.9, 300.3, 409.23, 504.89, 603.54, 708.26, 800.25]
scores: [0.5789589814284546, 0.4742765343579226, 0.5592327415680668, 0.5500801413216375, 0.5372162483400752, 0.4509516206109476, 0.5861296856953014, 0.56353867299616]
