training_data_sizes: [0.1, 0.2, 0.3, 0.4, 0.5]
times: [244.81, 482.96, 722.97, 965.53, 1205.12]
scores: [0.8706767190725244, 0.9975308343825939, 1.0, 1.0, 0.8794786922370629]
