training_data_sizes: [0.1, 0.2, 0.3]
times: [81.0, 176.0, 263.0]
scores: [0.8863016392648255, 0.8478068901760418, 0.9855168980648541]
