training_data_sizes: [0.1, 0.2, 0.3, 0.4, 0.5]
times: [26.0, 56.0, 80.0, 118.0, 142.0]
scores: [0.9073721684191278, 0.97885227454572, 0.8718294466174622, 1.0, 1.0]
