training_data_sizes: [0.1, 0.2, 0.3, 0.4, 0.5, 0.6]
times: [169.55, 341.68, 507.77, 669.08, 841.38, 1005.56]
scores: [0.7889022824164909, 0.9427318777558403, 0.8440688912515597, 0.971995500775591, 1.0, 1.0]
