training_data_sizes: [0.1, 0.2, 0.3, 0.4, 0.5, 0.6, 0.7, 0.8, 0.9, 1.0]
times: [116.95, 227.34, 338.0, 443.78, 551.71, 660.61, 775.73, 887.68, 999.13, 1105.24]
scores: [0.7717695132247104, 0.8228631126142968, 0.8386520662625041, 0.8687025917609665, 1.0, 1.0, 0.9282886698434565, 0.9233911801162664, 1.0, 0.9849876238616819]
