training_data_sizes: [0.1, 0.2, 0.3, 0.4, 0.5, 0.6, 0.7, 0.8, 0.9, 1.0]
times: [60.0, 132.0, 206.0, 276.0, 343.0, 419.0, 484.99999999999994, 557.0, 627.0, 691.0]
scores: [0.812309296512428, 0.9219520671698347, 0.839931486849784, 0.9812799718532216, 0.9600193917444737, 1.0, 0.8880993191580888, 0.892833283494685, 0.9675753419289959, 0.9454153318772215]
