training_data_sizes: [0.1, 0.2, 0.3, 0.4, 0.5]
times: [286.6, 564.78, 842.83, 1121.65, 1405.24]
scores: [0.8049062467921551, 0.8608069094403243, 0.7434812165697635, 0.8146403010973664, 0.7184156429530003]
