training_data_sizes: [0.1, 0.2, 0.3, 0.4, 0.5]
times: [125.5, 247.51, 360.85, 484.25, 604.48]
scores: [0.9393444555073713, 0.8915766934120802, 0.9668376568977217, 1.0, 1.0]
