training_data_sizes: [0.1, 0.2, 0.3, 0.4, 0.5]
times: [31.0, 71.0, 116.0, 152.0, 197.0]
scores: [0.9490406146919703, 0.9491297616668981, 0.9473365672126683, 0.8887799927592901, 0.9300750933963138]
