training_data_sizes: [0.1, 0.2, 0.3, 0.4, 0.5, 0.6, 0.7, 0.8, 0.9, 1.0]
times: [68.02, 122.27, 181.72, 242.4, 306.97, 364.95, 422.69, 489.58, 548.29, 605.48]
scores: [0.8538818858251318, 0.8669724719774348, 0.9958359620642199, 1.0, 0.9949436026120274, 1.0, 1.0, 0.9846660041695044, 1.0, 1.0]
