training_data_sizes: [0.1, 0.2, 0.3, 0.4, 0.5, 0.6]
times: [189.63, 367.86, 557.4, 742.37, 922.98, 1101.43]
scores: [0.7957458502473411, 0.9559229865419264, 0.7958894883482333, 0.7981044091513759, 0.8761800653579126, 0.9250311426305247]
