training_data_sizes: [0.1, 0.2, 0.3, 0.4]
times: [232.61, 456.64, 681.53, 908.59]
scores: [0.792165511044981, 0.7969573142447564, 0.9532752257160231, 0.9975099078004921]
