training_data_sizes: [0.1, 0.2, 0.3, 0.4, 0.5, 0.6, 0.7, 0.8]
times: [21.0, 51.0, 83.0, 112.0, 140.0, 172.0, 200.0, 231.0]
scores: [0.4994066698464447, 0.623100681866824, 0.6379743293242937, 0.7193500662835243, 0.848716970395829, 0.8297668145028699, 0.9187704716774587, 0.9490681265988373]
