training_data_sizes: [0.1, 0.2, 0.3, 0.4, 0.5, 0.6]
times: [124.01, 235.99, 357.64, 467.4, 588.86, 702.93]
scores: [0.9319367854918179, 0.8661625161929981, 0.9562929573771106, 0.9801626502645837, 0.9774619977389976, 1.0]
