training_data_sizes: [0.1, 0.2, 0.3, 0.4, 0.5, 0.6, 0.7]
times: [105.0, 214.0, 323.0, 431.0, 549.0, 659.0, 766.0]
scores: [0.9331139619977342, 1.0, 0.9578655936985672, 1.0, 0.9567778023562792, 1.0, 1.0]
