training_data_sizes: [0.1, 0.2, 0.3, 0.4, 0.5, 0.6, 0.7, 0.8, 0.9, 1.0]
times: [0.02, 0.02, 0.03, 0.04, 0.05, 0.05, 0.06, 0.06, 0.07, 0.07]
scores: [1.0, 1.0, 1.0, 0.9997888290571217, 0.9981760145918832, 0.9955068296189791, 0.9950542656958374, 0.9936177821793073, 0.9917448574521834, 0.9913346118332267]
