training_data_sizes: [0.1, 0.2, 0.3, 0.4, 0.5, 0.6, 0.7, 0.8]
times: [62.0, 139.0, 209.0, 279.0, 348.0, 418.0, 479.99999999999994, 554.0]
scores: [0.9274702393400174, 0.8575356475241785, 0.8566885016050962, 0.9073562358343255, 0.8681742020094538, 0.9284747568366396, 0.8770671728927096, 1.0]
