training_data_sizes: [0.1, 0.2, 0.3, 0.4, 0.5, 0.6, 0.7, 0.8, 0.9, 1.0]
times: [83.24, 164.97, 248.06, 329.66, 407.72, 487.21, 569.57, 642.97, 729.21, 804.46]
scores: [0.8582416061677339, 0.8684702523367098, 0.9126501706408776, 0.791888606298869, 0.829117478833802, 0.8528924296107854, 0.8574465057361578, 1.0, 0.9741580836137524, 1.0]
