training_data_sizes: [0.1, 0.2, 0.3, 0.4]
times: [156.13, 308.6, 453.04, 602.42]
scores: [0.9337495440118502, 0.8865726300503074, 0.847643412627138, 0.9191450232694225]
