training_data_sizes: [0.1, 0.2, 0.3, 0.4, 0.5, 0.6, 0.7, 0.8, 0.9]
times: [101.79, 207.9, 302.12, 408.07, 503.4, 601.33, 702.29, 808.94, 902.5]
scores: [0.6236937631649965, 0.8158767221643046, 0.8997526346652576, 0.9599284921616054, 0.9986190550091242, 1.0, 1.0, 1.0, 1.0]
