training_data_sizes: [0.1, 0.2, 0.3, 0.4, 0.5, 0.6, 0.7, 0.8]
times: [14.0, 33.0, 50.0, 73.0, 95.0, 119.0, 139.0, 151.0]
scores: [0.8759835459004475, 0.9953596882736451, 0.9579609612673561, 1.0, 1.0, 1.0, 1.0, 1.0]
