training_data_sizes: [0.1, 0.2, 0.3, 0.4]
times: [11.0, 35.0, 59.0, 78.0]
scores: [0.6738232147866486, 0.5158063068341148, 0.584283276189013, 0.7306587917902978]
