training_data_sizes: [0.1, 0.2, 0.3, 0.4, 0.5, 0.6, 0.7, 0.8, 0.9, 1.0]
times: [4.54, 0.03, 14.12, 18.98, 24.09, 29.27, 34.35, 41.95, 45.65, 51.73]
scores: [0.5236603023947868, 0.5301922090413573, 0.5529798695862981, 0.5557133926697311, 0.571342831102744, 0.5638092046299101, 0.5634892065650166, 0.5690706466760872, 0.5772188937914327, 0.5819071254368064]
