training_data_sizes: [0.1, 0.2, 0.3, 0.4, 0.5]
times: [162.04, 324.75, 485.91, 640.22, 806.64]
scores: [0.7055775205897261, 0.7965494997702551, 0.6660244766126189, 0.7004470086172255, 0.8376782189267743]
