training_data_sizes: [0.1, 0.2, 0.3, 0.4, 0.5]
times: [30.0, 71.0, 110.0, 153.0, 191.0]
scores: [0.894365212545212, 0.9038349126742641, 0.9521306138821334, 0.9836166124106809, 1.0]
