training_data_sizes: [0.1, 0.2, 0.3, 0.4]
times: [15.0, 35.0, 57.0, 73.0]
scores: [0.8271712959484367, 0.9328477493042795, 0.7931420254399585, 0.8222561743904958]
