training_data_sizes: [0.1, 0.2, 0.3, 0.4]
times: [125.0, 252.0, 384.0, 515.0]
scores: [0.8866329095776229, 0.9545543301268782, 0.9818330056944282, 1.0]
