training_data_sizes: [0.1, 0.2, 0.3, 0.4, 0.5, 0.6, 0.7, 0.8]
times: [128.72, 254.93, 384.4, 509.45, 629.16, 757.02, 876.39, 1006.87]
scores: [0.8031462380439653, 0.967329520469805, 0.8849236424358207, 0.9814777976621374, 1.0, 0.9870424898239571, 0.9572197015204769, 0.9925881389959875]
