training_data_sizes: [0.1, 0.2]
times: [309.81, 608.69]
scores: [0.7596344716381069, 0.8602147248004643]
