training_data_sizes: [0.1, 0.2, 0.3, 0.4, 0.5, 0.6, 0.7]
times: [81.0, 174.0, 266.0, 359.0, 449.0, 532.0, 629.0]
scores: [0.7307585005464055, 0.7234467174470737, 0.7659877696498425, 0.8564635089843815, 0.816063035724506, 0.9077149767778323, 1.0]
