training_data_sizes: [0.1, 0.2, 0.3, 0.4]
times: [302.83, 604.74, 900.71, 1206.15]
scores: [0.7725848952366556, 0.91403175675241, 0.8078115818620787, 0.971340898324309]
