training_data_sizes: [0.1, 0.2, 0.3, 0.4, 0.5, 0.6, 0.7]
times: [109.0, 219.0, 323.0, 432.0, 541.0, 654.0, 768.0]
scores: [0.7719170501548874, 0.9063476466753895, 0.7533555767423017, 0.9200872622699414, 0.944293961202558, 0.8637809928168763, 0.8864386954241701]
