training_data_sizes: [0.1, 0.2, 0.3, 0.4, 0.5, 0.6, 0.7]
times: [44.0, 96.0, 147.0, 199.0, 240.0, 292.0, 342.0]
scores: [0.6208069450287915, 0.4770612661594742, 0.5578034381112947, 0.48111261472138084, 0.6262101076963552, 0.6200270887981262, 0.5303648618192469]
