training_data_sizes: [0.1, 0.2, 0.3, 0.4, 0.5, 0.6, 0.7, 0.8, 0.9, 1.0]
times: [66.0, 138.0, 201.0, 270.0, 347.0, 417.0, 483.99999999999994, 555.0, 626.0, 693.0]
scores: [0.8255258564113513, 0.9091637964731474, 0.8949295343934867, 0.7625525706267446, 0.74773660331628, 0.7806163892424864, 0.7652953028132055, 0.8547436902786278, 0.7358374631927604, 0.8032634708426665]
