training_data_sizes: [0.1, 0.2, 0.3, 0.4, 0.5, 0.6, 0.7, 0.8, 0.9, 1.0]
times: [21.0, 57.0, 81.0, 116.0, 146.0, 174.0, 206.0, 237.0, 268.0, 299.0]
scores: [0.7959825272054517, 0.7593209938675651, 0.7727863823121386, 0.6939515114039, 0.6739496894634279, 0.6811146674444404, 0.7662325468111111, 0.7879059623420216, 0.7925774010085922, 0.6502682819708253]
