training_data_sizes: [0.1, 0.2, 0.3, 0.4, 0.5, 0.6, 0.7, 0.8, 0.9]
times: [144.89, 298.71, 433.8, 581.98, 729.6, 875.49, 1018.73, 1159.4, 1306.59]
scores: [0.9966409344802973, 0.930558132107115, 1.0, 1.0, 1.0, 1.0, 1.0, 1.0, 1.0]
