training_data_sizes: [0.1, 0.2, 0.3]
times: [50.0, 112.0, 171.0]
scores: [0.9168716400662869, 0.7811836510058701, 0.8035399755379331]
