training_data_sizes: [0.1, 0.2, 0.3]
times: [32.0, 70.0, 112.0]
scores: [0.8489726556147836, 0.7820369437316501, 0.8775119189145093]
