training_data_sizes: [0.1, 0.2, 0.3, 0.4, 0.5, 0.6, 0.7, 0.8, 0.9, 1.0]
times: [126.0, 257.0, 386.0, 513.0, 640.0, 775.0, 900.9999999999999, 1039.0, 1167.0, 1298.0]
scores: [0.9243592337936333, 1.0, 0.8576972649047789, 1.0, 0.9597048655359715, 1.0, 1.0, 1.0, 1.0, 1.0]
