training_data_sizes: [0.1, 0.2, 0.3, 0.4, 0.5, 0.6, 0.7, 0.8, 0.9, 1.0]
times: [7.53, 11.95, 15.6, 20.02, 23.41, 27.79, 31.07, 33.7, 35.67, 40.62]
scores: [0.6057710837592378, 0.633635971322057, 0.6357689592964465, 0.635128964950044, 0.6413659396092407, 0.6444138589075323, 0.6460287515738495, 0.6474241227876897, 0.6461509053975277, 0.6468522982002342]
