training_data_sizes: [0.1, 0.2, 0.3, 0.4, 0.5, 0.6, 0.7, 0.8, 0.9, 1.0]
times: [32.0, 71.0, 118.0, 150.0, 190.0, 238.0, 276.0, 318.0, 350.0, 392.0]
scores: [0.9128378388442954, 0.8584838379319626, 0.8441458429543949, 1.0, 0.968528767620545, 0.9355981467966887, 0.9697804137731629, 1.0, 1.0, 0.9850177482461284]
