training_data_sizes: [0.1, 0.2, 0.3, 0.4, 0.5, 0.6, 0.7, 0.8]
times: [178.33, 350.81, 534.9, 709.2, 880.72, 1056.54, 1225.46, 1407.52]
scores: [0.9284010887495608, 0.8847867385776069, 0.9940720752601676, 0.9281977689301049, 0.9990518633776536, 1.0, 0.9459835942432023, 1.0]
