training_data_sizes: [0.1, 0.2, 0.3, 0.4, 0.5, 0.6, 0.7, 0.8]
times: [101.73, 208.13, 300.8, 401.03, 506.37, 609.83, 709.83, 807.91]
scores: [0.6702172692985535, 0.8377491757518547, 0.9052376833939454, 0.8025221183640012, 0.781685788311628, 0.8240308670539834, 1.0, 0.9613934109312217]
