training_data_sizes: [0.1, 0.2, 0.3, 0.4, 0.5, 0.6, 0.7, 0.8]
times: [25.0, 55.0, 89.0, 119.0, 140.0, 175.0, 204.0, 235.0]
scores: [1.0, 1.0, 0.9452322800591797, 1.0, 1.0, 0.9545558826378816, 1.0, 1.0]
