training_data_sizes: [0.1, 0.2, 0.3, 0.4]
times: [357.07, 708.95, 1055.79, 1406.19]
scores: [0.8175769111994742, 0.8128802588231516, 0.7549358843533188, 0.5966852759206898]
