training_data_sizes: [0.1, 0.2, 0.3, 0.4, 0.5, 0.6, 0.7, 0.8]
times: [92.3, 180.31, 269.01, 359.9, 438.33, 529.32, 619.13, 700.22]
scores: [0.7665687627393998, 0.9116184316121694, 0.746791330822616, 0.8850544044539728, 0.7417550737294434, 0.800583536023347, 0.7651224081808081, 0.7917390319034057]
