training_data_sizes: [0.1, 0.2, 0.3, 0.4, 0.5, 0.6, 0.7, 0.8]
times: [116.03, 234.53, 343.1, 457.59, 569.55, 678.0, 792.36, 904.42]
scores: [0.732635009507489, 0.68868841393403, 0.750712603737975, 0.7141308019249484, 0.9114607146824933, 0.9784145064388916, 1.0, 1.0]
