training_data_sizes: [0.1, 0.2, 0.3, 0.4, 0.5, 0.6, 0.7]
times: [121.0, 256.0, 380.0, 511.0, 648.0, 779.0, 902.9999999999999]
scores: [0.7934834397662451, 0.8973253213971601, 0.8642787463262036, 0.8513243757017528, 0.9455586671591348, 0.9498499245187528, 1.0]
