training_data_sizes: [0.1, 0.2, 0.3, 0.4, 0.5, 0.6, 0.7]
times: [175.54, 345.53, 516.99, 686.44, 859.97, 1035.91, 1207.97]
scores: [0.6091204811865567, 0.6572767541636171, 0.5912996091692122, 0.6351036560046209, 0.5211471814521221, 0.5739687504034381, 0.47501267966637806]
