training_data_sizes: [0.1, 0.2, 0.3, 0.4, 0.5, 0.6, 0.7, 0.8]
times: [88.23, 178.83, 264.8, 352.36, 447.03, 525.22, 614.24, 706.39]
scores: [0.6986243018519253, 0.910070870602214, 0.8143806112433896, 0.906178732702431, 0.9788418806900268, 1.0, 1.0, 1.0]
