training_data_sizes: [0.1, 0.2, 0.3, 0.4, 0.5]
times: [91.0, 195.0, 297.0, 396.0, 496.0]
scores: [0.795639027132131, 0.8180529539633615, 0.8274018192304593, 0.9246101966157614, 0.8866202486913415]
