training_data_sizes: [0.1, 0.2, 0.3, 0.4, 0.5, 0.6, 0.7, 0.8, 0.9, 1.0]
times: [116.0, 233.0, 356.0, 472.0, 597.0, 718.0, 834.0, 950.0, 1076.0, 1193.0]
scores: [0.5083359671537822, 0.586195173581942, 0.5573521523488815, 0.5190568267425303, 0.5571791983396259, 0.5904441742393759, 0.6792968769167509, 0.6834711344634992, 0.843835884118077, 0.9340976737984262]
