training_data_sizes: [0.1, 0.2, 0.3, 0.4]
times: [25.0, 52.0, 86.0, 116.0]
scores: [0.8477729080776157, 0.962405966054688, 1.0, 1.0]
