training_data_sizes: [0.1, 0.2, 0.3, 0.4]
times: [54.0, 112.0, 177.0, 236.0]
scores: [0.6746358752527765, 0.7604867080654145, 0.6996582267680711, 0.7931532680005942]
