training_data_sizes: [0.1, 0.2, 0.3]
times: [75.0, 153.0, 230.0]
scores: [0.8656248481804314, 0.9189642577106254, 1.0]
