training_data_sizes: [0.1, 0.2, 0.3, 0.4, 0.5, 0.6, 0.7, 0.8]
times: [20.0, 56.0, 84.0, 114.0, 143.0, 171.0, 203.0, 235.0]
scores: [0.9506464136791427, 0.9093606660102264, 0.9621894077518027, 0.9405048394573801, 1.0, 1.0, 0.9759531605330092, 1.0]
