training_data_sizes: [0.1, 0.2, 0.3, 0.4, 0.5, 0.6]
times: [84.0, 175.0, 267.0, 355.0, 441.0, 532.0]
scores: [0.8105491821044678, 0.9082500185310907, 0.8632470051631342, 0.8332330714212546, 0.9155051218279104, 0.9171342099028046]
