training_data_sizes: [0.1, 0.2, 0.3, 0.4, 0.5, 0.6, 0.7, 0.8, 0.9, 1.0]
times: [112.77, 224.3, 338.29, 444.85, 551.55, 665.84, 774.69, 887.94, 993.24, 1101.58]
scores: [0.8855553369541924, 0.906260797494598, 0.9855619492631578, 0.9597911461238564, 1.0, 1.0, 1.0, 1.0, 1.0, 1.0]
