training_data_sizes: [0.1, 0.2, 0.3, 0.4]
times: [359.53, 708.52, 1052.19, 1409.33]
scores: [0.8961748836923957, 0.8848777298114548, 0.8832468242948514, 0.8817156249839817]
