training_data_sizes: [0.1, 0.2, 0.3, 0.4]
times: [22.0, 57.0, 89.0, 117.0]
scores: [0.4749770712887141, 0.5148248557097878, 0.5751166417428002, 0.6203915595813831]
