training_data_sizes: [0.1, 0.2, 0.3, 0.4, 0.5]
times: [108.0, 210.0, 324.0, 431.0, 549.0]
scores: [0.9084517211650133, 0.9982717496396801, 1.0, 1.0, 1.0]
