training_data_sizes: [0.1, 0.2, 0.3, 0.4, 0.5, 0.6]
times: [120.6, 241.9, 357.33, 476.59, 585.8, 703.97]
scores: [0.728287719710835, 0.6557812797013434, 0.8451106701520268, 0.8448898637125004, 0.8612265094130278, 1.0]
