training_data_sizes: [0.1, 0.2, 0.3, 0.4, 0.5, 0.6, 0.7, 0.8, 0.9]
times: [80.0, 173.0, 264.0, 354.0, 442.0, 539.0, 621.0, 711.0, 805.0]
scores: [0.7250502251589535, 0.7286059086117977, 0.6293797043728597, 0.6160450789484876, 0.7502423053474508, 0.5851831893767862, 0.6662410157686894, 0.5715363038819474, 0.5987843243353049]
