training_data_sizes: [0.1, 0.2, 0.3, 0.4, 0.5, 0.6, 0.7, 0.8]
times: [92.96, 179.97, 270.82, 352.15, 439.14, 529.2, 616.83, 701.23]
scores: [0.8281760368133437, 0.8795295934577134, 0.8894936402135538, 0.8232094094386095, 0.9504712878844027, 0.8405167776090752, 0.8935765740743029, 0.8784263273490666]
