training_data_sizes: [0.1, 0.2, 0.3]
times: [133.0, 275.0, 415.0]
scores: [0.7806719767271718, 0.7585201320629278, 0.7927618774513111]
