training_data_sizes: [0.1, 0.2, 0.3, 0.4, 0.5, 0.6]
times: [97.0, 195.0, 295.0, 392.0, 492.0, 598.0]
scores: [0.6418201010683173, 0.6433161590827862, 0.8075807817390698, 0.8259979717786032, 0.8971689882881548, 0.9784110727046089]
