training_data_sizes: [0.1, 0.2, 0.3, 0.4, 0.5]
times: [77.0, 159.0, 236.0, 316.0, 393.0]
scores: [0.898245291163619, 0.8873076262520863, 0.9058500136809384, 0.9279106146529449, 0.9981960164973727]
