training_data_sizes: [0.1, 0.2, 0.3, 0.4]
times: [158.24, 306.82, 457.32, 605.84]
scores: [0.7603884200793256, 0.8835078400840652, 0.8170303608638673, 0.8856036837134615]
