training_data_sizes: [0.1, 0.2, 0.3, 0.4]
times: [18.0, 35.0, 57.0, 77.0]
scores: [0.682194152455781, 0.7439001802641904, 0.6795932496110098, 0.7090301631685754]
