training_data_sizes: [0.1, 0.2, 0.3]
times: [343.16, 671.83, 1003.95]
scores: [0.7187277424931424, 0.676538282359429, 0.8023690250173197]
