training_data_sizes: [0.1, 0.2, 0.3]
times: [24.0, 56.0, 80.0]
scores: [0.6993260925368013, 0.7057830592283871, 0.7580372859787204]
