training_data_sizes: [0.1, 0.2, 0.3, 0.4]
times: [158.94, 307.4, 457.82, 605.74]
scores: [0.5530092229832421, 0.5188419635397193, 0.572814651809513, 0.518895867326246]
