training_data_sizes: [0.1, 0.2, 0.3, 0.4, 0.5, 0.6, 0.7, 0.8, 0.9, 1.0]
times: [18.99, 38.94, 57.17, 76.56, 97.2, 115.84, 135.05, 157.06, 173.32, 193.8]
scores: [0.04035666305496306, 0.0534774741582812, 0.05986624346243313, 0.06822173789568785, 0.07415246977180862, 0.07903610862471763, 0.0834391233417348, 0.08850700866381596, 0.09248829471867011, 0.09529091911507633]
