training_data_sizes: [0.1, 0.2, 0.3, 0.4, 0.5, 0.6]
times: [12.0, 38.0, 51.0, 79.0, 97.0, 112.0]
scores: [0.7045911639831164, 0.8767384393390549, 0.8771362566305253, 1.0, 1.0, 1.0]
