training_data_sizes: [0.1, 0.2, 0.3, 0.4]
times: [325.44, 650.55, 977.21, 1309.32]
scores: [0.5413097492608399, 0.6303206824745593, 0.5647147410297151, 0.6237989516285654]
