training_data_sizes: [0.1, 0.2, 0.3, 0.4, 0.5]
times: [288.45, 564.53, 842.44, 1120.44, 1406.13]
scores: [0.7678698505092223, 0.8835072704168905, 0.7427681600205123, 0.9359509695748434, 0.7449632453338686]
