training_data_sizes: [0.1, 0.2, 0.3, 0.4]
times: [85.0, 173.0, 261.0, 355.0]
scores: [0.8714026205546243, 0.9366654714531655, 0.9247265406130312, 0.9818830576140605]
