training_data_sizes: [0.1, 0.2, 0.3, 0.4, 0.5, 0.6, 0.7, 0.8, 0.9]
times: [25.0, 53.0, 80.0, 111.0, 148.0, 174.0, 208.0, 233.0, 269.0]
scores: [0.8403203255543634, 0.850278667940342, 0.8023693131414786, 0.9541176815025643, 1.0, 0.9943456902526733, 1.0, 1.0, 1.0]
