training_data_sizes: [0.1, 0.2, 0.3, 0.4, 0.5, 0.6, 0.7]
times: [41.0, 96.0, 143.0, 192.0, 242.0, 298.0, 345.0]
scores: [1.0, 1.0, 0.9791010186890303, 0.8824201434865568, 1.0, 1.0, 1.0]
