training_data_sizes: [0.1, 0.2, 0.3, 0.4, 0.5, 0.6, 0.7, 0.8, 0.9, 1.0]
times: [0.02, 0.03, 0.04, 0.06, 0.07, 0.08, 0.09, 0.1, 0.12, 0.13]
scores: [0.0, 0.38733466933867744, 0.4140343151369388, 0.44456841764251886, 0.47945748150892986, 0.4972188357208167, 0.523295283457885, 0.5336998293938697, 0.5612196058968351, 0.5710382513661201]
