training_data_sizes: [0.1, 0.2, 0.3, 0.4, 0.5, 0.6, 0.7, 0.8, 0.9]
times: [85.11, 159.15, 236.32, 311.79, 393.47, 476.47, 549.79, 628.67, 706.08]
scores: [0.9065724148955524, 0.992083491552293, 1.0, 1.0, 1.0, 1.0, 1.0, 1.0, 1.0]
