training_data_sizes: [0.1, 0.2, 0.3, 0.4, 0.5, 0.6]
times: [77.0, 152.0, 236.0, 316.0, 397.0, 472.0]
scores: [0.5570067270555449, 0.7437033771806443, 0.6946817411996198, 0.857833780518492, 0.8560768014940021, 1.0]
