training_data_sizes: [0.1, 0.2, 0.3, 0.4, 0.5, 0.6, 0.7, 0.8]
times: [105.0, 218.0, 324.0, 432.0, 549.0, 658.0, 766.0, 876.0]
scores: [0.8967863717591882, 0.7883611746238195, 0.8414723798748824, 0.8265631576862809, 0.9212534958774274, 0.8300752354927665, 0.9701847139953923, 1.0]
