training_data_sizes: [0.1, 0.2, 0.3, 0.4, 0.5]
times: [87.0, 178.0, 261.0, 351.0, 442.0]
scores: [0.8259370204165148, 0.7954256631223211, 0.8158940538248856, 0.9226663170462945, 0.8717822149042234]
