training_data_sizes: [0.1, 0.2, 0.3, 0.4, 0.5, 0.6]
times: [112.0, 236.0, 353.0, 479.0, 595.0, 717.0]
scores: [0.9304450988172899, 0.8860369076776289, 0.9511167068149752, 0.9024585149356968, 0.9623173912095535, 0.8998427960564245]
