training_data_sizes: [0.1, 0.2, 0.3, 0.4, 0.5, 0.6, 0.7]
times: [165.97, 323.96, 475.14, 629.85, 791.5, 947.64, 1104.18]
scores: [0.924147390030079, 0.9683242758943237, 0.935995159623924, 0.974048826050351, 0.8877169977046095, 0.8593122057878778, 0.8846953514670641]
