training_data_sizes: [0.1, 0.2, 0.3, 0.4, 0.5]
times: [86.0, 173.0, 265.0, 355.0, 444.0]
scores: [0.6566929585667729, 0.7869466670912468, 0.8007458285109904, 0.7764874562633695, 0.9002326245319006]
