training_data_sizes: [0.1, 0.2, 0.3, 0.4, 0.5, 0.6, 0.7, 0.8]
times: [178.64, 351.98, 533.86, 702.97, 877.81, 1053.16, 1228.24, 1402.54]
scores: [0.42955746194639205, 0.5870382886075158, 0.5779483684756257, 0.5724296910479489, 0.6533754375511968, 0.6153456106556369, 0.759862205391002, 0.8815594270733214]
