training_data_sizes: [0.1, 0.2, 0.3, 0.4]
times: [227.62, 450.78, 681.4, 907.97]
scores: [0.8406937619371524, 0.7540961024180526, 0.8020487699462302, 0.6980073028303732]
