training_data_sizes: [0.1, 0.2, 0.3, 0.4, 0.5]
times: [119.0, 239.0, 352.0, 479.0, 593.0]
scores: [0.9825435402736765, 0.942127472506167, 1.0, 1.0, 1.0]
