training_data_sizes: [0.1, 0.2]
times: [505.34, 1009.61]
scores: [0.45292359959835876, 0.43170081355800755]
