training_data_sizes: [0.1, 0.2, 0.3, 0.4]
times: [357.65, 709.45, 1054.22, 1408.25]
scores: [0.8384970776924161, 0.836647054624116, 0.827937730057029, 0.9338496435894867]
