training_data_sizes: [0.1, 0.2, 0.3]
times: [72.0, 156.0, 238.0]
scores: [0.619205942463491, 0.6526750699235391, 0.6216691186567602]
