training_data_sizes: [0.1, 0.2]
times: [115.0, 230.0]
scores: [0.912991985132176, 0.8261553987371699]
