training_data_sizes: [0.1, 0.2, 0.3, 0.4, 0.5, 0.6, 0.7, 0.8, 0.9, 1.0]
times: [39.0, 73.0, 118.0, 151.0, 190.0, 239.0, 273.0, 316.0, 355.0, 394.0]
scores: [0.9450004222409542, 1.0, 1.0, 0.9987709855666684, 1.0, 1.0, 1.0, 1.0, 1.0, 1.0]
