training_data_sizes: [0.1, 0.2]
times: [604.31, 1207.88]
scores: [0.6162946225279589, 0.4859778919201464]
