training_data_sizes: [0.1, 0.2, 0.3, 0.4, 0.5, 0.6]
times: [18.0, 32.0, 57.0, 70.0, 94.0, 111.0]
scores: [0.8148272366743231, 0.7881998682206289, 0.796102001376801, 0.935813731832835, 0.8348194622773205, 0.8602597739691753]
