training_data_sizes: [0.1, 0.2, 0.3, 0.4]
times: [113.0, 232.0, 350.0, 478.0]
scores: [0.5005278737296457, 0.5066631224908948, 0.6056462083184414, 0.5411736499063862]
