training_data_sizes: [0.1, 0.2, 0.3, 0.4, 0.5, 0.6, 0.7, 0.8, 0.9]
times: [50.0, 117.0, 175.0, 237.0, 297.0, 352.0, 416.0, 472.0, 534.0]
scores: [0.9634967898882392, 1.0, 0.9499035660534616, 1.0, 1.0, 1.0, 1.0, 1.0, 1.0]
