training_data_sizes: [0.1, 0.2, 0.3, 0.4]
times: [204.39, 406.29, 600.92, 807.53]
scores: [0.8884871886200326, 1.0, 0.9751621889343618, 1.0]
