training_data_sizes: [0.1, 0.2]
times: [96.0, 193.0]
scores: [0.9107645053389952, 0.9122869251002883]
