training_data_sizes: [0.1, 0.2, 0.3]
times: [30.0, 79.0, 112.0]
scores: [0.7973630637856275, 0.8359308802318424, 0.9488634223544803]
