training_data_sizes: [0.1, 0.2, 0.3]
times: [309.13, 600.99, 906.84]
scores: [0.6503675072686683, 0.6831261045434827, 0.7928522551233672]
