training_data_sizes: [0.1, 0.2, 0.3, 0.4, 0.5]
times: [121.45, 245.14, 365.44, 485.55, 606.23]
scores: [0.8230168609875584, 0.7147413512018645, 0.8867116623154386, 0.8707892753879258, 0.9576050854209681]
