training_data_sizes: [0.1, 0.2, 0.3, 0.4]
times: [157.36, 308.07, 455.38, 603.1]
scores: [0.824089339939478, 0.9522164564990074, 1.0, 0.9999577759044087]
