training_data_sizes: [0.1, 0.2, 0.3, 0.4, 0.5, 0.6, 0.7]
times: [146.88, 290.07, 430.99, 579.9, 714.91, 866.96, 1006.5]
scores: [0.9793057143415379, 0.9404897417366396, 0.9212721418836112, 1.0, 0.9306451026982826, 1.0, 0.9154675598788597]
