training_data_sizes: [0.1, 0.2, 0.3, 0.4, 0.5, 0.6, 0.7, 0.8, 0.9]
times: [118.14, 230.09, 338.11, 453.42, 557.17, 670.39, 787.71, 894.97, 1002.48]
scores: [0.7967170456577277, 0.7778687347788809, 0.8724746788324735, 0.9703056231933594, 0.9286645770582536, 0.957597849345081, 0.933368815707886, 1.0, 1.0]
