training_data_sizes: [0.1, 0.2, 0.3, 0.4, 0.5, 0.6]
times: [114.0, 232.0, 354.0, 478.0, 596.0, 719.0]
scores: [0.6037644498046703, 0.7614624794971009, 0.7695491047180969, 0.7644970103730628, 0.836263476525476, 1.0]
