training_data_sizes: [0.1, 0.2, 0.3, 0.4, 0.5, 0.6, 0.7, 0.8, 0.9, 1.0]
times: [49.0, 93.0, 149.0, 190.0, 244.0, 295.0, 344.0, 395.0, 447.0, 499.0]
scores: [0.8849021095471619, 0.9827247796391487, 0.8175099828296686, 0.8150758415506043, 0.8814262442714843, 0.932355734304843, 0.8504978998470951, 0.9810525046446624, 0.9573536851251226, 0.9496626010030483]
