training_data_sizes: [0.1, 0.2, 0.3, 0.4, 0.5, 0.6]
times: [225.91, 438.88, 650.33, 871.42, 1088.79, 1306.58]
scores: [0.9188464969556753, 1.0, 1.0, 1.0, 0.9841281263215158, 1.0]
