training_data_sizes: [0.1, 0.2, 0.3, 0.4, 0.5, 0.6, 0.7, 0.8, 0.9, 1.0]
times: [102.0, 215.0, 323.0, 439.0, 541.0, 652.0, 763.0, 872.0, 982.0, 1093.0]
scores: [0.9392715135799019, 0.829368459695479, 1.0, 0.9278312380864974, 1.0, 1.0, 1.0, 1.0, 1.0, 1.0]
