training_data_sizes: [0.1, 0.2, 0.3, 0.4, 0.5, 0.6, 0.7]
times: [122.12, 236.33, 352.47, 458.7, 575.53, 689.0, 804.55]
scores: [0.8791650511596796, 0.943828925917885, 1.0, 0.9319112759948571, 0.996254284335147, 1.0, 1.0]
