training_data_sizes: [0.1, 0.2, 0.3, 0.4, 0.5]
times: [115.0, 236.0, 355.0, 478.0, 594.0]
scores: [0.8573767954619229, 0.8101983299288779, 0.907377882044426, 0.949827897393132, 0.9611949340478037]
