training_data_sizes: [0.1, 0.2, 0.3, 0.4]
times: [123.0, 258.0, 384.0, 515.0]
scores: [0.8487439392599876, 0.8650671191237226, 0.8186658059436897, 0.8470098464573685]
