training_data_sizes: [0.1, 0.2]
times: [43.0, 99.0]
scores: [0.8361055665749351, 0.9144069006114377]
