training_data_sizes: [0.1, 0.2]
times: [109.0, 214.0]
scores: [0.9095379175012202, 0.9296858239636918]
