training_data_sizes: [0.1, 0.2, 0.3, 0.4, 0.5, 0.6, 0.7, 0.8, 0.9, 1.0]
times: [0.08, 0.09, 0.11, 0.12, 0.15, 0.21, 0.19, 0.23, 0.26, 0.28]
scores: [0.0, 0.0, 0.1187263214865597, 0.20220952728692665, 0.20373700131122852, 0.22588752394905898, 0.20472103892663007, 0.2205309599878289, 0.2100688809549569, 0.21390657894149623]
