training_data_sizes: [0.1, 0.2, 0.3, 0.4]
times: [209.83, 400.6, 607.57, 802.03]
scores: [0.9270546756024595, 0.912397812343178, 1.0, 1.0]
