training_data_sizes: [0.1, 0.2, 0.3, 0.4, 0.5, 0.6, 0.7, 0.8, 0.9]
times: [130.05, 252.77, 370.48, 491.66, 611.9, 738.24, 861.24, 983.3, 1105.36]
scores: [0.8088022638224547, 0.7903750142922997, 0.9063903606545036, 0.8551144789508647, 0.9056869943466133, 0.9614579555075045, 1.0, 1.0, 1.0]
