training_data_sizes: [0.1, 0.2, 0.3]
times: [338.7, 672.07, 1004.61]
scores: [0.9427079576160466, 0.9020023944587356, 0.7842997107056233]
