training_data_sizes: [0.1, 0.2, 0.3, 0.4, 0.5, 0.6, 0.7, 0.8, 0.9, 1.0]
times: [3.58, 7.89, 13.09, 17.1, 19.27, 25.35, 28.41, 34.93, 37.51, 42.02]
scores: [0.6729561423025764, 0.6383862175140305, 0.6193289299825481, 0.618241200646973, 0.6133947326201387, 0.6030865395487656, 0.6103326889766271, 0.5986465610137585, 0.6066292151247431, 0.5955772404428802]
