training_data_sizes: [0.1, 0.2]
times: [658.25, 1307.73]
scores: [0.7034045241955234, 0.6453067981183083]
