training_data_sizes: [0.1, 0.2]
times: [87.0, 170.0]
scores: [0.9757291325966114, 0.8790355442326092]
