training_data_sizes: [0.1, 0.2, 0.3, 0.4, 0.5, 0.6, 0.7]
times: [150.64, 287.68, 436.57, 574.51, 721.22, 863.91, 1005.08]
scores: [0.9215095962578546, 0.8144167387754333, 0.9337372253321143, 0.9082636055634596, 0.9358497144608746, 1.0, 0.8718164160549325]
