training_data_sizes: [0.1, 0.2, 0.3, 0.4, 0.5, 0.6, 0.7, 0.8]
times: [114.0, 236.0, 352.0, 479.0, 599.0, 712.0, 836.0, 954.0]
scores: [0.7954001797126427, 0.6594440337655825, 0.882438353241157, 0.8343076086783023, 0.8148251942529929, 0.9876422409187848, 1.0, 0.9739739090801528]
