training_data_sizes: [0.1, 0.2, 0.3, 0.4, 0.5, 0.6, 0.7, 0.8, 0.9]
times: [75.0, 154.0, 232.0, 319.0, 394.0, 472.0, 551.0, 634.0, 718.0]
scores: [0.9854092725927859, 1.0, 0.9390658424510774, 1.0, 1.0, 0.9772622471041654, 1.0, 1.0, 1.0]
