training_data_sizes: [0.1, 0.2, 0.3, 0.4, 0.5, 0.6, 0.7, 0.8]
times: [179.54, 354.89, 525.96, 705.75, 876.76, 1055.83, 1229.6, 1409.63]
scores: [0.7240409726705833, 0.8363089846160375, 0.8353562432418109, 0.9416245483399686, 0.942667668956622, 1.0, 0.9503901727706954, 1.0]
