training_data_sizes: [0.1, 0.2, 0.3, 0.4, 0.5, 0.6, 0.7, 0.8, 0.9]
times: [164.06, 312.38, 469.17, 631.46, 786.49, 943.32, 1090.72, 1245.71, 1401.23]
scores: [0.8430237628702418, 1.0, 0.8708877949346663, 0.9512816582566779, 0.9560097296645922, 1.0, 1.0, 0.9768053867788953, 1.0]
