training_data_sizes: [0.1, 0.2, 0.3, 0.4, 0.5, 0.6, 0.7, 0.8, 0.9, 1.0]
times: [1.0, 1.66, 2.83, 3.74, 4.52, 5.48, 5.74, 6.56, 7.22, 8.56]
scores: [0.49177235337867087, 0.47302274509933895, 0.46116305329983565, 0.46164914345590025, 0.4460448566829198, 0.46063965307238774, 0.4499625026580967, 0.45010586691486343, 0.46072663737996633, 0.448345970770186]
