training_data_sizes: [0.1, 0.2]
times: [26.0, 59.0]
scores: [0.8855932824329988, 0.8714781201208197]
