training_data_sizes: [0.1, 0.2, 0.3, 0.4, 0.5, 0.6, 0.7]
times: [145.27, 290.91, 437.36, 578.39, 714.92, 866.36, 1007.02]
scores: [0.739812737220727, 0.7839052469761942, 0.8775115764026845, 0.9529733080079266, 0.859373098875654, 0.9219302426036515, 0.9818808600451389]
