training_data_sizes: [0.1, 0.2, 0.3, 0.4, 0.5, 0.6]
times: [222.28, 441.17, 657.66, 867.68, 1087.41, 1304.39]
scores: [0.8512719798815063, 0.9184054221619701, 0.9300465679537906, 0.9719859807098182, 1.0, 1.0]
