training_data_sizes: [0.1, 0.2, 0.3, 0.4]
times: [353.15, 709.2, 1055.52, 1407.92]
scores: [0.9300670249017583, 0.8174006857075502, 0.9419009845753148, 0.9316053821740663]
