training_data_sizes: [0.1, 0.2, 0.3, 0.4, 0.5, 0.6, 0.7]
times: [45.0, 97.0, 149.0, 199.0, 246.0, 298.0, 345.0]
scores: [0.8042344137173614, 0.9411482326302028, 0.9181487344898778, 0.9124993592256996, 0.8391249877455106, 0.9567587441564541, 0.9192008023028002]
