training_data_sizes: [0.1, 0.2, 0.3, 0.4]
times: [55.0, 111.0, 171.0, 232.0]
scores: [0.5858409464556366, 0.5981780930587823, 0.5859572656813887, 0.8202017410061767]
