training_data_sizes: [0.1, 0.2, 0.3, 0.4, 0.5, 0.6, 0.7, 0.8, 0.9]
times: [25.0, 51.0, 88.0, 119.0, 145.0, 174.0, 201.0, 232.0, 268.0]
scores: [0.8817164647592337, 0.8638093402832534, 0.9013737791134244, 0.9643723533231214, 0.9283689153578907, 1.0, 0.9792475787025825, 1.0, 1.0]
