training_data_sizes: [0.1, 0.2, 0.3, 0.4, 0.5]
times: [110.0, 234.0, 355.0, 479.0, 595.0]
scores: [0.8757339993628734, 1.0, 0.9321839368482945, 0.9338224128943564, 0.9771799121557858]
