training_data_sizes: [0.1, 0.2, 0.3, 0.4, 0.5, 0.6, 0.7]
times: [146.33, 292.11, 435.96, 580.21, 719.61, 866.32, 1003.18]
scores: [0.9066399677299554, 0.836882601730673, 0.7059156491939756, 0.8588639262304993, 0.8761534464276675, 0.7650147518688986, 0.7015117005091992]
