training_data_sizes: [0.1, 0.2, 0.3, 0.4, 0.5, 0.6, 0.7, 0.8, 0.9, 1.0]
times: [26.71, 57.85, 83.41, 108.61, 143.09, 165.72, 201.33, 228.33, 256.74, 292.26]
scores: [0.04049020777410385, 0.053443713838763715, 0.06023570357403174, 0.06901966055339023, 0.07464583892741022, 0.07997033215887871, 0.08471973111876184, 0.08982858678602637, 0.09385725902730281, 0.09786579957024083]
