training_data_sizes: [0.1, 0.2, 0.3, 0.4, 0.5, 0.6, 0.7, 0.8, 0.9]
times: [136.0, 271.0, 414.0, 552.0, 694.0, 836.0, 977.9999999999999, 1110.0, 1253.0]
scores: [0.941843683476887, 0.8952569586402059, 0.8374034105361089, 1.0, 0.9502250430960467, 0.9380376689429638, 0.9611508972682276, 1.0, 1.0]
