training_data_sizes: [0.1, 0.2, 0.3, 0.4, 0.5, 0.6]
times: [54.0, 117.0, 174.0, 238.0, 299.0, 352.0]
scores: [0.6517915769985212, 0.6509551989936828, 0.6342500012535969, 0.7873036201940355, 0.7720854206682899, 0.960558491613243]
