training_data_sizes: [0.1, 0.2]
times: [650.69, 1308.74]
scores: [0.6360913861656419, 0.6831085283076854]
