training_data_sizes: [0.1, 0.2, 0.3, 0.4, 0.5]
times: [112.0, 231.0, 351.0, 471.0, 596.0]
scores: [0.7661188313220699, 0.8623343005805407, 0.7383940813528993, 0.8449223414150054, 0.8103622778132777]
