training_data_sizes: [0.1, 0.2, 0.3, 0.4]
times: [24.0, 54.0, 86.0, 110.0]
scores: [0.9789015218092885, 0.8810409894954356, 0.9192743321415757, 1.0]
