training_data_sizes: [0.1, 0.2, 0.3, 0.4, 0.5, 0.6, 0.7, 0.8, 0.9]
times: [108.25, 206.6, 301.74, 408.93, 502.66, 608.17, 706.65, 809.87, 907.49]
scores: [0.6644294395123219, 0.7682748581274547, 0.6876558024438799, 0.6582500641702, 0.6315931544357536, 0.6738253536277008, 0.7252814142725776, 0.6893577783719903, 0.5377270586895483]
