training_data_sizes: [0.1, 0.2]
times: [54.0, 111.0]
scores: [0.564534822493632, 0.5441748386066763]
