training_data_sizes: [0.1, 0.2, 0.3, 0.4, 0.5, 0.6]
times: [62.0, 130.0, 204.0, 272.0, 348.0, 415.0]
scores: [0.7134511614539184, 0.768999849598674, 0.8217938718222919, 0.8504434528499418, 0.8946030111725245, 0.9916010948393423]
