training_data_sizes: [0.1, 0.2]
times: [35.0, 76.0]
scores: [0.6494850139346731, 0.626067446662979]
