training_data_sizes: [0.1, 0.2, 0.3, 0.4, 0.5, 0.6]
times: [208.17, 400.58, 604.46, 808.38, 1006.34, 1202.51]
scores: [0.9595422129995236, 0.9658171299822194, 0.9343202352239923, 1.0, 0.9656601074600255, 1.0]
