training_data_sizes: [0.1, 0.2, 0.3, 0.4, 0.5, 0.6, 0.7, 0.8]
times: [154.86, 301.3, 455.94, 601.01, 755.38, 905.7, 1055.88, 1209.04]
scores: [0.9198432395063901, 0.9975455331232925, 1.0, 0.9174038341936293, 1.0, 0.9949867090138522, 1.0, 0.9821354702159513]
