training_data_sizes: [0.1, 0.2, 0.3, 0.4, 0.5, 0.6, 0.7, 0.8, 0.9, 1.0]
times: [1.07, 2.04, 3.37, 4.63, 6.21, 7.67, 9.47, 10.97, 12.95, 14.19]
scores: [1.0, 0.9829799598464946, 0.98319016921804, 0.9547467852773988, 0.9542897467949185, 0.9307021043021846, 0.9315655407850194, 0.9106860766884002, 0.9118580554977269, 0.8960620821568006]
