training_data_sizes: [0.1, 0.2, 0.3, 0.4]
times: [258.48, 503.91, 756.27, 1009.38]
scores: [0.8943503832683575, 0.8240959102087647, 0.9667608252478548, 0.8868869502003748]
