training_data_sizes: [0.1, 0.2, 0.3, 0.4, 0.5, 0.6, 0.7, 0.8, 0.9, 1.0]
times: [119.0, 232.0, 357.0, 470.0, 598.0, 714.0, 839.0, 955.0, 1076.0, 1191.0]
scores: [0.6968388147598422, 0.8656997108800857, 0.8327767652782829, 0.982125042777751, 1.0, 1.0, 1.0, 1.0, 1.0, 1.0]
