training_data_sizes: [0.1, 0.2, 0.3, 0.4, 0.5, 0.6, 0.7, 0.8, 0.9, 1.0]
times: [1.28, 1.91, 2.61, 3.31, 3.99, 4.76, 5.43, 6.22, 7.17, 7.55]
scores: [0.02258241523673357, 0.04081022470021664, 0.06747799558230641, 0.06629531227254966, 0.07195617878117906, 0.06775522345931512, 0.06512335718964318, 0.06874161916030429, 0.06967619034532395, 0.06489216865080148]
