training_data_sizes: [0.1, 0.2]
times: [24.0, 55.0]
scores: [0.8525152031571821, 0.8719133089865359]
