training_data_sizes: [0.1, 0.2, 0.3, 0.4, 0.5, 0.6, 0.7, 0.8, 0.9, 1.0]
times: [2.79, 5.53, 7.92, 10.35, 12.79, 15.28, 17.82, 20.3, 22.95, 25.33]
scores: [0.08814192654803513, 0.10127019049538691, 0.10916424923707577, 0.11329334447400065, 0.11554498620952697, 0.1163030113321439, 0.11627953428976366, 0.11610583753077705, 0.11656921093311576, 0.1178736533148922]
