training_data_sizes: [0.1, 0.2]
times: [302.14, 606.78]
scores: [0.9065897781847945, 0.9530052477996267]
