training_data_sizes: [0.1, 0.2]
times: [608.08, 1209.86]
scores: [0.889408460772739, 0.9350977744613187]
