training_data_sizes: [0.1, 0.2, 0.3, 0.4, 0.5, 0.6]
times: [243.11, 469.49, 703.12, 933.77, 1174.49, 1406.52]
scores: [0.8487820055948914, 0.9413327939358476, 0.9680519653083774, 0.9110722061997121, 0.8155011803509136, 0.8696025027218545]
