training_data_sizes: [0.1, 0.2, 0.3, 0.4, 0.5, 0.6, 0.7]
times: [22.0, 54.0, 85.0, 119.0, 146.0, 171.0, 206.0]
scores: [0.8156258723614441, 0.9267478285046612, 0.8937692935034481, 1.0, 1.0, 1.0, 1.0]
