training_data_sizes: [0.1, 0.2, 0.3]
times: [122.0, 253.0, 381.0]
scores: [0.8413483243005078, 0.952919972694789, 1.0]
