training_data_sizes: [0.1, 0.2, 0.3, 0.4, 0.5]
times: [97.0, 195.0, 291.0, 393.0, 491.0]
scores: [0.7416320733474078, 0.8109821582799291, 0.8485418926924528, 0.6834771194445348, 0.7711582079911057]
