training_data_sizes: [0.1, 0.2, 0.3, 0.4]
times: [94.0, 199.0, 297.0, 390.0]
scores: [0.8772373763953236, 0.9196086809209589, 0.9081334776640428, 1.0]
