training_data_sizes: [0.1, 0.2, 0.3, 0.4, 0.5, 0.6, 0.7]
times: [131.94, 258.11, 395.22, 522.63, 649.55, 779.28, 907.88]
scores: [0.7030467572293906, 0.7483049414011137, 0.6774324644325092, 0.9118304324349398, 0.9151237653645214, 0.9151779176091406, 1.0]
