training_data_sizes: [0.1, 0.2, 0.3, 0.4, 0.5, 0.6, 0.7, 0.8, 0.9]
times: [82.77, 160.29, 233.48, 319.08, 395.68, 467.01, 548.08, 631.58, 708.09]
scores: [0.5078596579508098, 0.5213261332690518, 0.5143559039801013, 0.6543182631973687, 0.5629078820535323, 0.6110744134398067, 0.7495092677088495, 0.6790701290140471, 0.8875059226730657]
