training_data_sizes: [0.1, 0.2, 0.3, 0.4, 0.5]
times: [284.12, 569.09, 844.61, 1122.58, 1403.93]
scores: [0.6590659310095477, 0.7282147093037378, 0.6503214790732693, 0.85934726329566, 0.7544810806333742]
