training_data_sizes: [0.1, 0.2, 0.3, 0.4, 0.5, 0.6, 0.7, 0.8, 0.9]
times: [164.08, 312.76, 471.47, 625.99, 780.78, 938.02, 1089.9, 1245.83, 1401.88]
scores: [0.9988717187503409, 0.9817819076323939, 1.0, 1.0, 0.9804515131345815, 1.0, 1.0, 1.0, 1.0]
