training_data_sizes: [0.1, 0.2, 0.3, 0.4, 0.5, 0.6, 0.7, 0.8, 0.9]
times: [124.0, 254.0, 386.0, 510.0, 647.0, 779.0, 904.9999999999999, 1037.0, 1168.0]
scores: [0.9081344988976829, 0.8325217904999207, 0.8329366018524328, 0.7164204546375759, 0.8125732003216424, 0.7964133279579771, 0.7303739793481043, 0.8301399564353165, 0.7111231365938415]
