training_data_sizes: [0.1, 0.2]
times: [120.0, 250.0]
scores: [0.7816220725286981, 0.8942419344092272]
