training_data_sizes: [0.1, 0.2, 0.3, 0.4, 0.5, 0.6, 0.7]
times: [76.0, 153.0, 235.0, 317.0, 396.0, 470.0, 555.0]
scores: [0.8409602841661645, 0.8890353932505088, 0.8841411232459905, 0.9836915451990804, 1.0, 1.0, 1.0]
