training_data_sizes: [0.1, 0.2, 0.3]
times: [209.02, 403.2, 607.36]
scores: [0.5718659324177862, 0.752839975195941, 0.7131793832696637]
