training_data_sizes: [0.1, 0.2, 0.3, 0.4]
times: [227.07, 457.42, 681.07, 907.5]
scores: [0.7819608719303137, 0.7602480325947707, 0.8121396507198547, 0.7764767608865136]
