training_data_sizes: [0.1, 0.2]
times: [28.0, 59.0]
scores: [0.7790838693046853, 0.8142353482891389]
