training_data_sizes: [0.1, 0.2, 0.3]
times: [112.0, 237.0, 350.0]
scores: [0.9084447207212819, 0.8766370602997705, 0.9494912576712614]
