training_data_sizes: [0.1, 0.2, 0.3, 0.4, 0.5, 0.6]
times: [135.08, 276.48, 400.39, 537.25, 674.89, 803.16]
scores: [0.8871646971363143, 0.8474822718428908, 0.763244308336045, 0.9449859786283381, 0.8679886719375063, 0.8766283953080696]
