training_data_sizes: [0.1, 0.2, 0.3, 0.4, 0.5, 0.6, 0.7, 0.8, 0.9, 1.0]
times: [21.27, 50.51, 72.92, 97.65, 118.47, 137.92, 164.67, 206.42, 217.07, 249.43]
scores: [0.9420455788675769, 0.7673727458074147, 0.6085952933359615, 0.45480986325658046, 0.3704494910451435, 0.31229626753813755, 0.264589624708173, 0.24183542815468917, 0.22338638882272532, 0.21474196564931525]
