training_data_sizes: [0.1, 0.2, 0.3, 0.4, 0.5]
times: [119.0, 231.0, 356.0, 474.0, 596.0]
scores: [0.8407533260129926, 0.7212354657558011, 0.9192024673882435, 0.9524521114730164, 0.9944369965643653]
