training_data_sizes: [0.1, 0.2, 0.3, 0.4, 0.5, 0.6]
times: [23.0, 53.0, 87.0, 112.0, 148.0, 176.0]
scores: [0.6652415096056034, 0.6131346625175788, 0.7298188865574817, 0.7055884361487026, 0.693281502248313, 0.8732032574071609]
