training_data_sizes: [0.1, 0.2, 0.3, 0.4, 0.5, 0.6, 0.7, 0.8, 0.9]
times: [131.17, 249.91, 370.8, 496.02, 619.7, 740.96, 865.26, 980.08, 1101.27]
scores: [0.6875280355659887, 0.7887285875393963, 0.92482589035472, 0.9445040345045363, 0.8835493573450242, 1.0, 0.9315586904405568, 1.0, 1.0]
