training_data_sizes: [0.1, 0.2, 0.3, 0.4, 0.5, 0.6]
times: [4.0, 12.0, 25.0, 32.0, 49.0, 56.0]
scores: [0.9293750971572527, 0.9106681708828438, 0.8739080803292872, 0.867398961037395, 0.9376783321823876, 1.0]
