training_data_sizes: [0.1, 0.2, 0.3, 0.4, 0.5, 0.6, 0.7, 0.8, 0.9, 1.0]
times: [23.0, 57.0, 89.0, 114.0, 144.0, 174.0, 202.0, 233.0, 260.0, 297.0]
scores: [0.6693785970971322, 0.6676878765911529, 0.556572296664718, 0.5606438424487656, 0.5146508063818088, 0.49035239767443106, 0.5312428842357602, 0.5859220923200296, 0.5730177796795374, 0.5937674521937143]
