training_data_sizes: [0.1, 0.2, 0.3, 0.4, 0.5, 0.6, 0.7, 0.8, 0.9, 1.0]
times: [0.8, 1.17, 1.53, 1.93, 2.33, 2.68, 3.35, 3.54, 3.85, 4.19]
scores: [0.4010113434467679, 0.3849005511295429, 0.3950310897785534, 0.3918217671661115, 0.387269276554181, 0.3832830412758428, 0.3760313473973049, 0.37784679441748903, 0.3780789743762303, 0.3783684016242157]
