training_data_sizes: [0.1, 0.2, 0.3, 0.4, 0.5]
times: [46.0, 95.0, 145.0, 190.0, 241.0]
scores: [0.8606166374761715, 0.9139809913002872, 1.0, 1.0, 1.0]
