training_data_sizes: [0.1, 0.2, 0.3, 0.4, 0.5, 0.6]
times: [72.0, 156.0, 237.0, 314.0, 390.0, 470.0]
scores: [0.8284993242225351, 0.9576271365361311, 0.88118397363244, 0.9082313987206916, 1.0, 0.9018772845778982]
