training_data_sizes: [0.1, 0.2]
times: [63.0, 131.0]
scores: [0.8626491826404903, 0.9782099719277886]
