training_data_sizes: [0.1, 0.2, 0.3, 0.4, 0.5, 0.6, 0.7, 0.8]
times: [64.0, 136.0, 202.0, 273.0, 341.0, 416.0, 486.99999999999994, 557.0]
scores: [0.8186427584796321, 0.9115335948122413, 0.9280180893214036, 0.9974099815781059, 0.9396810176349937, 0.9159386368519056, 1.0, 1.0]
