training_data_sizes: [0.1, 0.2, 0.3, 0.4, 0.5, 0.6]
times: [127.0, 257.0, 380.0, 519.0, 648.0, 771.0]
scores: [0.9210052388176313, 1.0, 1.0, 0.9008099805512237, 1.0, 0.974358189501176]
