training_data_sizes: [0.1, 0.2, 0.3, 0.4, 0.5, 0.6, 0.7, 0.8, 0.9]
times: [121.0, 259.0, 388.0, 516.0, 645.0, 772.0, 904.9999999999999, 1034.0, 1168.0]
scores: [0.8264660380667599, 0.9335045635944643, 0.9016574715552323, 0.8085117118240033, 0.8932943586387803, 0.8438517889508327, 0.8729372341175368, 0.860211103779214, 1.0]
