training_data_sizes: [0.1, 0.2, 0.3, 0.4, 0.5, 0.6]
times: [13.0, 35.0, 59.0, 71.0, 90.0, 117.0]
scores: [0.8135734912094345, 0.8926535040717861, 0.7963242795721022, 0.8658128575466106, 0.9351161717373375, 0.9934361977772977]
