training_data_sizes: [0.1, 0.2]
times: [104.0, 212.0]
scores: [0.821182845500712, 0.8039320984369607]
