training_data_sizes: [0.1, 0.2, 0.3, 0.4, 0.5]
times: [79.0, 150.0, 238.0, 317.0, 399.0]
scores: [0.7935664173351282, 0.7783021915661966, 0.7732950319518342, 0.8594969146245233, 1.0]
