training_data_sizes: [0.1, 0.2, 0.3, 0.4, 0.5, 0.6]
times: [25.0, 52.0, 87.0, 111.0, 142.0, 172.0]
scores: [0.9976579300777219, 0.9571493423519901, 0.9931528700198619, 1.0, 1.0, 1.0]
