training_data_sizes: [0.1, 0.2, 0.3, 0.4, 0.5, 0.6, 0.7, 0.8, 0.9]
times: [81.66, 156.22, 239.11, 312.59, 393.72, 470.36, 554.0, 624.18, 709.59]
scores: [0.9700647740692212, 0.8723085212300464, 1.0, 0.9707520054717422, 0.939677185516677, 0.9318941947774613, 0.9264064715470139, 0.9605979744447035, 1.0]
