training_data_sizes: [0.1, 0.2, 0.3, 0.4]
times: [135.0, 273.0, 415.0, 557.0]
scores: [0.7959356472978364, 0.7361761227299221, 0.8270736595122973, 0.9516661925246719]
