training_data_sizes: [0.1, 0.2, 0.3, 0.4, 0.5, 0.6, 0.7, 0.8]
times: [92.0, 198.0, 293.0, 394.0, 492.0, 594.0, 699.0, 796.0]
scores: [0.8755396627879932, 0.7491960166329132, 0.7398259876782959, 0.7465744953870393, 0.8453570177690419, 0.9407085979396919, 0.8891555330411508, 0.8387019648941925]
