training_data_sizes: [0.1, 0.2, 0.3, 0.4, 0.5, 0.6, 0.7, 0.8]
times: [130.57, 252.79, 376.04, 502.58, 631.97, 751.57, 877.53, 1009.76]
scores: [0.9491084035158623, 0.7979365088800832, 0.8087354769662574, 0.9174885320781214, 0.8909076259191473, 0.9262659697185127, 0.9261237464144905, 1.0]
