training_data_sizes: [0.1, 0.2, 0.3, 0.4, 0.5, 0.6, 0.7, 0.8]
times: [26.0, 59.0, 88.0, 113.0, 141.0, 176.0, 202.0, 233.0]
scores: [0.6535797742685809, 0.5942702982813654, 0.6378986794879717, 0.7049963205462946, 0.7871441238822191, 0.881967148470955, 0.9776282825568279, 0.9328229960613894]
