training_data_sizes: [0.1, 0.2, 0.3, 0.4, 0.5, 0.6, 0.7]
times: [2.0, 11.0, 29.0, 31.0, 47.0, 59.0, 68.0]
scores: [0.5622198259646397, 0.6735548898994955, 0.7392146770226324, 0.8154793403436349, 0.866311427541067, 1.0, 1.0]
