training_data_sizes: [0.1, 0.2, 0.3, 0.4, 0.5, 0.6]
times: [88.0, 170.0, 267.0, 350.0, 442.0, 533.0]
scores: [0.7945827586324556, 0.9833536052900812, 0.9024994201673724, 0.923016268441408, 1.0, 0.8635747124684547]
