training_data_sizes: [0.1, 0.2]
times: [409.68, 809.17]
scores: [0.9645042297899584, 0.8420838638946464]
