training_data_sizes: [0.1, 0.2, 0.3, 0.4, 0.5, 0.6, 0.7, 0.8, 0.9]
times: [49.0, 98.0, 141.0, 195.0, 248.0, 293.0, 340.0, 390.0, 442.0]
scores: [0.8257730377979624, 0.7834819761755805, 1.0, 0.9877734700919815, 0.965887726570134, 1.0, 1.0, 1.0, 1.0]
