training_data_sizes: [0.1, 0.2, 0.3, 0.4, 0.5, 0.6, 0.7, 0.8, 0.9, 1.0]
times: [0.14, 0.2, 0.24, 0.3, 0.34, 0.37, 0.41, 0.44, 0.51, 0.56]
scores: [0.4433777568109447, 0.4306830485336346, 0.4100084995096438, 0.4109181959143564, 0.4134668897834679, 0.41431655682280044, 0.42195477884788746, 0.4246460676201913, 0.42185932111446856, 0.4228395061728394]
