training_data_sizes: [0.1, 0.2, 0.3, 0.4]
times: [103.13, 345.8, 685.83, 1031.1]
scores: [1.0, 1.0, 0.9999999854319832, 0.9999999706123808]
