training_data_sizes: [0.1, 0.2, 0.3, 0.4, 0.5, 0.6, 0.7, 0.8]
times: [125.0, 256.0, 380.0, 519.0, 643.0, 771.0, 899.9999999999999, 1036.0]
scores: [0.9772412395973062, 0.9671802099710782, 0.9677686979327631, 0.8988736732049809, 0.951099306581464, 0.9269191014187469, 1.0, 0.9678932993248663]
