training_data_sizes: [0.1, 0.2, 0.3, 0.4, 0.5, 0.6, 0.7, 0.8, 0.9]
times: [5.0, 14.0, 28.0, 34.0, 40.0, 52.0, 63.0, 72.0, 80.0]
scores: [0.800881047036849, 0.8232038949820902, 0.7621098583510756, 0.7657332708223353, 0.9748689234418562, 0.9039125436528512, 0.8920693245576699, 0.947213629006671, 0.9147215169178011]
