training_data_sizes: [0.1, 0.2, 0.3, 0.4, 0.5, 0.6, 0.7, 0.8, 0.9, 1.0]
times: [76.5, 147.05, 210.75, 283.27, 350.9, 426.13, 491.69, 560.16, 638.38, 708.52]
scores: [1.0, 0.938883164023, 0.8611224664987734, 0.8728021282956022, 0.9617844260106279, 1.0, 1.0, 0.9325450139613825, 0.9551956301797967, 1.0]
