training_data_sizes: [0.1, 0.2, 0.3, 0.4, 0.5, 0.6]
times: [55.0, 117.0, 173.0, 231.0, 297.0, 350.0]
scores: [0.5188648500664246, 0.5418013018783897, 0.5086027028811391, 0.5791256560853315, 0.507804098730175, 0.6673787310744701]
