training_data_sizes: [0.1, 0.2, 0.3, 0.4, 0.5, 0.6, 0.7, 0.8]
times: [134.47, 258.69, 380.91, 504.42, 634.45, 750.99, 883.08, 1005.39]
scores: [0.8196772842277642, 0.6944519751381232, 0.8841373547434241, 0.7450466829447926, 0.9279819272762192, 0.8498015604401421, 0.8033525173687482, 0.8103827869267648]
