training_data_sizes: [0.1, 0.2, 0.3, 0.4, 0.5, 0.6, 0.7]
times: [3.0, 17.0, 26.0, 39.0, 44.0, 54.0, 61.0]
scores: [0.7702671647406856, 0.8917148713912467, 0.8846744625248544, 0.9141171409882924, 0.9244411129637653, 0.8966472458606491, 0.9202430225261837]
