training_data_sizes: [0.1, 0.2, 0.3, 0.4]
times: [56.0, 114.0, 173.0, 232.0]
scores: [0.7406105872581554, 0.7818408319654664, 0.6495001443354361, 0.7051612456137772]
