training_data_sizes: [0.1, 0.2, 0.3, 0.4, 0.5, 0.6]
times: [222.88, 434.12, 659.96, 867.42, 1088.51, 1308.97]
scores: [0.888313468325551, 0.9141233156547288, 0.7652313799538533, 0.8133596771180613, 0.8229540200919766, 0.7497464854483302]
