training_data_sizes: [0.1, 0.2, 0.3, 0.4, 0.5, 0.6, 0.7, 0.8, 0.9]
times: [160.17, 316.8, 468.58, 627.78, 787.29, 939.66, 1092.06, 1250.51, 1405.3]
scores: [0.9206099485852484, 0.8537860422406972, 0.9121847069414801, 0.858501206189584, 0.8931433849665547, 0.9449699214860964, 0.7860430023004602, 0.9551917091390306, 0.8620951037096748]
