training_data_sizes: [0.1, 0.2, 0.3, 0.4, 0.5, 0.6, 0.7]
times: [43.0, 90.0, 148.0, 199.0, 241.0, 297.0, 342.0]
scores: [0.9177580725184339, 0.9437331293267297, 0.950847947261388, 0.9964805878484788, 0.9806664016367015, 0.9282816200383688, 1.0]
