training_data_sizes: [0.1, 0.2]
times: [67.0, 136.0]
scores: [0.9088811963322863, 0.9678042305801401]
