training_data_sizes: [0.1, 0.2, 0.3, 0.4]
times: [110.0, 233.0, 351.0, 478.0]
scores: [0.5949237174845124, 0.5179471541875605, 0.4665848309368808, 0.5012786476980853]
