training_data_sizes: [0.1, 0.2]
times: [651.77, 1303.7]
scores: [0.7470362636987169, 0.8085359333700037]
