training_data_sizes: [0.1, 0.2, 0.3, 0.4, 0.5, 0.6, 0.7, 0.8, 0.9, 1.0]
times: [97.96, 186.43, 272.54, 361.71, 451.2, 546.23, 634.03, 729.67, 819.43, 904.83]
scores: [0.7762256727325085, 0.6371079960443056, 0.753743721381382, 0.6125112619913359, 0.721380361116355, 0.7747708681540811, 0.7570367706538365, 0.7246387797255072, 0.695699630641005, 0.5987347502864254]
