training_data_sizes: [0.1, 0.2]
times: [68.0, 130.0]
scores: [0.755028362750306, 0.825017312984506]
