training_data_sizes: [0.1, 0.2, 0.3, 0.4, 0.5, 0.6, 0.7, 0.8, 0.9]
times: [44.0, 90.0, 144.0, 198.0, 242.0, 293.0, 342.0, 396.0, 449.0]
scores: [1.0, 0.9461584135030525, 0.9972031042715462, 1.0, 1.0, 1.0, 1.0, 1.0, 1.0]
