training_data_sizes: [0.1, 0.2, 0.3, 0.4, 0.5, 0.6, 0.7, 0.8]
times: [12.0, 33.0, 51.0, 74.0, 98.0, 118.0, 133.0, 156.0]
scores: [0.9675210393796827, 0.9839530311535387, 0.9692971499721829, 1.0, 1.0, 1.0, 1.0, 1.0]
