training_data_sizes: [0.1, 0.2, 0.3, 0.4, 0.5, 0.6, 0.7, 0.8, 0.9, 1.0]
times: [20.0, 57.0, 82.0, 111.0, 149.0, 177.0, 206.0, 231.0, 260.0, 290.0]
scores: [0.7446448160608352, 0.8545751719471273, 0.911005676395391, 0.8988391540015044, 0.8023262597080019, 0.7643953202262845, 0.8680409718727392, 0.7553794511112408, 0.8406641847516403, 0.6855514360055699]
