training_data_sizes: [0.1, 0.2, 0.3, 0.4, 0.5, 0.6]
times: [74.0, 152.0, 233.0, 310.0, 393.0, 479.0]
scores: [0.7547478950767932, 0.8086800896826284, 0.7222901369214088, 0.8922373480751707, 0.7707194693398824, 0.8307304190174445]
