training_data_sizes: [0.1, 0.2, 0.3, 0.4, 0.5, 0.6, 0.7, 0.8, 0.9, 1.0]
times: [54.0, 113.0, 177.0, 234.0, 295.0, 353.0, 418.0, 473.0, 534.0, 590.0]
scores: [0.7964805578635779, 0.8636352068504807, 0.8896985630488183, 0.8000801803321121, 0.8329788615936742, 0.8399454851920464, 1.0, 0.8464601701884942, 0.9207170996451917, 0.9362892497063082]
