training_data_sizes: [0.1, 0.2, 0.3, 0.4]
times: [71.0, 159.0, 231.0, 310.0]
scores: [0.896677326038309, 0.8371202122345508, 0.973783706896233, 0.9163612887018956]
