training_data_sizes: [0.1, 0.2, 0.3, 0.4, 0.5, 0.6, 0.7]
times: [192.84, 379.45, 564.5, 746.5, 931.87, 1115.3, 1305.18]
scores: [0.4762467198538962, 0.5307462370082686, 0.5349786080920143, 0.5171179260330703, 0.4731862428203384, 0.5919273617485868, 0.5884937037124145]
