training_data_sizes: [0.1, 0.2, 0.3, 0.4, 0.5]
times: [247.08, 486.35, 727.92, 969.29, 1202.43]
scores: [0.6457961381057585, 0.6101634718547762, 0.7479409177881252, 0.5713828896892659, 0.654968038204704]
