training_data_sizes: [0.1, 0.2, 0.3, 0.4]
times: [355.35, 707.02, 1051.94, 1407.3]
scores: [0.9258505225325546, 0.8872354301302532, 0.7569505470358775, 0.8808119329684856]
