training_data_sizes: [0.1, 0.2, 0.3, 0.4, 0.5, 0.6, 0.7, 0.8, 0.9, 1.0]
times: [0.03, 0.04, 0.05, 0.07, 0.1, 0.12, 0.14, 0.16, 0.17, 0.19]
scores: [0.0, 0.3787231606069281, 0.41010653613590553, 0.43568331888214495, 0.491901471972072, 0.5148007043922922, 0.5696394842736305, 0.5952513595399207, 0.5989511703853321, 0.6147540983606556]
