training_data_sizes: [0.1, 0.2, 0.3, 0.4, 0.5, 0.6, 0.7, 0.8, 0.9, 1.0]
times: [124.01, 242.01, 361.03, 482.88, 605.85, 721.67, 842.99, 966.06, 1084.81, 1206.12]
scores: [0.8407276039740949, 0.8093238681463919, 0.9999310211017656, 0.9374715625389667, 0.9795698880173582, 1.0, 1.0, 1.0, 1.0, 1.0]
