training_data_sizes: [0.1, 0.2, 0.3, 0.4, 0.5, 0.6, 0.7, 0.8, 0.9, 1.0]
times: [102.91, 202.89, 304.57, 406.01, 505.39, 606.9, 708.86, 802.48, 903.13, 1005.79]
scores: [0.6413696851436476, 0.6815224665150994, 0.6949804335124341, 0.8201806218215584, 0.8908031099393922, 0.908401027126428, 0.9172034515662467, 1.0, 1.0, 1.0]
