training_data_sizes: [0.1, 0.2]
times: [111.0, 237.0]
scores: [0.8390497719555852, 0.8497886493577944]
