training_data_sizes: [0.1, 0.2, 0.3]
times: [470.07, 937.88, 1404.5]
scores: [0.6822038808552681, 0.7608042421640746, 0.7239046696114221]
