training_data_sizes: [0.1, 0.2, 0.3]
times: [84.0, 176.0, 266.0]
scores: [0.8032619852937266, 0.8052983731399286, 0.8079224929358718]
