training_data_sizes: [0.1, 0.2, 0.3, 0.4, 0.5, 0.6, 0.7, 0.8, 0.9, 1.0]
times: [4.14, 6.4, 9.31, 11.52, 13.9, 16.69, 18.94, 21.65, 23.36, 26.03]
scores: [0.05925696282735177, 0.11250294411573324, 0.1634017959521886, 0.20461369301714752, 0.2411916432743194, 0.2782508438372092, 0.31052545828299705, 0.3340270560817707, 0.3588613094801198, 0.3796723462469612]
