training_data_sizes: [0.1, 0.2]
times: [84.0, 174.0]
scores: [0.775909652321612, 0.8561425569868333]
