training_data_sizes: [0.1, 0.2, 0.3]
times: [23.0, 57.0, 89.0]
scores: [0.9443550476715385, 0.8772068086824107, 0.8196300525090005]
