training_data_sizes: [0.1, 0.2, 0.3]
times: [368.95, 733.44, 1103.89]
scores: [0.8809179306040564, 0.931878292636219, 0.9383206387614407]
