training_data_sizes: [0.1, 0.2, 0.3, 0.4, 0.5, 0.6, 0.7, 0.8]
times: [45.0, 91.0, 144.0, 193.0, 244.0, 297.0, 349.0, 393.0]
scores: [0.6511164244469281, 0.7217210379122811, 0.7220058893960418, 0.6520698835357097, 0.554555773207445, 0.5256133745928233, 0.5903005527462136, 0.4798171589404393]
