training_data_sizes: [0.1, 0.2, 0.3]
times: [473.02, 934.62, 1404.13]
scores: [0.8006231122827431, 0.8219468414690769, 0.8356592648689465]
