training_data_sizes: [0.1, 0.2, 0.3]
times: [14.0, 32.0, 50.0]
scores: [0.8457195819597363, 0.8331250361759852, 0.8942273103253406]
