training_data_sizes: [0.1, 0.2, 0.3, 0.4, 0.5, 0.6, 0.7, 0.8, 0.9, 1.0]
times: [57.0, 112.0, 170.0, 238.0, 291.0, 357.0, 415.0, 471.0, 530.0, 595.0]
scores: [0.7507359678441643, 0.8210241591336892, 0.9811226372433244, 0.9784202879921721, 1.0, 1.0, 1.0, 0.9667687636480009, 1.0, 1.0]
