training_data_sizes: [0.1, 0.2, 0.3, 0.4, 0.5, 0.6, 0.7, 0.8, 0.9, 1.0]
times: [137.58, 264.97, 395.57, 527.82, 653.48, 780.33, 912.84, 1046.04, 1176.84, 1306.16]
scores: [0.8883458734313958, 0.9578521096203783, 1.0, 1.0, 1.0, 1.0, 1.0, 1.0, 1.0, 1.0]
