training_data_sizes: [0.1, 0.2, 0.3, 0.4, 0.5, 0.6]
times: [124.0, 255.0, 387.0, 514.0, 642.0, 776.0]
scores: [0.6227927532873625, 0.6634853411910087, 0.7910102525288064, 0.8748061357636767, 0.9146194308145166, 1.0]
