training_data_sizes: [0.1, 0.2, 0.3, 0.4, 0.5, 0.6, 0.7, 0.8]
times: [53.0, 110.0, 176.0, 232.0, 299.0, 358.0, 417.0, 471.0]
scores: [0.9105030787032361, 1.0, 1.0, 0.9264946097354636, 0.9373621521666821, 1.0, 1.0, 1.0]
