training_data_sizes: [0.1, 0.2, 0.3, 0.4, 0.5, 0.6, 0.7]
times: [121.38, 236.2, 346.07, 466.62, 579.11, 689.7, 808.69]
scores: [0.583655845486433, 0.6488571310596671, 0.7582027636738298, 0.6648602260379113, 0.715317179905252, 0.8174990213589735, 1.0]
