training_data_sizes: [0.1, 0.2, 0.3, 0.4, 0.5, 0.6, 0.7, 0.8]
times: [109.9, 202.39, 302.21, 407.73, 509.66, 600.61, 705.54, 804.44]
scores: [0.7697593460857446, 0.7547851889847277, 0.9596806864051078, 0.9803796248939916, 1.0, 0.9929910966707786, 1.0, 1.0]
