training_data_sizes: [0.1, 0.2, 0.3, 0.4, 0.5, 0.6, 0.7]
times: [121.0, 254.0, 385.0, 519.0, 642.0, 776.0, 903.9999999999999]
scores: [0.9637721117343618, 0.9689498371177656, 0.8608410772766315, 0.8534760119025313, 1.0, 0.9524155693901245, 1.0]
