training_data_sizes: [0.1, 0.2, 0.3, 0.4, 0.5, 0.6]
times: [132.0, 272.0, 411.0, 554.0, 697.0, 838.0]
scores: [0.7875155556084532, 0.8782826312923799, 0.8908280950676289, 0.7859288303314609, 1.0, 1.0]
