training_data_sizes: [0.1, 0.2, 0.3, 0.4]
times: [306.93, 601.67, 909.6, 1201.0]
scores: [0.8839536846584278, 0.9730386161352695, 0.8914172011953753, 0.944898476417438]
