training_data_sizes: [0.1, 0.2, 0.3, 0.4, 0.5]
times: [207.52, 408.41, 609.79, 800.43, 1005.38]
scores: [0.9206550621886842, 0.9784899333983665, 0.8826694518958753, 0.9377210737822965, 0.9088996854648962]
