training_data_sizes: [0.1, 0.2, 0.3, 0.4, 0.5, 0.6, 0.7, 0.8, 0.9]
times: [73.94, 138.27, 208.07, 275.84, 338.71, 406.05, 474.91, 534.32, 605.28]
scores: [0.998867797628193, 1.0, 0.9167450568078588, 1.0, 1.0, 1.0, 0.9978799000407511, 1.0, 1.0]
