training_data_sizes: [0.1, 0.2, 0.3, 0.4, 0.5, 0.6]
times: [86.34, 163.84, 272.57, 373.21, 501.95, 784.81]
scores: [0.6031293906858741, 0.4291718967315241, 0.3287576254271347, 0.2579740570441533, 0.19616825246598946, 0.1566083511723907]
