training_data_sizes: [0.1, 0.2, 0.3]
times: [435.28, 872.01, 1304.99]
scores: [1.0, 0.8574132202509905, 0.9081181928130171]
