training_data_sizes: [0.1, 0.2, 0.3, 0.4, 0.5, 0.6, 0.7, 0.8, 0.9, 1.0]
times: [91.0, 197.0, 292.0, 398.0, 494.0, 596.0, 690.0, 793.0, 892.0, 990.0]
scores: [0.8695575539608642, 0.9967310084194408, 0.9682928577457264, 0.9963208825970316, 0.9495069602269618, 0.9558398249936064, 1.0, 1.0, 1.0, 1.0]
