training_data_sizes: [0.1, 0.2, 0.3]
times: [27.0, 51.0, 85.0]
scores: [0.5258282272664317, 0.6379716443615059, 0.5477408376771566]
