training_data_sizes: [0.1, 0.2, 0.3, 0.4, 0.5]
times: [284.69, 567.4, 846.34, 1123.19, 1403.09]
scores: [0.7988091575844176, 0.9278216030177477, 0.9593605898362225, 0.8906282812739865, 0.8862217770603813]
