training_data_sizes: [0.1, 0.2, 0.3, 0.4, 0.5, 0.6]
times: [142.34, 274.92, 406.96, 540.65, 671.9, 803.23]
scores: [0.7238133422440614, 0.763589331085219, 0.8567115027422881, 0.9485880015062145, 0.9549642286225615, 0.9199535137303168]
