training_data_sizes: [0.1, 0.2, 0.3, 0.4, 0.5, 0.6]
times: [126.0, 253.0, 385.0, 519.0, 640.0, 777.0]
scores: [0.6500636109796805, 0.735975609087671, 0.8463713552263179, 0.8323839163301963, 0.8779523443656752, 0.8607903722879915]
