training_data_sizes: [0.1, 0.2, 0.3, 0.4]
times: [330.89, 651.42, 976.6, 1308.11]
scores: [0.6735752879386994, 0.5561707275716657, 0.648870156365202, 0.5995773538590282]
