training_data_sizes: [0.1, 0.2, 0.3, 0.4, 0.5, 0.6, 0.7, 0.8]
times: [76.06, 153.52, 226.51, 308.72, 382.61, 450.53, 532.49, 603.14]
scores: [0.9963377511617951, 0.9119203055725296, 0.9155070450633687, 1.0, 0.9114819663237501, 0.9871294307923018, 0.9921336177269144, 1.0]
