training_data_sizes: [0.1, 0.2, 0.3, 0.4, 0.5, 0.6, 0.7, 0.8]
times: [94.56, 177.28, 265.12, 357.19, 443.22, 534.8, 613.25, 703.42]
scores: [0.9144439224155844, 0.9193027434476901, 0.9977657139275429, 0.9302143324893088, 1.0, 0.9243806493559195, 0.9342154785947095, 1.0]
