training_data_sizes: [0.1, 0.2, 0.3, 0.4, 0.5, 0.6, 0.7, 0.8, 0.9, 1.0]
times: [8.93, 26.85, 51.05, 68.24, 98.24, 129.86, 175.08, 217.68, 270.4, 321.5]
scores: [0.7417773555631303, 0.8109138707459819, 0.8063800815018339, 0.8018807671174759, 0.801286705820174, 0.7997269160351659, 0.7990107544804244, 0.7968850412947145, 0.7980566184751847, 0.7980163684707465]
