training_data_sizes: [0.1, 0.2, 0.3, 0.4, 0.5, 0.6]
times: [206.38, 409.71, 600.94, 806.62, 1008.53, 1208.83]
scores: [0.8963484098759447, 0.9728569194636254, 1.0, 1.0, 1.0, 1.0]
