training_data_sizes: [0.1, 0.2, 0.3, 0.4, 0.5, 0.6, 0.7, 0.8, 0.9, 1.0]
times: [1.13, 1.62, 2.16, 2.73, 3.14, 3.8, 4.24, 4.78, 5.41, 5.89]
scores: [1.0, 1.0, 0.9978257315925839, 0.9893749641547884, 0.9808964178471355, 0.9562300097381005, 0.93904823783801, 0.9168035699232158, 0.9085953916834928, 0.8841767630298826]
