training_data_sizes: [0.1, 0.2, 0.3, 0.4, 0.5, 0.6, 0.7, 0.8, 0.9]
times: [63.0, 138.0, 200.0, 275.0, 341.0, 412.0, 484.99999999999994, 558.0, 628.0]
scores: [0.8724512049887081, 0.9052910782970531, 0.9411847166728352, 0.9709861173180605, 0.9626932255440052, 0.9129461210828422, 0.9032010203544181, 0.9657129839677366, 1.0]
