training_data_sizes: [0.1, 0.2, 0.3, 0.4, 0.5, 0.6, 0.7, 0.8, 0.9, 1.0]
times: [72.88, 145.43, 216.54, 282.64, 351.77, 421.01, 490.43, 561.16, 634.67, 706.2]
scores: [0.8888998231084846, 0.8359616076266128, 0.9331880421278078, 0.9564113020114304, 0.9136392443962469, 0.9215949954876912, 0.8391718917758753, 0.8310066376119657, 0.8271206277416595, 0.8264438053430679]
