training_data_sizes: [0.1, 0.2, 0.3, 0.4, 0.5, 0.6, 0.7, 0.8, 0.9, 1.0]
times: [106.84, 209.78, 302.7, 404.45, 509.97, 600.26, 701.51, 808.36, 900.68, 1004.8]
scores: [0.4965312452733248, 0.4990676770827748, 0.5734672519946888, 0.6415475997571114, 0.5777138400583882, 0.6541122061747543, 0.792453313353136, 0.8592941307179199, 0.8050997581460914, 1.0]
