training_data_sizes: [0.1, 0.2, 0.3, 0.4, 0.5, 0.6]
times: [226.02, 433.57, 656.16, 872.82, 1092.11, 1309.57]
scores: [0.8785960207311513, 0.817991520746982, 0.8807670392063651, 0.9380185092710471, 1.0, 1.0]
