training_data_sizes: [0.1, 0.2, 0.3, 0.4, 0.5, 0.6, 0.7]
times: [172.91, 346.45, 520.49, 692.68, 860.05, 1035.94, 1204.66]
scores: [0.7787548340004531, 0.9209625431635937, 0.9347897808063691, 0.8992929912971483, 0.9513250577928067, 0.9234976898324868, 0.9289455508893953]
