training_data_sizes: [0.1, 0.2, 0.3, 0.4, 0.5, 0.6, 0.7]
times: [33.0, 76.0, 118.0, 152.0, 194.0, 236.0, 270.0]
scores: [0.7920810625092511, 0.7266972893254502, 0.790303285769445, 0.7797389300441363, 0.8536967236665112, 0.8045535911611122, 0.7428241143705474]
