training_data_sizes: [0.1, 0.2, 0.3, 0.4, 0.5, 0.6, 0.7]
times: [98.0, 196.0, 291.0, 395.0, 495.0, 596.0, 691.0]
scores: [0.7320402707591049, 0.758940466533498, 0.8707891228012045, 1.0, 0.9636572458702852, 1.0, 1.0]
