training_data_sizes: [0.1, 0.2, 0.3, 0.4, 0.5]
times: [149.24, 281.48, 423.0, 561.83, 709.55]
scores: [0.6232495167333492, 0.8249756557194439, 0.7613690903591996, 0.8382973521917856, 0.9233656429435919]
