training_data_sizes: [0.1, 0.2, 0.3, 0.4, 0.5, 0.6, 0.7, 0.8, 0.9, 1.0]
times: [0.8, 2.25, 4.28, 7.36, 10.31, 13.23, 16.7, 17.87, 24.56, 23.51]
scores: [0.9998376446036733, 0.9997944385885522, 0.9998913706054361, 0.9997596561557464, 0.9997981608583405, 0.9998753426454364, 0.9999088538428994, 0.9999196106828276, 0.99985338567493, 0.999841841675684]
