training_data_sizes: [0.1, 0.2, 0.3, 0.4, 0.5, 0.6, 0.7, 0.8, 0.9, 1.0]
times: [74.0, 154.0, 238.0, 313.0, 390.0, 473.0, 550.0, 632.0, 711.0, 794.0]
scores: [0.8111268611498739, 0.9607072342147164, 1.0, 1.0, 1.0, 1.0, 1.0, 1.0, 1.0, 1.0]
