training_data_sizes: [0.1, 0.2, 0.3, 0.4, 0.5, 0.6, 0.7]
times: [6.0, 10.0, 20.0, 36.0, 42.0, 58.0, 67.0]
scores: [0.8337623107793283, 0.937129561336375, 0.8765456456938044, 0.9178351762366108, 1.0, 1.0, 1.0]
