training_data_sizes: [0.1, 0.2]
times: [501.95, 1007.47]
scores: [0.7777833554752391, 0.8298182606453255]
