training_data_sizes: [0.1, 0.2, 0.3, 0.4, 0.5, 0.6, 0.7]
times: [149.38, 293.29, 431.13, 573.04, 716.51, 857.83, 1002.6]
scores: [0.6475033739191834, 0.6309699631269582, 0.6419987569407959, 0.6616085865197385, 0.6645228564946111, 0.6965576544185228, 0.6363562682690438]
