training_data_sizes: [0.1, 0.2, 0.3, 0.4, 0.5, 0.6, 0.7, 0.8, 0.9, 1.0]
times: [0.21, 0.37, 0.58, 0.79, 0.98, 1.17, 1.4, 1.83, 2.05, 2.0]
scores: [0.7271921347691046, 0.7307888228157275, 0.7376548293690279, 0.7380484570038608, 0.7394645178291315, 0.7406868863025275, 0.739805529170978, 0.7408605523814886, 0.7403984611198364, 0.739402435431284]
