training_data_sizes: [0.1, 0.2, 0.3, 0.4]
times: [39.0, 79.0, 113.0, 154.0]
scores: [0.9358596915407098, 0.8384524057607274, 0.8737454374587906, 0.9312022699975404]
