training_data_sizes: [0.1, 0.2, 0.3, 0.4]
times: [330.89, 659.42, 977.02, 1309.7]
scores: [0.8081532908872251, 0.7858596729368803, 0.7995936378184441, 0.8882312330968742]
