training_data_sizes: [0.1, 0.2]
times: [703.86, 1409.85]
scores: [0.8404047505662368, 0.7967541448095679]
