training_data_sizes: [0.1, 0.2]
times: [106.0, 217.0]
scores: [0.91091268267237, 0.9735941164148356]
