training_data_sizes: [0.1, 0.2, 0.3, 0.4, 0.5, 0.6, 0.7, 0.8, 0.9, 1.0]
times: [42.0, 93.0, 149.0, 194.0, 243.0, 297.0, 343.0, 391.0, 448.0, 494.0]
scores: [0.727436509870584, 0.8163371002200543, 0.8793363640707257, 0.7490851176868949, 0.904466193978554, 0.862353925194272, 0.885102098139358, 1.0, 1.0, 0.9999828771149539]
