training_data_sizes: [0.1, 0.2, 0.3, 0.4]
times: [111.0, 239.0, 355.0, 474.0]
scores: [0.6043710511576336, 0.7405321609181752, 0.6775422149794448, 0.7213539603805369]
