training_data_sizes: [0.1, 0.2, 0.3]
times: [239.81, 472.57, 701.08]
scores: [0.7607708682936527, 0.9471525639901821, 0.826739116393677]
