training_data_sizes: [0.1, 0.2, 0.3, 0.4, 0.5]
times: [165.26, 327.9, 487.49, 645.34, 805.8]
scores: [0.5764458040672681, 0.5379088517267281, 0.6008180114997227, 0.7376003692088937, 0.7374913313876293]
