training_data_sizes: [0.1, 0.2, 0.3]
times: [1.0, 11.0, 20.0]
scores: [0.711772079104717, 0.8744927055302769, 0.9380707248835176]
