training_data_sizes: [0.1, 0.2]
times: [47.0, 95.0]
scores: [0.9688976872308779, 0.973239475815001]
