training_data_sizes: [0.1, 0.2, 0.3, 0.4, 0.5, 0.6, 0.7]
times: [101.08, 207.91, 307.95, 409.64, 504.65, 602.73, 701.38]
scores: [0.764406237301275, 0.9185780244693369, 0.8679063393754118, 0.923513479416701, 0.9422714496985265, 1.0, 0.9083900863657656]
