training_data_sizes: [0.1, 0.2, 0.3, 0.4, 0.5]
times: [69.0, 138.0, 203.0, 274.0, 342.0]
scores: [0.9380275764367891, 0.9563544642146518, 1.0, 1.0, 1.0]
