training_data_sizes: [0.1, 0.2, 0.3, 0.4, 0.5, 0.6, 0.7, 0.8]
times: [108.9, 200.8, 305.54, 404.46, 505.23, 609.23, 709.75, 802.03]
scores: [0.5856230813349265, 0.5929807448513117, 0.5084107609390374, 0.6181969604548332, 0.5101822910361249, 0.5029935060786711, 0.5068705784903856, 0.4714459246422053]
