training_data_sizes: [0.1, 0.2, 0.3, 0.4]
times: [154.8, 379.77, 602.35, 1032.35]
scores: [0.9990772253652151, 0.9986832715250524, 0.9980438910685625, 0.9977386507384604]
