training_data_sizes: [0.1, 0.2, 0.3, 0.4, 0.5, 0.6]
times: [15.0, 30.0, 59.0, 73.0, 94.0, 118.0]
scores: [0.805828197807126, 0.9333417384765377, 0.9236470951050846, 0.8068949221344266, 1.0, 1.0]
