training_data_sizes: [0.1, 0.2, 0.3]
times: [43.0, 91.0, 140.0]
scores: [0.6879055839834307, 0.6036885665467195, 0.7302213274945916]
