training_data_sizes: [0.1, 0.2, 0.3, 0.4, 0.5, 0.6, 0.7, 0.8, 0.9, 1.0]
times: [130.51, 269.65, 394.56, 525.39, 655.47, 785.8, 916.23, 1043.6, 1175.79, 1300.47]
scores: [0.9273298713903659, 1.0, 1.0, 0.9520952039599956, 1.0, 1.0, 1.0, 0.989764843729152, 0.9480122878947899, 1.0]
