training_data_sizes: [0.1, 0.2, 0.3]
times: [208.65, 400.53, 600.57]
scores: [0.5586906130157752, 0.5938855210334076, 0.5229414391532483]
