training_data_sizes: [0.1, 0.2, 0.3]
times: [138.0, 271.0, 418.0]
scores: [0.6570255377774792, 0.7209003958834784, 0.7160263769246689]
