training_data_sizes: [0.1, 0.2, 0.3, 0.4, 0.5, 0.6, 0.7, 0.8, 0.9]
times: [77.0, 157.0, 232.0, 310.0, 396.0, 470.0, 557.0, 637.0, 719.0]
scores: [0.9433137595500487, 0.9899839798868927, 0.8922284912847224, 0.9528739708734075, 0.9071380145883354, 1.0, 0.9914492731881616, 1.0, 1.0]
