training_data_sizes: [0.1, 0.2, 0.3, 0.4, 0.5, 0.6, 0.7, 0.8, 0.9, 1.0]
times: [88.48, 167.16, 249.42, 320.48, 406.28, 481.38, 566.93, 649.72, 723.5, 805.95]
scores: [0.9983023061226118, 0.9468819716412329, 1.0, 0.935423917039006, 1.0, 1.0, 1.0, 1.0, 1.0, 1.0]
