training_data_sizes: [0.1, 0.2, 0.3, 0.4, 0.5, 0.6, 0.7, 0.8, 0.9, 1.0]
times: [1.12, 1.89, 3.01, 4.76, 7.91, 10.77, 14.11, 17.88, 22.64, 27.05]
scores: [0.911845911874455, 0.950881371666947, 0.9654484343611041, 0.9730823867054512, 0.9778071811500398, 0.9810816749766527, 0.9834602389070366, 0.9845391589402647, 0.9847350817271026, 0.9854935188827996]
