training_data_sizes: [0.1, 0.2, 0.3, 0.4, 0.5, 0.6, 0.7, 0.8, 0.9, 1.0]
times: [84.0, 164.29, 243.69, 328.63, 402.9, 485.91, 566.29, 647.3, 722.14, 806.18]
scores: [0.5488583714548354, 0.5572601112325228, 0.7302036576311393, 0.7708668576305333, 0.8752981369856313, 0.8822304907825977, 0.8485075034171905, 1.0, 1.0, 1.0]
