training_data_sizes: [0.1, 0.2, 0.3, 0.4]
times: [230.49, 459.22, 681.63, 905.17]
scores: [0.7957248620689216, 0.7192089002571549, 0.7509457471098315, 0.8242233151427723]
