training_data_sizes: [0.1, 0.2, 0.3]
times: [46.0, 90.0, 141.0]
scores: [0.7304173624895891, 0.7268695481649668, 0.7875020301602684]
