training_data_sizes: [0.1, 0.2, 0.3, 0.4, 0.5]
times: [95.0, 190.0, 299.0, 399.0, 496.0]
scores: [0.7638171817810481, 0.8611539194496947, 0.9704651256782829, 1.0, 1.0]
