training_data_sizes: [0.1, 0.2, 0.3, 0.4]
times: [106.0, 214.0, 322.0, 434.0]
scores: [0.7745085264308407, 0.7332607902229296, 0.8798493770796012, 0.9683753060360303]
