training_data_sizes: [0.1, 0.2, 0.3, 0.4, 0.5, 0.6, 0.7, 0.8, 0.9, 1.0]
times: [112.0, 237.0, 355.0, 477.0, 590.0, 715.0, 838.0, 950.0, 1079.0, 1191.0]
scores: [0.511923756461838, 0.5761810699785294, 0.5887272741957194, 0.46471023850047727, 0.6017153772490983, 0.6190735908813786, 0.7038985300567656, 0.750728025077283, 0.7604248949623773, 0.7352337692802076]
