training_data_sizes: [0.1, 0.2, 0.3, 0.4, 0.5, 0.6, 0.7, 0.8, 0.9]
times: [11.0, 36.0, 56.0, 75.0, 90.0, 118.0, 138.0, 151.0, 170.0]
scores: [0.8233236438101765, 0.7760119331899455, 0.8279505640317792, 0.8179578699749745, 0.7708233053927419, 0.7779664432832685, 0.7855735724243934, 0.8963439681861576, 0.8265042485117653]
