training_data_sizes: [0.1, 0.2]
times: [44.0, 95.0]
scores: [0.9348576979136738, 0.9525499132135631]
