training_data_sizes: [0.1, 0.2, 0.3, 0.4, 0.5, 0.6, 0.7]
times: [165.83, 320.56, 478.96, 632.06, 788.78, 945.71, 1106.11]
scores: [0.8873411432362797, 0.940324732360399, 0.8316970521040481, 0.8629688240579794, 0.9954986238105934, 0.8764915003514315, 0.959299447086537]
