training_data_sizes: [0.1, 0.2, 0.3, 0.4, 0.5, 0.6, 0.7]
times: [109.76, 208.47, 304.29, 400.36, 502.76, 605.46, 705.96]
scores: [0.5840968271692437, 0.7017701925795936, 0.7662788209253553, 0.7318023365685757, 0.903546614011572, 0.9813863554804496, 1.0]
