training_data_sizes: [0.1, 0.2, 0.3, 0.4, 0.5, 0.6, 0.7, 0.8]
times: [11.0, 33.0, 51.0, 73.0, 92.0, 119.0, 131.0, 150.0]
scores: [0.7638958216001639, 0.8134627421893863, 0.7646854394158299, 0.7740270207806559, 0.7980313181271002, 0.9253936295477341, 0.8540766365628008, 0.8811943332013411]
