training_data_sizes: [0.1, 0.2, 0.3, 0.4, 0.5, 0.6, 0.7, 0.8]
times: [125.71, 259.93, 380.0, 508.82, 628.38, 752.24, 878.19, 1000.64]
scores: [0.8925914404632398, 0.8070380435216711, 0.9583106596731455, 0.8914622172755751, 0.8962223631399261, 0.852726631760305, 0.9875581186126652, 1.0]
