training_data_sizes: [0.1, 0.2, 0.3, 0.4, 0.5]
times: [129.0, 252.0, 380.0, 512.0, 642.0]
scores: [0.6740608861101822, 0.7040843869887655, 0.7174889266062578, 0.8157083188005432, 1.0]
