training_data_sizes: [0.1, 0.2, 0.3, 0.4, 0.5, 0.6, 0.7, 0.8, 0.9, 1.0]
times: [64.0, 139.0, 207.0, 271.0, 340.0, 411.0, 486.99999999999994, 559.0, 620.0, 698.0]
scores: [0.7107120380320937, 0.6315641877728643, 0.6523869010978409, 0.8083056773419, 0.728377117097971, 0.9345567497524342, 0.8461600881897895, 1.0, 1.0, 1.0]
