training_data_sizes: [0.1, 0.2, 0.3, 0.4, 0.5, 0.6, 0.7]
times: [108.55, 204.15, 300.89, 400.42, 506.2, 603.93, 709.4]
scores: [0.6559269946942379, 0.6622694245779047, 0.7613754220617097, 0.7965098423588539, 0.8720155464418382, 0.9315853329369848, 0.8914895060003889]
