training_data_sizes: [0.1, 0.2, 0.3, 0.4, 0.5, 0.6, 0.7, 0.8, 0.9]
times: [70.0, 150.0, 239.0, 310.0, 396.0, 477.0, 557.0, 636.0, 712.0]
scores: [0.8335570030082822, 0.9777654631832174, 0.8040201538217466, 0.8782596028197297, 0.8984340250021902, 0.841965383045971, 0.8505226029877553, 1.0, 1.0]
