training_data_sizes: [0.1, 0.2, 0.3, 0.4, 0.5]
times: [188.32, 367.25, 547.89, 723.42, 907.74]
scores: [0.6357845669487736, 0.6186071197128906, 0.6181737664944302, 0.5350140633228363, 0.5617514705493853]
