training_data_sizes: [0.1, 0.2, 0.3, 0.4, 0.5]
times: [53.0, 117.0, 175.0, 236.0, 296.0]
scores: [0.9329210006424105, 0.96814904500824, 0.9441545717300398, 1.0, 1.0]
