training_data_sizes: [0.1, 0.2]
times: [122.0, 254.0]
scores: [0.8708712143875248, 0.9557780360438755]
