training_data_sizes: [0.1, 0.2, 0.3, 0.4, 0.5, 0.6, 0.7, 0.8, 0.9]
times: [56.0, 119.0, 176.0, 237.0, 292.0, 353.0, 417.0, 478.0, 535.0]
scores: [0.7470441816688259, 0.8567987466705136, 0.9871386202587548, 0.9515997404281518, 0.9682281948562435, 1.0, 1.0, 1.0, 1.0]
