training_data_sizes: [0.1, 0.2, 0.3, 0.4, 0.5]
times: [51.0, 110.0, 177.0, 236.0, 296.0]
scores: [0.8820269816351921, 0.7534894260238689, 0.772364954998745, 0.8137121134768792, 0.9011452513536906]
