training_data_sizes: [0.1, 0.2, 0.3]
times: [29.0, 50.0, 80.0]
scores: [0.7696757646855169, 0.6839305015402951, 0.7218513163609244]
