training_data_sizes: [0.1, 0.2, 0.3, 0.4, 0.5, 0.6]
times: [167.76, 334.64, 509.09, 674.16, 840.86, 1007.54]
scores: [0.8271437085440595, 0.8428797615348838, 0.7100092183796511, 0.785208603352461, 0.7704974672637586, 0.8028805003162629]
