training_data_sizes: [0.1, 0.2, 0.3, 0.4, 0.5, 0.6, 0.7, 0.8, 0.9, 1.0]
times: [103.63, 208.02, 303.94, 401.86, 502.9, 606.83, 701.69, 807.24, 902.26, 1005.56]
scores: [1.0, 1.0, 0.9940624575440349, 0.9197658368718753, 0.9687631273705484, 1.0, 0.936735696606029, 1.0, 0.9970675046577792, 1.0]
