training_data_sizes: [0.1, 0.2, 0.3, 0.4, 0.5]
times: [88.0, 174.0, 265.0, 358.0, 448.0]
scores: [0.7110068620929261, 0.7370983593364993, 0.8349404905332273, 0.8166064050219048, 0.9716278993340968]
