training_data_sizes: [0.1, 0.2, 0.3, 0.4, 0.5, 0.6, 0.7, 0.8]
times: [127.32, 252.23, 376.39, 507.85, 631.35, 756.02, 882.86, 1001.78]
scores: [0.9856196326626719, 0.8611607419117571, 0.9985473968663646, 0.8878916176776588, 0.899838349365707, 0.9948990496176675, 0.8158684966728658, 0.9492593049526268]
