training_data_sizes: [0.1, 0.2]
times: [6.0, 14.0]
scores: [0.9566853242871765, 0.944613595394899]
