training_data_sizes: [0.1, 0.2]
times: [107.0, 210.0]
scores: [0.8238923007239276, 0.980132824949089]
