training_data_sizes: [0.1, 0.2, 0.3, 0.4, 0.5, 0.6, 0.7]
times: [93.52, 171.82, 265.41, 350.02, 435.19, 516.33, 608.83]
scores: [0.9423455463911965, 0.8376106757616126, 0.8067382688904996, 0.8904532618510206, 0.9686645578410968, 0.8511423507869299, 0.9708365574074966]
