training_data_sizes: [0.1, 0.2]
times: [27.0, 51.0]
scores: [0.6854687333675455, 0.8693478774446863]
