training_data_sizes: [0.1, 0.2]
times: [28.0, 57.0]
scores: [0.9155222313883011, 0.7996038290685479]
