training_data_sizes: [0.1, 0.2, 0.3, 0.4, 0.5, 0.6]
times: [153.94, 306.24, 450.76, 607.95, 755.94, 902.39]
scores: [0.8541167654646178, 0.7741293340500456, 0.8651462161390209, 0.8620245940733124, 1.0, 1.0]
