training_data_sizes: [0.1, 0.2, 0.3, 0.4]
times: [17.0, 32.0, 57.0, 73.0]
scores: [0.950891636968028, 0.9315316832886028, 0.8881355879142998, 0.9336593942355358]
