training_data_sizes: [0.1, 0.2, 0.3, 0.4, 0.5]
times: [20.0, 58.0, 83.0, 115.0, 140.0]
scores: [0.7985871994879774, 0.7930405162445713, 0.8703407388894879, 0.9139309233857136, 0.7559797864716493]
