training_data_sizes: [0.1, 0.2, 0.3, 0.4, 0.5, 0.6, 0.7, 0.8]
times: [108.0, 210.0, 320.0, 433.0, 546.0, 653.0, 765.0, 873.0]
scores: [0.7659952472400363, 0.8411797790713498, 0.8281181374253219, 0.8393901494416343, 0.8601997733789579, 0.9944612579200073, 0.8746175618410381, 0.8657063095037454]
