training_data_sizes: [0.1, 0.2, 0.3]
times: [206.86, 409.36, 601.99]
scores: [0.7628583385536367, 0.6940537472207711, 0.7058388915593873]
