training_data_sizes: [0.1, 0.2, 0.3, 0.4, 0.5, 0.6, 0.7, 0.8, 0.9]
times: [94.0, 190.0, 293.0, 399.0, 495.0, 594.0, 699.0, 794.0, 894.0]
scores: [0.5728930890261901, 0.5636759785091235, 0.5342403005666976, 0.6341947020110171, 0.47103678023421897, 0.6032144299392973, 0.5894924381480204, 0.5543859434467509, 0.5750992417524621]
