training_data_sizes: [0.1, 0.2, 0.3, 0.4]
times: [24.0, 55.0, 80.0, 111.0]
scores: [1.0, 1.0, 0.9786037749016137, 0.9157817241166102]
