training_data_sizes: [0.1, 0.2, 0.3, 0.4, 0.5, 0.6, 0.7, 0.8, 0.9]
times: [101.59, 208.98, 301.82, 405.65, 509.89, 607.93, 708.02, 803.92, 900.51]
scores: [0.6106123836579362, 0.6038635175865821, 0.6165913436463786, 0.6883066654772975, 0.6310402059791003, 0.8085790086508724, 0.8213890789734015, 0.818123895097431, 0.9706457463039389]
