training_data_sizes: [0.1, 0.2, 0.3, 0.4, 0.5]
times: [29.0, 59.0, 80.0, 110.0, 146.0]
scores: [0.8602307973511667, 0.8775380476722181, 1.0, 1.0, 0.9871751381949425]
