training_data_sizes: [0.1, 0.2, 0.3, 0.4, 0.5]
times: [2.0, 11.0, 25.0, 33.0, 46.0]
scores: [0.9494918150887399, 0.9598921606497485, 0.8553212286245102, 0.994318082417019, 1.0]
