training_data_sizes: [0.1, 0.2, 0.3, 0.4]
times: [67.0, 135.0, 206.0, 276.0]
scores: [0.7352267640529748, 0.882149636213919, 0.7986492961041797, 1.0]
