training_data_sizes: [0.1, 0.2, 0.3, 0.4, 0.5, 0.6, 0.7, 0.8]
times: [83.79, 158.92, 225.33, 309.1, 378.89, 454.39, 534.66, 604.17]
scores: [0.49498143990621196, 0.6186487513905582, 0.5772084836613387, 0.5970714588643997, 0.6213841762577268, 0.7757103398723677, 0.8418240842561657, 0.8531718298311632]
