training_data_sizes: [0.1, 0.2]
times: [500.94, 1000.57]
scores: [0.8498757559835992, 0.8381097795944437]
