training_data_sizes: [0.1, 0.2, 0.3, 0.4, 0.5, 0.6, 0.7, 0.8]
times: [89.85, 179.3, 270.89, 353.01, 444.77, 530.44, 617.18, 703.55]
scores: [0.7338512597827951, 0.939465736782162, 0.8026723258876063, 0.8151996084562401, 0.8786414599734749, 1.0, 1.0, 1.0]
