training_data_sizes: [0.1, 0.2]
times: [73.0, 159.0]
scores: [0.8819795104814301, 0.8395780391497513]
