training_data_sizes: [0.1, 0.2, 0.3]
times: [267.11, 535.96, 800.75]
scores: [0.9296044809177404, 0.9114969671735358, 1.0]
