training_data_sizes: [0.1, 0.2, 0.3]
times: [473.12, 935.9, 1401.56]
scores: [0.8754084746005035, 0.9351147968752094, 0.9743456481637938]
