training_data_sizes: [0.1, 0.2, 0.3, 0.4, 0.5, 0.6]
times: [24.0, 52.0, 86.0, 119.0, 148.0, 178.0]
scores: [0.9693344942987192, 0.9003629192389089, 0.9491283299865904, 1.0, 0.955714543592916, 0.9482324295431721]
