training_data_sizes: [0.1, 0.2, 0.3, 0.4, 0.5, 0.6, 0.7, 0.8, 0.9]
times: [118.0, 231.0, 350.0, 474.0, 593.0, 714.0, 833.0, 950.0, 1073.0]
scores: [0.9789347677567836, 1.0, 1.0, 1.0, 1.0, 0.9658169865043926, 1.0, 1.0, 1.0]
