training_data_sizes: [0.1, 0.2, 0.3]
times: [61.0, 135.0, 202.0]
scores: [0.6870429271834337, 0.8663519873627349, 0.9261055766348798]
