training_data_sizes: [0.1, 0.2, 0.3]
times: [202.72, 407.17, 602.43]
scores: [0.6715445199560147, 0.629213453703595, 0.6546279571770084]
