training_data_sizes: [0.1, 0.2, 0.3, 0.4, 0.5, 0.6, 0.7, 0.8]
times: [138.09, 283.95, 416.77, 559.14, 692.99, 827.34, 964.34, 1104.76]
scores: [0.8538582803917917, 0.8697817035672959, 0.9067718927854544, 0.9964608808728718, 1.0, 1.0, 1.0, 1.0]
