training_data_sizes: [0.1, 0.2, 0.3]
times: [439.94, 874.0, 1308.03]
scores: [0.7517529791666352, 0.758519616898083, 0.7905519612004895]
