training_data_sizes: [0.1, 0.2, 0.3, 0.4]
times: [176.31, 356.87, 534.86, 701.4]
scores: [0.8622653629483359, 1.0, 0.9415360923123819, 0.9852106047785173]
