training_data_sizes: [0.1, 0.2]
times: [503.0, 1002.42]
scores: [0.9098239092385072, 0.8730551875523088]
