training_data_sizes: [0.1, 0.2, 0.3, 0.4, 0.5, 0.6, 0.7, 0.8, 0.9, 1.0]
times: [0.03, 0.04, 0.06, 0.07, 0.09, 0.12, 0.15, 0.16, 0.18, 0.19]
scores: [0.0, 0.38542990743391536, 0.41531308751545537, 0.45042543663233325, 0.487328070834085, 0.5487046632124353, 0.5663066984205196, 0.5903829186266374, 0.6206355364123435, 0.6112412177985949]
