training_data_sizes: [0.1, 0.2, 0.3, 0.4, 0.5, 0.6, 0.7, 0.8, 0.9, 1.0]
times: [63.09, 120.3, 188.37, 241.0, 309.4, 366.78, 420.13, 484.24, 542.38, 600.2]
scores: [0.7808667591111574, 0.7464481521780835, 0.7496485987528935, 0.9018495101894726, 0.9290738281931975, 0.967896695701385, 1.0, 0.9999744579801073, 1.0, 1.0]
