training_data_sizes: [0.1, 0.2, 0.3]
times: [95.0, 199.0, 297.0]
scores: [0.6385055247483779, 0.7830799189510474, 0.8381238029153307]
