training_data_sizes: [0.1, 0.2, 0.3, 0.4, 0.5, 0.6, 0.7, 0.8]
times: [113.0, 235.0, 351.0, 472.0, 590.0, 715.0, 833.0, 954.0]
scores: [0.9064915985058113, 0.9048334209054136, 0.9583759532151415, 0.9308266960407199, 0.9421965954165432, 0.8916957591193875, 1.0, 0.8966129145059196]
