training_data_sizes: [0.1, 0.2, 0.3, 0.4, 0.5]
times: [47.0, 93.0, 142.0, 192.0, 249.0]
scores: [0.8961147454822419, 1.0, 0.9031361594694257, 0.926595092085303, 1.0]
