training_data_sizes: [0.1, 0.2, 0.3, 0.4, 0.5]
times: [181.59, 363.84, 544.81, 728.62, 901.24]
scores: [0.7446603147546218, 0.8557776157482528, 0.9334117798386963, 0.9409981380705706, 0.8535446708870073]
