training_data_sizes: [0.1, 0.2, 0.3, 0.4, 0.5, 0.6]
times: [143.16, 272.27, 401.0, 533.94, 674.78, 800.83]
scores: [0.49914058251939564, 0.6325529198946935, 0.5755398615026176, 0.6726075905909386, 0.6709619584921102, 0.7175027616156532]
