training_data_sizes: [0.1, 0.2, 0.3, 0.4]
times: [113.0, 236.0, 352.0, 473.0]
scores: [0.6145361828644608, 0.6689709938196601, 0.76718668641542, 0.7867076815609573]
