training_data_sizes: [0.1, 0.2, 0.3, 0.4, 0.5, 0.6, 0.7, 0.8, 0.9, 1.0]
times: [1.53, 2.29, 3.15, 3.89, 4.78, 5.64, 6.58, 7.52, 8.74, 9.52]
scores: [0.2644794774038938, 0.11953429152766301, 0.09677974723358394, 0.08326234272743854, 0.09039854720697438, 0.08180419483870593, 0.08306259651337587, 0.07754354293774351, 0.08730581841876218, 0.09003960147653041]
