training_data_sizes: [0.1, 0.2, 0.3, 0.4, 0.5, 0.6]
times: [123.0, 253.0, 384.0, 511.0, 645.0, 778.0]
scores: [1.0, 1.0, 0.9379255931864114, 0.958215645720118, 0.9872761981236636, 1.0]
