training_data_sizes: [0.1, 0.2, 0.3, 0.4, 0.5, 0.6, 0.7, 0.8, 0.9, 1.0]
times: [63.0, 137.0, 208.0, 276.0, 342.0, 412.0, 487.99999999999994, 559.0, 628.0, 693.0]
scores: [0.5760905643777077, 0.5761153479658083, 0.5905021779631677, 0.7645105778064418, 0.8409230031526238, 0.7579082558825563, 0.8610677238177039, 0.827738278955391, 0.836491106227311, 0.9926862024817673]
