training_data_sizes: [0.1, 0.2, 0.3, 0.4, 0.5, 0.6, 0.7, 0.8, 0.9]
times: [86.78, 161.18, 242.68, 314.08, 397.73, 474.58, 550.71, 628.6, 705.26]
scores: [0.8619272508115615, 0.8849738446221482, 0.8060752015099981, 0.9599677570560534, 0.9247491100427274, 0.8846825425786549, 0.8810004564994984, 0.8746175869904798, 0.9872750630106413]
