training_data_sizes: [0.1, 0.2, 0.3, 0.4, 0.5, 0.6, 0.7, 0.8, 0.9]
times: [49.0, 95.0, 146.0, 195.0, 245.0, 298.0, 342.0, 393.0, 444.0]
scores: [0.7887772702136953, 0.7284710517109423, 0.7729127846806003, 0.914826670042876, 0.854044728213226, 1.0, 0.9995972284530383, 1.0, 1.0]
