training_data_sizes: [0.1, 0.2, 0.3, 0.4, 0.5, 0.6]
times: [22.0, 59.0, 86.0, 115.0, 145.0, 172.0]
scores: [0.9071320433428777, 0.985389996638218, 0.9997402785008758, 0.9015413607158121, 0.8750769533162013, 0.9103946137563264]
