training_data_sizes: [0.1, 0.2, 0.3]
times: [474.55, 936.46, 1407.41]
scores: [0.8269494841604439, 0.8716530079904059, 0.9930365183300168]
