training_data_sizes: [0.1, 0.2, 0.3, 0.4, 0.5, 0.6, 0.7, 0.8, 0.9]
times: [131.36, 245.56, 369.54, 489.58, 614.16, 740.05, 858.97, 985.27, 1103.39]
scores: [0.625831745089517, 0.7763051405118724, 0.696213885835893, 0.7824166416991003, 0.7752412815746385, 0.9192324468801338, 0.93035700844215, 0.9810824303029828, 1.0]
