training_data_sizes: [0.1, 0.2, 0.3, 0.4, 0.5, 0.6]
times: [125.0, 251.0, 386.0, 518.0, 648.0, 774.0]
scores: [0.6364897279648235, 0.7262932554505254, 0.7752710839591579, 0.7670901284870127, 0.7445525589740443, 0.7028445510117413]
