training_data_sizes: [0.1, 0.2, 0.3, 0.4, 0.5, 0.6, 0.7]
times: [145.51, 289.22, 431.76, 575.62, 718.71, 861.64, 1008.53]
scores: [0.841233867488745, 0.9401796003382232, 0.8457130949227722, 0.9982292822566733, 0.9266441441973233, 0.9925528296839576, 1.0]
