training_data_sizes: [0.1, 0.2, 0.3, 0.4]
times: [227.24, 459.8, 681.58, 906.64]
scores: [0.8307827608591617, 0.9639268225349149, 0.9833176944138231, 0.9333953779955738]
