training_data_sizes: [0.1, 0.2, 0.3, 0.4, 0.5, 0.6, 0.7, 0.8, 0.9, 1.0]
times: [74.55, 145.4, 218.27, 282.03, 355.99, 429.05, 492.81, 561.46, 630.93, 701.76]
scores: [0.7994299055381657, 0.9575786997016823, 0.8738076396135047, 0.95364519306175, 0.9013364537891287, 0.9640789012108304, 0.9275045764021297, 0.9348004031389345, 0.940968448947972, 1.0]
