training_data_sizes: [0.1, 0.2]
times: [658.85, 1309.85]
scores: [0.8750079099205417, 0.8546432166967834]
