training_data_sizes: [0.1, 0.2, 0.3, 0.4, 0.5]
times: [148.06, 283.71, 429.3, 566.79, 708.27]
scores: [0.7618211008644323, 0.8370214265002793, 0.9134907199648579, 0.7912171262893248, 0.8279731071671571]
