training_data_sizes: [0.1, 0.2, 0.3, 0.4, 0.5]
times: [267.95, 521.18, 781.21, 1046.94, 1307.32]
scores: [0.7716128997965218, 0.8959465190218587, 0.8265411839965253, 0.7119404376960947, 0.8463782771706336]
