training_data_sizes: [0.1, 0.2, 0.3, 0.4, 0.5, 0.6, 0.7]
times: [135.2, 262.8, 394.69, 515.78, 649.6, 779.86, 903.29]
scores: [0.7105899098892776, 0.7376324261776341, 0.6276131988260447, 0.7605049955429353, 0.6896754894810294, 0.5929880397089791, 0.7045694066476824]
