training_data_sizes: [0.1, 0.2, 0.3, 0.4, 0.5, 0.6, 0.7]
times: [125.0, 258.0, 389.0, 519.0, 640.0, 776.0, 903.9999999999999]
scores: [0.8778725554249798, 0.8884785903680316, 0.8135398776258675, 0.9415097203553323, 0.8078448678258656, 0.9522952158495246, 0.8330227223255622]
