training_data_sizes: [0.1, 0.2, 0.3, 0.4, 0.5, 0.6, 0.7, 0.8, 0.9]
times: [21.0, 51.0, 87.0, 112.0, 143.0, 174.0, 202.0, 234.0, 267.0]
scores: [0.8297343214444288, 0.7772122752555096, 0.8266459277560316, 0.8283106132851659, 0.8465916559943796, 0.8820867492784727, 1.0, 1.0, 1.0]
