training_data_sizes: [0.1, 0.2, 0.3, 0.4, 0.5, 0.6, 0.7, 0.8]
times: [92.97, 178.97, 268.05, 350.95, 442.34, 534.64, 622.23, 705.86]
scores: [0.8289662225939759, 0.8266812270159363, 0.8859072318188006, 1.0, 0.927956336751087, 1.0, 1.0, 1.0]
