training_data_sizes: [0.1, 0.2, 0.3, 0.4, 0.5, 0.6, 0.7, 0.8, 0.9, 1.0]
times: [114.0, 230.0, 350.0, 474.0, 598.0, 719.0, 833.0, 957.0, 1079.0, 1196.0]
scores: [0.5743085139461397, 0.6603203603819322, 0.6559937734849854, 0.6833946255786485, 0.9037102097990087, 0.966539915218044, 0.9359411700576583, 1.0, 0.9709446165640698, 1.0]
