training_data_sizes: [0.1, 0.2, 0.3, 0.4, 0.5, 0.6, 0.7, 0.8, 0.9, 1.0]
times: [71.37, 148.35, 210.39, 289.89, 351.95, 429.34, 493.68, 566.91, 635.12, 706.32]
scores: [0.8632343745277691, 0.7971084122720015, 0.9712269053529681, 0.9155332718620559, 0.982475301963482, 1.0, 1.0, 1.0, 1.0, 1.0]
