training_data_sizes: [0.1, 0.2, 0.3, 0.4]
times: [96.0, 190.0, 293.0, 398.0]
scores: [0.8931075497281602, 0.7685123309912059, 0.8429842005407482, 0.8458793838514221]
