training_data_sizes: [0.1, 0.2, 0.3, 0.4, 0.5]
times: [164.87, 327.08, 485.98, 640.61, 804.05]
scores: [0.8674618694286196, 0.9304880515237622, 0.9211997262024699, 0.842965771051266, 0.8745349744969153]
