training_data_sizes: [0.1, 0.2]
times: [407.89, 805.22]
scores: [0.6517466725452493, 0.5842195377108241]
