training_data_sizes: [0.1, 0.2, 0.3, 0.4, 0.5, 0.6]
times: [170.52, 342.34, 509.08, 666.98, 838.64, 1003.31]
scores: [0.7769486927578346, 0.9345209207518904, 0.865092755871175, 1.0, 0.8615577792357283, 0.9964766676577623]
