training_data_sizes: [0.1, 0.2, 0.3, 0.4, 0.5]
times: [122.0, 257.0, 383.0, 511.0, 643.0]
scores: [0.6342217888223892, 0.8039340239584657, 0.7650774510351974, 0.8480122021108171, 0.9094831600575788]
