training_data_sizes: [0.1, 0.2, 0.3, 0.4, 0.5, 0.6, 0.7, 0.8, 0.9, 1.0]
times: [17.8, 39.68, 66.02, 93.08, 127.32, 165.59, 206.26, 257.67, 306.96, 358.15]
scores: [0.7804318093157441, 0.8440098778297979, 0.8805963310051724, 0.9073192515402361, 0.9239834095933022, 0.9362648555797678, 0.9443946499469614, 0.9497159845873786, 0.9546561096192341, 0.960953665877682]
