training_data_sizes: [0.1, 0.2, 0.3, 0.4, 0.5, 0.6, 0.7]
times: [195.42, 378.16, 557.82, 746.75, 935.99, 1118.73, 1301.09]
scores: [0.946312437326051, 0.9237157109607115, 0.9367027384974231, 0.9460086703977002, 1.0, 1.0, 1.0]
