training_data_sizes: [0.1, 0.2, 0.3, 0.4, 0.5]
times: [242.77, 483.41, 727.69, 965.65, 1203.47]
scores: [0.8406429390528165, 0.9312046486601754, 0.9763264979682863, 1.0, 1.0]
