training_data_sizes: [0.1, 0.2]
times: [106.0, 215.0]
scores: [0.8941006225777457, 0.9381396825216926]
