training_data_sizes: [0.1, 0.2, 0.3, 0.4, 0.5, 0.6, 0.7, 0.8]
times: [171.4, 332.2, 490.22, 658.98, 821.1, 976.03, 1141.04, 1303.12]
scores: [0.7771198815322539, 0.849477760832089, 0.9751533058034865, 0.9281679979449148, 0.9732639567389392, 1.0, 0.8596173899562666, 0.9941071463422284]
