training_data_sizes: [0.1, 0.2, 0.3, 0.4, 0.5, 0.6, 0.7]
times: [116.0, 230.0, 353.0, 478.0, 593.0, 717.0, 835.0]
scores: [0.8968496160346671, 0.9194755005922108, 0.8518435652335481, 1.0, 1.0, 1.0, 1.0]
