training_data_sizes: [0.1, 0.2]
times: [359.09, 704.47]
scores: [0.6403819617995625, 0.6479351854438704]
