training_data_sizes: [0.1, 0.2, 0.3, 0.4, 0.5, 0.6, 0.7, 0.8, 0.9, 1.0]
times: [3.34, 1.91, 2.5, 3.24, 4.08, 4.83, 5.62, 6.69, 7.85, 8.87]
scores: [0.999552870264784, 0.825231569446585, 0.8047317941370133, 0.7833469594752094, 0.7868786532191481, 0.7618968878273156, 0.7534224413777104, 0.748588985944461, 0.742906875960992, 0.7360496783312751]
