training_data_sizes: [0.1, 0.2, 0.3, 0.4, 0.5, 0.6, 0.7, 0.8, 0.9, 1.0]
times: [90.26, 185.82, 279.81, 365.51, 450.17, 543.96, 630.13, 723.88, 811.58, 902.24]
scores: [0.744741159805254, 0.7773995567811495, 0.7206515446639943, 0.9091479987436137, 0.8266258383807661, 0.9988328022204207, 1.0, 1.0, 1.0, 1.0]
