training_data_sizes: [0.1, 0.2, 0.3]
times: [120.0, 259.0, 385.0]
scores: [0.6637622656603591, 0.7091459520420744, 0.8826409687666658]
