training_data_sizes: [0.1, 0.2, 0.3, 0.4, 0.5, 0.6, 0.7, 0.8]
times: [127.0, 256.0, 389.0, 515.0, 645.0, 778.0, 903.9999999999999, 1030.0]
scores: [0.839080762912875, 0.8537372693600511, 0.9008714564348521, 1.0, 0.9732234948093414, 1.0, 1.0, 1.0]
