training_data_sizes: [0.1, 0.2, 0.3, 0.4, 0.5, 0.6, 0.7, 0.8, 0.9, 1.0]
times: [62.0, 132.0, 204.0, 278.0, 346.0, 418.0, 483.99999999999994, 555.0, 629.0, 695.0]
scores: [0.8357514865700565, 0.8539734573875175, 0.7608044184680371, 0.8474874831363491, 0.8825751141621152, 0.9148802488735324, 1.0, 0.9712018410228009, 1.0, 1.0]
