training_data_sizes: [0.1, 0.2, 0.3, 0.4, 0.5]
times: [81.0, 170.0, 268.0, 353.0, 445.0]
scores: [0.8090800361945936, 0.8342431212401551, 0.8096842031394872, 0.7862539198244028, 0.7746914939681543]
