training_data_sizes: [0.1, 0.2, 0.3, 0.4, 0.5, 0.6, 0.7, 0.8, 0.9, 1.0]
times: [0.49, 0.59, 0.72, 0.88, 1.21, 1.69, 2.34, 2.78, 2.62, 4.79]
scores: [0.9477885011670479, 0.970255189204858, 0.9789420177028515, 0.9838800231817209, 0.9866258400635639, 0.9885870905164806, 0.9900621970743109, 0.9911113218747938, 0.9920236693352431, 0.9927635594831942]
