training_data_sizes: [0.1, 0.2, 0.3, 0.4, 0.5, 0.6]
times: [185.8, 373.36, 551.15, 738.83, 926.56, 1101.88]
scores: [0.8231163524058995, 0.8401324845179634, 0.9506823648280214, 0.8204726503452562, 0.8183288466450783, 0.8515827770838053]
