training_data_sizes: [0.1, 0.2, 0.3, 0.4, 0.5, 0.6, 0.7, 0.8, 0.9]
times: [83.72, 163.68, 237.11, 313.52, 392.91, 472.43, 546.37, 628.17, 704.34]
scores: [0.8474667559287798, 1.0, 1.0, 0.9290966613090602, 1.0, 1.0, 1.0, 1.0, 1.0]
