training_data_sizes: [0.1, 0.2, 0.3, 0.4, 0.5, 0.6, 0.7, 0.8, 0.9, 1.0]
times: [2.0, 17.0, 28.0, 37.0, 49.0, 50.0, 60.0, 72.0, 83.0, 97.0]
scores: [0.5720912739876265, 0.6171787689861301, 0.8491317784893693, 0.9164798320927705, 0.8632482542572808, 0.9475262387070996, 1.0, 0.9712465789269873, 1.0, 1.0]
