training_data_sizes: [0.1, 0.2, 0.3, 0.4, 0.5, 0.6, 0.7, 0.8, 0.9, 1.0]
times: [4.0, 19.0, 25.0, 39.0, 47.0, 58.0, 62.0, 70.0, 80.0, 94.0]
scores: [0.7173862504877775, 0.8357458605077932, 0.9005693127499141, 0.9048913930919356, 0.8732541922447534, 0.9460864310241134, 1.0, 1.0, 1.0, 0.9511108845040731]
