training_data_sizes: [0.1, 0.2, 0.3, 0.4, 0.5, 0.6, 0.7, 0.8]
times: [100.8, 200.24, 300.21, 403.29, 506.22, 601.02, 702.91, 806.72]
scores: [0.7442534604515099, 0.7334236725726968, 0.7721359461077709, 0.8682376383707513, 0.9619904428172257, 0.953859192371598, 0.8599184684950214, 0.9786828876103729]
