training_data_sizes: [0.1, 0.2, 0.3, 0.4]
times: [51.0, 117.0, 175.0, 232.0]
scores: [0.7937218503871044, 0.9766926268206273, 0.9963619672455626, 0.9553700438639097]
