training_data_sizes: [0.1, 0.2, 0.3, 0.4, 0.5, 0.6]
times: [77.0, 157.0, 238.0, 313.0, 391.0, 477.0]
scores: [0.7950247577197965, 0.8534716390270891, 0.8258045149141127, 0.9746825622498447, 0.9672834167606295, 0.9527708378047703]
