training_data_sizes: [0.1, 0.2, 0.3]
times: [308.25, 674.25, 1015.44]
scores: [0.99916749448381, 0.9987668638596137, 0.9981107562446849]
