training_data_sizes: [0.1, 0.2, 0.3, 0.4, 0.5, 0.6]
times: [221.11, 437.41, 654.75, 871.01, 1084.9, 1300.97]
scores: [0.6049177259689098, 0.492368236716399, 0.6131940347251135, 0.615319513371952, 0.6463601015284933, 0.6672915819058033]
