training_data_sizes: [0.1, 0.2, 0.3, 0.4, 0.5, 0.6, 0.7, 0.8, 0.9]
times: [116.43, 224.26, 338.7, 450.34, 559.34, 671.48, 782.52, 895.53, 1008.63]
scores: [0.8007662726307604, 0.8469604303737683, 0.7713483090164859, 0.9506650855871466, 0.9379712131526946, 0.8983748204221618, 0.8038853996624908, 0.8799826890944025, 0.8666371474113999]
