training_data_sizes: [0.1, 0.2, 0.3, 0.4, 0.5, 0.6]
times: [184.6, 371.98, 559.37, 742.6, 921.92, 1102.3]
scores: [0.6333404949483994, 0.6371453442357122, 0.7832038351449782, 0.7284469750259164, 0.8467708537074472, 0.9163628499327823]
