training_data_sizes: [0.1, 0.2, 0.3, 0.4, 0.5, 0.6, 0.7, 0.8]
times: [175.74, 356.39, 532.05, 702.8, 876.18, 1055.8, 1225.41, 1406.47]
scores: [0.8851214372012473, 0.9168628707687638, 0.8211496168890955, 0.8629211822946785, 0.7210741182762028, 0.8815173040559617, 0.7010076088870022, 0.8580466464920855]
