training_data_sizes: [0.1, 0.2, 0.3, 0.4, 0.5, 0.6, 0.7, 0.8, 0.9, 1.0]
times: [3.0, 4.71, 5.99, 7.11, 8.51, 9.55, 10.31, 11.26, 12.65, 14.01]
scores: [0.21410327770766902, 0.12399339161123302, 0.12084306394311661, 0.12651655465038547, 0.11997427929944782, 0.11227250921592646, 0.11808807064742899, 0.11863575495506185, 0.11733462394633354, 0.12377930552180505]
