training_data_sizes: [0.1, 0.2, 0.3]
times: [342.36, 670.83, 1005.43]
scores: [0.886152580379799, 0.8027999330280498, 0.9836566994114597]
