training_data_sizes: [0.1, 0.2, 0.3, 0.4, 0.5, 0.6, 0.7, 0.8]
times: [36.0, 78.0, 118.0, 157.0, 196.0, 236.0, 270.0, 311.0]
scores: [0.7104985014103804, 0.7201918113668128, 0.701713201360666, 0.7776218510270462, 0.8138804218955862, 0.9536889488071492, 0.9263469685336965, 1.0]
