training_data_sizes: [0.1, 0.2, 0.3, 0.4, 0.5, 0.6, 0.7, 0.8, 0.9, 1.0]
times: [0.64, 1.12, 1.62, 2.09, 2.69, 2.91, 3.44, 4.02, 4.3, 5.03]
scores: [0.6476225305336982, 0.6546701743281481, 0.6708955084340971, 0.6523814662068261, 0.6693957045604153, 0.6634466603419369, 0.6534191104261423, 0.6649178000547693, 0.6474927389857444, 0.679731224480303]
