training_data_sizes: [0.1, 0.2, 0.3, 0.4, 0.5, 0.6, 0.7, 0.8]
times: [171.79, 332.45, 488.46, 659.21, 821.1, 976.65, 1142.55, 1305.07]
scores: [0.7048268581734018, 0.708790266517685, 0.8681378720270287, 0.8618133472069729, 0.8663174476770945, 0.9465193153856186, 1.0, 0.9950251556499873]
