training_data_sizes: [0.1, 0.2, 0.3, 0.4, 0.5]
times: [54.0, 114.0, 173.0, 232.0, 293.0]
scores: [0.6559112168384555, 0.8189518251507188, 0.8531621768290387, 0.7991823781876108, 0.8677625186917248]
