training_data_sizes: [0.1, 0.2, 0.3]
times: [2.0, 10.0, 22.0]
scores: [0.9865352809200072, 0.8971642480184334, 1.0]
