training_data_sizes: [0.1, 0.2, 0.3, 0.4]
times: [232.45, 453.32, 676.96, 901.29]
scores: [0.778806756217507, 0.7743844334387648, 0.8931696144961061, 0.9498435954922417]
