training_data_sizes: [0.1, 0.2, 0.3, 0.4, 0.5, 0.6, 0.7, 0.8, 0.9, 1.0]
times: [1.67, 3.24, 4.03, 5.29, 6.59, 7.7, 9.41, 11.78, 13.49, 13.34]
scores: [0.21966420166503875, 0.2167318346662257, 0.21781415120575276, 0.21488497319647126, 0.2174726838563399, 0.21584537318493968, 0.21594405497375835, 0.21555139959555425, 0.21745003795953322, 0.219145929459037]
