training_data_sizes: [0.1, 0.2, 0.3]
times: [434.84, 870.85, 1309.2]
scores: [0.8935898481783474, 0.8653275738621817, 0.8089398957929376]
