training_data_sizes: [0.1, 0.2, 0.3, 0.4, 0.5]
times: [25.0, 50.0, 81.0, 117.0, 143.0]
scores: [0.5596884524371297, 0.5806742074687035, 0.5531862982240683, 0.5697942941558004, 0.705892166949152]
