training_data_sizes: [0.1, 0.2, 0.3]
times: [209.48, 403.62, 603.15]
scores: [0.8903544866262487, 0.8426470011431473, 0.9068232193887678]
