training_data_sizes: [0.1, 0.2, 0.3, 0.4, 0.5, 0.6, 0.7, 0.8, 0.9, 1.0]
times: [0.93, 1.64, 2.7, 5.09, 9.18, 9.97, 13.34, 16.58, 28.09, 18.97]
scores: [0.9999192612656782, 0.999962022599279, 0.9999387302179578, 0.9998990279890713, 0.9999138422105442, 0.9998674406706629, 0.9997975382561572, 0.9998256067859284, 0.9998907130476089, 0.9998604485084644]
