training_data_sizes: [0.1, 0.2, 0.3]
times: [46.0, 99.0, 144.0]
scores: [0.726051632824781, 0.7442395194202361, 0.7423530428850552]
