training_data_sizes: [0.1, 0.2, 0.3]
times: [337.9, 675.88, 1009.1]
scores: [0.6527450268651096, 0.6900367104911628, 0.8187707690363035]
