training_data_sizes: [0.1, 0.2, 0.3, 0.4, 0.5, 0.6, 0.7, 0.8, 0.9]
times: [164.24, 314.75, 474.25, 626.63, 784.64, 934.79, 1090.84, 1248.89, 1406.71]
scores: [0.9126734214451282, 0.8813487564581508, 0.9180984916812718, 1.0, 1.0, 1.0, 1.0, 0.9912953595486231, 1.0]
