training_data_sizes: [0.1, 0.2, 0.3, 0.4]
times: [258.77, 503.27, 752.08, 1009.3]
scores: [0.949062999946318, 0.8478625664686353, 0.9980440791018179, 1.0]
