training_data_sizes: [0.1, 0.2, 0.3, 0.4, 0.5, 0.6]
times: [137.71, 273.03, 403.15, 534.65, 675.34, 804.06]
scores: [0.7497710137830105, 0.8945357833004073, 0.9943874767366714, 1.0, 0.9277992059047091, 1.0]
