training_data_sizes: [0.1, 0.2, 0.3, 0.4, 0.5, 0.6, 0.7, 0.8, 0.9, 1.0]
times: [74.95, 141.37, 214.68, 282.41, 359.08, 429.76, 498.37, 565.59, 631.47, 709.77]
scores: [0.8673205070162224, 0.8004365885592335, 0.8593125501097556, 0.7889702964273588, 0.8365603105897831, 0.8133316129785408, 0.8571347582313005, 0.9679952020987124, 0.8871369380235586, 0.963021952533953]
