training_data_sizes: [0.1, 0.2]
times: [82.0, 173.0]
scores: [0.9515513759650696, 0.8993345029949138]
