training_data_sizes: [0.1, 0.2, 0.3, 0.4, 0.5, 0.6, 0.7, 0.8, 0.9]
times: [14.0, 33.0, 58.0, 75.0, 93.0, 118.0, 130.0, 157.0, 170.0]
scores: [0.9134005763484394, 0.9649442749345454, 0.8800995218026789, 0.9925001086580175, 1.0, 0.923072345157133, 1.0, 1.0, 1.0]
