training_data_sizes: [0.1, 0.2, 0.3, 0.4, 0.5, 0.6]
times: [201.87, 404.68, 602.7, 804.77, 1002.52, 1203.18]
scores: [0.9601489747706424, 0.8594209634816519, 0.949455074838925, 1.0, 1.0, 1.0]
