training_data_sizes: [0.1, 0.2, 0.3, 0.4, 0.5, 0.6, 0.7]
times: [30.0, 75.0, 112.0, 154.0, 191.0, 237.0, 279.0]
scores: [0.845408328616422, 0.8836239750030919, 0.9519739573322077, 0.8386381297678459, 0.9060455683668278, 1.0, 0.9865611419324967]
