training_data_sizes: [0.1, 0.2, 0.3, 0.4, 0.5, 0.6]
times: [33.0, 77.0, 114.0, 154.0, 193.0, 237.0]
scores: [0.6363209202359457, 0.689413189088667, 0.7647495274072224, 0.7368104358539738, 0.7619473530307874, 0.8612347813311358]
