training_data_sizes: [0.1, 0.2, 0.3, 0.4]
times: [180.56, 354.55, 532.1, 705.31]
scores: [1.0, 0.9510298489049953, 0.9282848024786822, 1.0]
