training_data_sizes: [0.1, 0.2, 0.3, 0.4, 0.5, 0.6, 0.7, 0.8, 0.9, 1.0]
times: [128.0, 257.0, 381.0, 518.0, 644.0, 776.0, 905.9999999999999, 1035.0, 1164.0, 1295.0]
scores: [0.5054932831444697, 0.6147364959359757, 0.47609253135844026, 0.47703554085425914, 0.5541217750042229, 0.6890398004599052, 0.7721861628405462, 0.8102152504049451, 0.8195041249752084, 0.9649557876290659]
