training_data_sizes: [0.1, 0.2, 0.3, 0.4, 0.5]
times: [120.0, 253.0, 384.0, 515.0, 649.0]
scores: [0.7281972257860081, 0.7438541664590645, 0.6526735795582571, 0.6349603867982216, 0.5094070352096645]
