training_data_sizes: [0.1, 0.2, 0.3, 0.4, 0.5, 0.6, 0.7, 0.8, 0.9, 1.0]
times: [5.3, 10.43, 15.73, 20.64, 26.07, 29.56, 35.87, 40.08, 45.96, 53.88]
scores: [0.7959235067336365, 0.7906685016419455, 0.7934804469579948, 0.7877923092575498, 0.785800022825101, 0.7866375565163777, 0.7858540089461321, 0.7871425081710781, 0.7881981046423046, 0.7843827751167165]
