training_data_sizes: [0.1, 0.2, 0.3, 0.4]
times: [47.0, 90.0, 141.0, 190.0]
scores: [0.7905935569208247, 0.8932346289431427, 0.8234705791863983, 0.853561236411117]
