training_data_sizes: [0.1, 0.2, 0.3]
times: [302.75, 605.25, 906.73]
scores: [0.7530262872173146, 0.7428877863434364, 0.7315687368837914]
