training_data_sizes: [0.1, 0.2, 0.3, 0.4, 0.5, 0.6]
times: [6.0, 19.0, 29.0, 35.0, 46.0, 56.0]
scores: [0.7761859300576279, 0.6798422726122985, 0.799586787507303, 0.7296226861357417, 0.6457948179727402, 0.6538466986513861]
