training_data_sizes: [0.1, 0.2, 0.3, 0.4, 0.5, 0.6, 0.7]
times: [130.39, 264.47, 393.52, 521.51, 645.17, 773.97, 909.21]
scores: [0.9837142812692352, 0.8867040154171942, 1.0, 1.0, 0.9784053674429029, 0.9609277735175612, 0.9376188360547071]
