training_data_sizes: [0.1, 0.2, 0.3, 0.4, 0.5, 0.6, 0.7, 0.8, 0.9, 1.0]
times: [100.0, 219.0, 325.0, 435.0, 543.0, 656.0, 768.0, 872.0, 982.0, 1096.0]
scores: [0.993421045875251, 1.0, 0.9658431670834077, 0.9508037096815938, 0.9615429176653731, 1.0, 1.0, 1.0, 1.0, 1.0]
