training_data_sizes: [0.1, 0.2, 0.3, 0.4, 0.5]
times: [58.0, 115.0, 171.0, 232.0, 290.0]
scores: [0.765897373246265, 0.966412248449424, 0.8087337202142522, 0.8540334311237755, 0.9268497861837197]
