training_data_sizes: [0.1, 0.2, 0.3, 0.4]
times: [202.18, 406.26, 606.37, 800.88]
scores: [0.6366793948128698, 0.7239568888688602, 0.7386769247607119, 0.8311175806610294]
