training_data_sizes: [0.1, 0.2, 0.3, 0.4, 0.5, 0.6, 0.7]
times: [11.0, 36.0, 50.0, 76.0, 91.0, 110.0, 137.0]
scores: [0.6007832395548709, 0.6824253554639184, 0.7277195736206177, 0.688918238852055, 0.7314289896224335, 0.8276373315888019, 0.9392251144058275]
