training_data_sizes: [0.1, 0.2, 0.3, 0.4, 0.5, 0.6]
times: [225.1, 438.39, 654.8, 871.45, 1083.45, 1307.28]
scores: [0.9674720295656367, 0.9970345191231555, 0.9440320906039186, 0.906101285930707, 0.9130787629804631, 0.9755329446763559]
