training_data_sizes: [0.1, 0.2, 0.3]
times: [400.18, 804.91, 1204.38]
scores: [0.9129361212547351, 0.9589494298636538, 1.0]
