training_data_sizes: [0.1, 0.2, 0.3]
times: [201.29, 403.8, 603.35]
scores: [0.9777510165074406, 0.88597534642581, 0.8961427317589411]
