training_data_sizes: [0.1, 0.2, 0.3, 0.4, 0.5, 0.6, 0.7, 0.8, 0.9, 1.0]
times: [81.16, 164.29, 246.67, 321.64, 407.31, 481.47, 569.83, 644.81, 720.22, 809.16]
scores: [0.7954430928944951, 0.8515154534746892, 0.8708171146198147, 0.9598062286752576, 0.9179201597936952, 1.0, 1.0, 1.0, 1.0, 1.0]
