training_data_sizes: [0.1, 0.2, 0.3, 0.4]
times: [23.0, 53.0, 81.0, 110.0]
scores: [0.5157321076280641, 0.5523941350595009, 0.5989686345172552, 0.6103306516280667]
