training_data_sizes: [0.1, 0.2, 0.3, 0.4, 0.5, 0.6]
times: [151.7, 301.06, 453.97, 603.77, 750.71, 900.44]
scores: [0.6396454057495595, 0.7786439792502242, 0.7133616451329299, 0.7842807340104585, 0.6963389376669484, 0.6214707934583709]
