training_data_sizes: [0.1, 0.2, 0.3, 0.4, 0.5, 0.6]
times: [138.27, 267.71, 401.67, 536.15, 672.95, 803.24]
scores: [0.724409768198799, 0.7378704867315115, 0.7788685034593972, 0.8141936614076473, 0.8448252785119128, 0.7526163152408818]
