training_data_sizes: [0.1, 0.2, 0.3, 0.4, 0.5, 0.6, 0.7, 0.8, 0.9]
times: [120.0, 224.77, 335.77, 445.6, 564.36, 669.25, 782.34, 897.65, 1002.46]
scores: [0.7251217154508942, 0.7598930856069357, 0.945221576679917, 0.9169475858980145, 0.9231333514736266, 0.9523858260841669, 1.0, 1.0, 0.9855751896252524]
