training_data_sizes: [0.1, 0.2, 0.3, 0.4, 0.5, 0.6, 0.7, 0.8]
times: [11.0, 39.0, 50.0, 70.0, 93.0, 111.0, 136.0, 159.0]
scores: [0.8560714911608486, 0.8171435170139645, 0.8431510665190123, 0.7104922176868146, 0.779611163292482, 0.7223893976005187, 0.7311010656409012, 0.8015947142727122]
