training_data_sizes: [0.1, 0.2]
times: [501.44, 1000.64]
scores: [0.951145004828557, 0.8250698194715695]
