training_data_sizes: [0.1, 0.2, 0.3, 0.4, 0.5, 0.6, 0.7, 0.8]
times: [100.0, 214.0, 328.0, 439.0, 541.0, 655.0, 761.0, 874.0]
scores: [0.928645359637025, 0.9347321731765841, 0.9591030360012097, 0.9585011147031158, 1.0, 1.0, 1.0, 1.0]
