training_data_sizes: [0.1, 0.2, 0.3, 0.4, 0.5, 0.6, 0.7, 0.8, 0.9]
times: [72.72, 137.77, 201.4, 276.19, 335.7, 403.37, 471.66, 534.6, 600.79]
scores: [0.7332535777000946, 0.761222438619096, 0.7161942469305558, 0.814970258959687, 0.7551592208303278, 0.9612883700363937, 1.0, 0.9901010880643031, 1.0]
