training_data_sizes: [0.1, 0.2, 0.3, 0.4]
times: [205.33, 406.01, 606.16, 804.18]
scores: [0.7156396981467764, 0.6500475397017071, 0.699724579114681, 0.7374603703535422]
