training_data_sizes: [0.1, 0.2, 0.3, 0.4, 0.5, 0.6]
times: [226.21, 434.91, 657.4, 869.0, 1088.17, 1309.13]
scores: [0.811141188017751, 0.9072950141842844, 0.8366956391600022, 0.9476657143485093, 0.8197147111891057, 1.0]
