training_data_sizes: [0.1, 0.2, 0.3, 0.4]
times: [227.89, 455.99, 677.72, 909.87]
scores: [0.5608337832370917, 0.7002379846429108, 0.6668191847972174, 0.7219355411390166]
