training_data_sizes: [0.1, 0.2, 0.3, 0.4, 0.5, 0.6]
times: [151.9, 307.67, 451.33, 608.54, 754.29, 907.96]
scores: [0.7404506267860944, 0.6554066745033997, 0.7587357007489728, 0.6710025882141142, 0.7666913518217539, 0.6839825917096805]
