training_data_sizes: [0.1, 0.2, 0.3, 0.4, 0.5, 0.6, 0.7]
times: [117.51, 235.0, 343.98, 460.88, 571.91, 694.85, 800.82]
scores: [0.627376079865283, 0.7434509375451234, 0.7123648240689308, 0.8754839618315086, 0.8025963461379477, 0.961576916525732, 1.0]
