training_data_sizes: [0.1, 0.2, 0.3, 0.4, 0.5, 0.6, 0.7, 0.8]
times: [61.0, 132.0, 205.0, 270.0, 346.0, 414.0, 480.99999999999994, 551.0]
scores: [0.7594991387705653, 0.9101000663100886, 0.9060115002059819, 0.8279238173501835, 0.8419872734873436, 0.9370981242065141, 1.0, 0.9936729145722687]
