training_data_sizes: [0.1, 0.2, 0.3]
times: [22.0, 57.0, 83.0]
scores: [0.47646156063907397, 0.5216457726621002, 0.6216061388236708]
