training_data_sizes: [0.1, 0.2, 0.3, 0.4, 0.5, 0.6, 0.7, 0.8, 0.9]
times: [131.0, 276.0, 412.0, 556.0, 690.0, 836.0, 971.9999999999999, 1118.0, 1258.0]
scores: [0.7618114753084158, 0.8739433071469449, 0.8524087848910853, 0.8783783597831428, 0.8287338687040493, 0.9047463076221697, 1.0, 0.9450882231373667, 0.933972678118161]
