training_data_sizes: [0.1, 0.2, 0.3, 0.4, 0.5, 0.6, 0.7, 0.8, 0.9, 1.0]
times: [101.32, 204.67, 304.58, 408.92, 505.97, 606.21, 708.1, 801.9, 903.02, 1001.26]
scores: [0.8224991726839395, 0.9130697297249082, 0.934548193162483, 0.9574800635651404, 0.9396549377338737, 0.976504836630807, 0.971173712792162, 1.0, 1.0, 1.0]
