training_data_sizes: [0.1, 0.2, 0.3, 0.4]
times: [332.94, 650.11, 976.14, 1306.56]
scores: [0.8690058834941269, 0.9691174723099951, 0.9571795126600179, 0.912295504578798]
