training_data_sizes: [0.1, 0.2, 0.3, 0.4, 0.5, 0.6, 0.7, 0.8]
times: [95.0, 198.0, 298.0, 396.0, 497.0, 599.0, 698.0, 795.0]
scores: [0.8462131218968418, 0.7433928227247208, 0.8555220123761426, 0.7235958011894503, 0.741019732214468, 0.6675314029995736, 0.7706488393565072, 0.6632785744919742]
