training_data_sizes: [0.1, 0.2, 0.3, 0.4, 0.5, 0.6]
times: [120.63, 236.28, 357.08, 471.33, 583.5, 703.27]
scores: [0.7933669761624002, 0.6674453006394009, 0.6737972081831562, 0.7396597458900606, 0.5779224225849382, 0.6709459913378026]
