training_data_sizes: [0.1, 0.2, 0.3, 0.4]
times: [37.0, 74.0, 115.0, 156.0]
scores: [0.6325465813265873, 0.6054260245078165, 0.6595890573356422, 0.5926266546367888]
