training_data_sizes: [0.1, 0.2, 0.3, 0.4]
times: [305.49, 602.34, 900.57, 1203.16]
scores: [0.8138139128034796, 0.8566196089905778, 0.9249383921512897, 0.8462234716753598]
