training_data_sizes: [0.1, 0.2, 0.3, 0.4, 0.5]
times: [226.38, 449.43, 669.52, 888.5, 1102.21]
scores: [0.5886983491963453, 0.6677489137973114, 0.801432036106704, 0.8848061676281372, 0.8764218453848884]
