training_data_sizes: [0.1, 0.2, 0.3, 0.4, 0.5, 0.6, 0.7]
times: [148.23, 288.34, 430.91, 574.45, 718.36, 860.95, 1009.83]
scores: [0.7848688881127905, 0.7646798410254524, 0.8495820071660531, 0.811194464880258, 0.9161614254557966, 0.8633605731100387, 1.0]
