training_data_sizes: [0.1, 0.2, 0.3, 0.4, 0.5, 0.6, 0.7, 0.8, 0.9]
times: [64.0, 136.0, 201.0, 275.0, 345.0, 414.0, 488.99999999999994, 552.0, 625.0]
scores: [0.5548200575792279, 0.681565866417421, 0.6602559121312682, 0.7267851103440583, 0.7535619619498333, 0.9031029157364641, 0.9482887154708814, 1.0, 0.9939306924809932]
