training_data_sizes: [0.1, 0.2, 0.3, 0.4, 0.5]
times: [113.0, 238.0, 352.0, 474.0, 593.0]
scores: [0.45421078041985, 0.48574719831340174, 0.6131956313670459, 0.6567392913522501, 0.6148008419598271]
