training_data_sizes: [0.1, 0.2, 0.3, 0.4, 0.5, 0.6]
times: [74.0, 158.0, 233.0, 311.0, 391.0, 479.0]
scores: [0.7826505634462626, 0.9244111341209925, 0.9752894612193781, 0.9783735686172212, 1.0, 1.0]
