training_data_sizes: [0.1, 0.2, 0.3, 0.4, 0.5, 0.6, 0.7]
times: [76.0, 153.0, 232.0, 313.0, 399.0, 476.0, 554.0]
scores: [0.811548567123477, 0.893959582482812, 0.807052545758794, 0.7412908650338121, 0.7610486809577602, 0.7828032645162732, 0.764962763594498]
