training_data_sizes: [0.1, 0.2, 0.3]
times: [337.28, 670.59, 1000.24]
scores: [0.7091902715021572, 0.7710165724072577, 0.7532012489357154]
