training_data_sizes: [0.1, 0.2, 0.3, 0.4, 0.5, 0.6, 0.7, 0.8, 0.9]
times: [124.0, 255.0, 383.0, 518.0, 649.0, 772.0, 903.9999999999999, 1030.0, 1169.0]
scores: [0.9145212812304185, 0.8672995293420664, 0.8927786103458842, 0.9215293187704009, 1.0, 1.0, 1.0, 1.0, 1.0]
