training_data_sizes: [0.1, 0.2, 0.3, 0.4, 0.5, 0.6, 0.7, 0.8, 0.9, 1.0]
times: [109.97, 202.44, 304.16, 403.68, 505.09, 609.44, 707.22, 807.43, 901.47, 1002.49]
scores: [0.9315575144380512, 0.889995166376735, 0.8820982302222082, 0.9839177636678503, 0.905831166611974, 0.9515632600694484, 0.9371108061834268, 1.0, 1.0, 1.0]
