training_data_sizes: [0.1, 0.2]
times: [657.44, 1305.2]
scores: [0.8897424028025546, 0.8970798020621052]
