training_data_sizes: [0.1, 0.2, 0.3, 0.4, 0.5, 0.6, 0.7, 0.8, 0.9]
times: [80.86, 157.8, 235.1, 313.56, 391.81, 466.88, 547.44, 629.36, 708.12]
scores: [0.8661971455801487, 0.9229033100153475, 0.8181205342730249, 0.7340857559016984, 0.7402823971156919, 0.8261884674241439, 0.7474531500281221, 0.7889977739921296, 0.7556174668687137]
