training_data_sizes: [0.1, 0.2, 0.3, 0.4, 0.5, 0.6, 0.7, 0.8]
times: [128.52, 254.1, 378.5, 508.24, 632.66, 750.13, 876.67, 1000.58]
scores: [0.49968162009428363, 0.4368599410466237, 0.5670135228200098, 0.536201341447038, 0.6355083813997672, 0.6640030414313229, 0.5520894350158717, 0.5988391781798178]
