training_data_sizes: [0.1, 0.2, 0.3, 0.4, 0.5, 0.6, 0.7, 0.8]
times: [79.0, 153.0, 236.0, 318.0, 392.0, 478.0, 553.0, 634.0]
scores: [0.9197905952749974, 0.9805025832468639, 0.9662331687199281, 1.0, 1.0, 1.0, 1.0, 1.0]
