training_data_sizes: [0.1, 0.2, 0.3]
times: [231.35, 616.58, 1144.53]
scores: [0.9729080369928885, 0.984339282302789, 0.988438939784588]
