training_data_sizes: [0.1, 0.2, 0.3]
times: [234.26, 475.55, 705.92]
scores: [0.8581203561860724, 0.7923392791406997, 0.9792592710374568]
