training_data_sizes: [0.1, 0.2, 0.3]
times: [243.32, 468.85, 702.33]
scores: [0.6558651999513793, 0.6622367626535984, 0.6131933773970009]
