training_data_sizes: [0.1, 0.2, 0.3, 0.4, 0.5, 0.6, 0.7, 0.8, 0.9, 1.0]
times: [84.49, 167.36, 245.05, 327.11, 405.29, 489.52, 564.82, 646.59, 720.95, 804.5]
scores: [0.5429347405304826, 0.5891563215431844, 0.5446645621129116, 0.5877339839560086, 0.4629842884036604, 0.5016285896124245, 0.6514101494275334, 0.5860330373732219, 0.7624506019320068, 0.8883454155940805]
