training_data_sizes: [0.1, 0.2, 0.3, 0.4, 0.5]
times: [47.0, 97.0, 149.0, 193.0, 249.0]
scores: [0.6776253705120316, 0.8171365519772862, 0.7776715434609165, 0.7919080358016971, 0.6079938136040748]
