training_data_sizes: [0.1, 0.2, 0.3, 0.4, 0.5, 0.6, 0.7]
times: [75.0, 157.0, 236.0, 311.0, 390.0, 470.0, 551.0]
scores: [0.839703140358338, 0.8187170298040515, 0.8781608734330034, 0.8684752936370346, 0.898816348751535, 0.875991319287114, 0.9567067142337974]
