training_data_sizes: [0.1, 0.2, 0.3, 0.4, 0.5, 0.6, 0.7, 0.8, 0.9, 1.0]
times: [59.0, 115.0, 176.0, 237.0, 299.0, 359.0, 415.0, 474.0, 538.0, 599.0]
scores: [1.0, 1.0, 0.9648405769749344, 1.0, 0.9711146408267849, 1.0, 1.0, 1.0, 1.0, 1.0]
