training_data_sizes: [0.1, 0.2]
times: [126.0, 250.0]
scores: [0.963883896709034, 0.8584687812112994]
