training_data_sizes: [0.1, 0.2, 0.3, 0.4, 0.5, 0.6, 0.7]
times: [162.89, 319.61, 474.3, 631.71, 791.2, 950.33, 1100.98]
scores: [0.7901318204263137, 0.8581620169580536, 0.7497784718792853, 0.7453613420905691, 0.8795317958928808, 0.8004299005555755, 0.767079520952063]
