training_data_sizes: [0.1, 0.2, 0.3, 0.4, 0.5, 0.6, 0.7]
times: [40.0, 95.0, 147.0, 193.0, 242.0, 297.0, 341.0]
scores: [0.8479593925624698, 0.9333667103451497, 0.8982738241709709, 0.9753648173634715, 1.0, 1.0, 1.0]
