training_data_sizes: [0.1, 0.2, 0.3, 0.4]
times: [95.0, 195.0, 299.0, 399.0]
scores: [0.6884754643422848, 0.6733646807845663, 0.8491547476401177, 0.9014268751130783]
