training_data_sizes: [0.1, 0.2, 0.3, 0.4, 0.5, 0.6, 0.7, 0.8]
times: [151.48, 300.44, 452.78, 606.49, 758.72, 903.43, 1051.65, 1200.51]
scores: [0.675505396147593, 0.874244185048618, 0.7392192077070877, 0.8734152390276729, 0.9296686677510069, 0.964785747393057, 0.8567672610161943, 0.9959317550700333]
