training_data_sizes: [0.1, 0.2, 0.3, 0.4, 0.5]
times: [281.42, 566.82, 841.33, 1127.36, 1401.83]
scores: [0.8251239646533937, 0.8346954992502656, 0.7694398381279263, 0.9679005416968895, 0.838866191246108]
